cex1=-4.0
cey1=0.0
cez1=0.0
oriw1=-0.5511427730029828
orii1=-0.1329995270346739
orij1=0.6263686204331524
orik1=-0.5349907671276254
lvx1=-0.14900389025731045
lvy1=0.3174226128610608
lvz1=-0.6301515920583627
avx1=4.401602377813817
avy1=4.019081404689183
avz1=-1.9877874067572738
shx1=1.0
shy1=0.8
shz1=0.6
req1=1.0
rhos1=1.0
cex2=4.0
cey2=0.0
cez2=0.0
oriw2=-0.5642307627704453
orii2=0.2505745142157836
orij2=0.7849735972014641
orik2=0.05169633319297786
lvx2=-0.1468342589620311
lvy2=0.31280065276657315
lvz2=-0.6209760154171154
avx2=-4.919455091267747
avy2=3.171378406115269
avz2=2.284674640858747
shx2=1.0
shy2=0.8
shz2=0.6
req2=1.0
rhos2=1.0
rhof=1.0
ndiv=2
tend=100.0
dt=0.05
tprint=1
logevery=100
nbody=2
impulse_scheme=1
energy_projection=0
impulse_pair_metric_correction=0
