cex1=-4.0
cey1=0.0
cez1=0.0
oriw1=0.651626813054441
orii1=0.5782824684531072
orij1=0.40947106858826665
orik1=-0.27074956542435424
lvx1=3.1668115628283164
lvy1=1.46083141974771
lvz1=4.406704155069204
avx1=4.147363603034339
avy1=-4.571957281540679
avz1=1.1726036689140202
shx1=1.00020001
shy1=0.9999000099990001
shz1=0.9999000099990001
req1=1.0
rhos1=1.0
cex2=4.0
cey2=0.0
cez2=0.0
oriw2=0.655175841927792
orii2=0.5297309641249395
orij2=0.24275801134494848
orik2=0.4808308119591724
lvx2=3.1669831583389407
lvy2=1.4609105757405545
lvz2=4.406942934874904
avx2=1.7147352409897336
avy2=-2.1181599074237014
avz2=-5.6614043544202115
shx2=1.00020001
shy2=0.9999000099990001
shz2=0.9999000099990001
req2=1.0
rhos2=1.0
rhof=1.0
ndiv=2
tend=100.0
dt=0.05
tprint=1
logevery=100
nbody=2
impulse_scheme=1
energy_projection=0
impulse_pair_metric_correction=0
