cex1=-4.0
cey1=0.0
cez1=0.0
oriw1=-0.5921367859782981
orii1=0.7106164798336744
orij1=-0.3796171741265466
orik1=-0.01700136430594712
lvx1=4.608909893014657
lvy1=-3.133528407923508
lvz1=-0.7262760307447643
avx1=2.2649448767534817
avy1=0.2961034155463406
avz1=5.85326960569282
shx1=1.0006000899999998
shy1=0.9997000899730081
shz1=0.9997000899730081
req1=1.0
rhos1=1.0
cex2=4.0
cey2=0.0
cez2=0.0
oriw2=0.5514282893517752
orii2=0.31855997196155855
orij2=0.23052463241970025
orik2=-0.7357341774134106
lvx2=4.608486736198147
lvy2=-3.1332407099783715
lvz2=-0.7262093493254675
avx2=-3.631059345049846
avy2=-3.962828241610334
avz2=-3.2542000498708084
shx2=1.0006000899999998
shy2=0.9997000899730081
shz2=0.9997000899730081
req2=1.0
rhos2=1.0
rhof=1.0
ndiv=2
tend=100.0
dt=0.05
tprint=1
logevery=100
nbody=2
impulse_scheme=1
energy_projection=0
impulse_pair_metric_correction=0
