cex1=-4.0
cey1=0.0
cez1=0.0
oriw1=-0.3857390456746023
orii1=0.560461606949246
orij1=-0.679217594654479
orik1=-0.2752301489475666
lvx1=-1.8187295224702846
lvy1=0.7320960792783624
lvz1=-0.2710418269084596
avx1=-4.190383490478593
avy1=-4.4231455696661515
avz1=-1.5345641324573491
shx1=1.0
shy1=0.8
shz1=0.6
req1=1.0
rhos1=0.1
cex2=4.0
cey2=0.0
cez2=0.0
oriw2=-0.2354652594540251
orii2=0.8319804001529251
orij2=0.31481310537951873
orik2=-0.3914810774902557
lvx2=-1.8430138683321136
lvy2=0.7418712955343438
lvz2=-0.27466087712254916
avx2=-4.89314491455346
avy2=-0.6016374553605807
avz2=-3.8953283329963724
shx2=1.0
shy2=0.8
shz2=0.6
req2=1.0
rhos2=0.1
rhof=1.0
ndiv=2
tend=100.0
dt=0.05
tprint=1
logevery=100
nbody=2
impulse_scheme=1
energy_projection=0
impulse_pair_metric_correction=0
