cex1=-1.5
cey1=0.0
cez1=0.0
oriw1=-0.21838670341812505
orii1=0.578749570491355
orij1=0.7845354563560979
orik1=-0.0431311969039271
lvx1=-0.9946037602614121
lvy1=-0.892594033395375
lvz1=-2.728394389097067
avx1=-5.62650627913746
avy1=2.7025763321614646
avz1=-0.7189755656660799
shx1=1.0
shy1=0.8
shz1=0.6
req1=1.0
rhos1=4.0
cex2=1.5
cey2=0.0
cez2=0.0
oriw2=0.22278543108910537
orii2=-0.33781124476384244
orij2=0.9123110754239487
orik2=-0.06275919266802953
lvx2=-1.1277505830598942
lvy2=-1.0120848943229872
lvz2=-3.093642399172959
avx2=-1.2390428959820166
avy2=-5.732238517914285
avz2=2.254912832021177
shx2=1.0
shy2=0.8
shz2=0.6
req2=1.0
rhos2=4.0
rhof=1.0
ndiv=2
tend=100.0
dt=0.05
tprint=1
logevery=100
nbody=2
impulse_scheme=1
energy_projection=0
impulse_pair_metric_correction=0
