cex1=-1.5
cey1=0.0
cez1=0.0
oriw1=-0.1604739283379036
orii1=-0.12960058671177274
orij1=-0.5865918709158109
orik1=-0.7831741717033666
lvx1=-3.9624920124581733
lvy1=0.30508916451686185
lvz1=4.398077732047909
avx1=2.85189681237984
avy1=1.037908436830231
avz1=-5.501622329154535
shx1=1.0
shy1=0.8
shz1=0.6
req1=1.0
rhos1=0.3
cex2=1.5
cey2=0.0
cez2=0.0
oriw2=-0.7061219268736323
orii2=-0.16429531368844055
orij2=-0.4323660831016091
orik2=-0.5361515126078242
lvx2=-3.592840460723327
lvy2=0.2766281145698656
lvz2=3.9877914139454207
avx2=3.8887025220236655
avy2=-4.768059575529678
avz2=-1.2735847768264084
shx2=1.0
shy2=0.8
shz2=0.6
req2=1.0
rhos2=0.3
rhof=1.0
ndiv=2
tend=100.0
dt=0.05
tprint=1
logevery=100
nbody=2
impulse_scheme=1
energy_projection=0
impulse_pair_metric_correction=0
