cex1=-2.5
cey1=0.0
cez1=0.0
oriw1=-0.08274649199649316
orii1=-0.08988621145881721
orij1=-0.8893194700471684
orik1=0.44066355334526897
lvx1=0.7411170160101587
lvy1=0.0996998476560846
lvz1=-0.04517910276183088
avx1=2.427150811198327
avy1=5.783197894218046
avz1=-0.37680055781367855
shx1=1.0
shy1=0.8
shz1=0.6
req1=1.0
rhos1=0.03
cex2=2.5
cey2=0.0
cez2=0.0
oriw2=0.1968334308821434
orii2=-0.465587371463657
orij2=0.862334363820081
orik2=-0.02940144547030437
lvx2=0.7697574538017097
lvy2=0.10355274432818322
lvz2=-0.04692504740238758
avx2=-2.088156499175091
avy2=4.73525964266022
avz2=3.563051523049262
shx2=1.0
shy2=0.8
shz2=0.6
req2=1.0
rhos2=0.03
rhof=1.0
ndiv=2
tend=100.0
dt=0.05
tprint=1
logevery=100
nbody=2
impulse_scheme=1
energy_projection=0
impulse_pair_metric_correction=0
