cex1=-1.5
cey1=0.0
cez1=0.0
oriw1=1.0
orii1=2.0
orij1=0.0
orik1=0.0
lvx1=3.404941031066041
lvy1=0.4151652831855792
lvz1=1.0184050298784484
avx1=3.0267212208236844
avy1=0.22805297093230653
avz1=5.50139692243906
shx1=1.0
shy1=0.8
shz1=0.6
req1=1.0
rhos1=0.1
cex2=1.5
cey2=0.0
cez2=0.0
oriw2=1.0
orii2=0.0
orij2=1.0
orik2=0.0
lvx2=2.903444449779723
lvy2=0.3540176837743941
lvz2=0.8684092924518503
avx2=5.500339546310378
avy2=3.0347305241657296
avz2=-0.12285408152919601
shx2=1.0
shy2=0.8
shz2=0.6
req2=1.0
rhos2=0.1
rhof=1.0
ndiv=2
tend=100.0
dt=0.05
tprint=1
logevery=100
nbody=2
impulse_scheme=1
energy_projection=0
impulse_pair_metric_correction=0
