cex1=-4.0
cey1=0.0
cez1=0.0
oriw1=-0.2942948537952746
orii1=0.2107961751268285
orij1=-0.5871268544995532
orik1=-0.7240425183005331
lvx1=-0.057126540018732644
lvy1=-0.5900489403952202
lvz1=-0.2963788793344046
avx1=5.919478510482563
avy1=-1.9204999038851147
avz1=-0.8659514348217462
shx1=1.0
shy1=0.7
shz1=0.7
req1=1.0
rhos1=4.0
cex2=4.0
cey2=0.0
cez2=0.0
oriw2=-0.26814221584482967
orii2=0.8373333053253038
orij2=0.45711876303609533
orik2=-0.13422043195868671
lvx2=-0.06846449909459693
lvy2=-0.7071565183574835
lvz2=-0.35520147919328093
avx2=-0.05736704391513379
avy2=-6.100723834629955
avz2=1.502096974302212
shx2=1.0
shy2=0.7
shz2=0.7
req2=1.0
rhos2=4.0
rhof=1.0
ndiv=2
tend=100.0
dt=0.05
tprint=1
logevery=100
nbody=2
impulse_scheme=1
energy_projection=0
impulse_pair_metric_correction=0
