cex1=-4.0
cey1=0.0
cez1=0.0
oriw1=-0.05544897578818529
orii1=0.4575268162838259
orij1=-0.6728760652485327
orik1=-0.5786470636587381
lvx1=-0.8822627320627626
lvy1=-3.3258863718226106
lvz1=4.603153188784505
avx1=5.532533723423215
avy1=0.21995561228711555
avz1=-2.9700349715391727
shx1=2.0
shy1=1.0
shz1=0.5
req1=1.0
rhos1=1.0
cex2=4.0
cey2=0.0
cez2=0.0
oriw2=-0.615336279531597
orii2=-0.7125861411476216
orij2=0.12749008124050487
orik2=-0.3119752133132434
lvx2=-0.8627313186155593
lvy2=-3.252258347600609
lvz2=4.501249203924169
avx2=3.834967403338654
avy2=4.672135097242805
avz2=1.7153997355716817
shx2=1.0
shy2=1.0
shz2=1.0
req2=1.0
rhos2=1.0
rhof=1.0
ndiv=2
tend=100.0
dt=0.05
tprint=1
logevery=100
nbody=2
impulse_scheme=1
energy_projection=0
impulse_pair_metric_correction=0
