cex1=-4.0
cey1=0.0
cez1=0.0
oriw1=0.07747054692676399
orii1=0.13576353730115126
orij1=0.21187523377300482
orik1=0.9647152230642894
lvx1=-0.7464164308866381
lvy1=0.19370916768140337
lvz1=-0.26302799232198476
avx1=-0.46812199729756454
avy1=3.565271151863812
avz1=5.152486876615142
shx1=1.0
shy1=0.8
shz1=0.6
req1=1.0
rhos1=0.3
cex2=4.0
cey2=0.0
cez2=0.0
oriw2=-0.5615644181150229
orii2=0.5872059231404395
orij2=0.5000518246806789
orik2=0.29963774923971703
lvx2=-0.7143622059239227
lvy2=0.1853904906249184
lvz2=-0.25173247672439103
avx2=-0.4734541234066915
avy2=5.569817789037943
avz2=2.869039664121623
shx2=1.0
shy2=0.8
shz2=0.6
req2=1.0
rhos2=0.3
rhof=1.0
ndiv=2
tend=100.0
dt=0.05
tprint=1
logevery=100
nbody=2
impulse_scheme=1
energy_projection=0
impulse_pair_metric_correction=0
