cex1=-1.5
cey1=0.0
cez1=0.0
oriw1=0.7928011230114965
orii1=0.2944044504425074
orij1=0.5321734403381162
orik1=0.039797340489643035
lvx1=-0.26205968344195796
lvy1=0.55830810532077
lvz1=-0.2749577613047102
avx1=-5.765453256539682
avy1=-2.3449370450963913
avz1=-0.8597886981974178
shx1=1.0
shy1=0.8
shz1=0.6
req1=1.0
rhos1=10.0
cex2=1.5
cey2=0.0
cez2=0.0
oriw2=0.0678394671804565
orii2=0.46689663689156247
orij2=-0.1904840626163454
orik2=0.8608839405176475
lvx2=-0.30617634914515546
lvy2=0.6522969696829499
lvz2=-0.321245765161916
avx2=1.2444476611994393
avy2=-4.824125025572737
avz2=-3.8285226080742314
shx2=1.0
shy2=0.8
shz2=0.6
req2=1.0
rhos2=10.0
rhof=1.0
ndiv=2
tend=100.0
dt=0.05
tprint=1
logevery=100
nbody=2
impulse_scheme=1
energy_projection=0
impulse_pair_metric_correction=0
