cex1=-4.0
cey1=0.0
cez1=0.0
oriw1=0.04282355505726403
orii1=-0.14606672029655388
orij1=0.982555147155203
orik1=-0.10684586633502961
lvx1=-3.764111012907582
lvy1=2.7808248252705474
lvz1=3.110884613990088
avx1=4.546835315471698
avy1=-3.6333801849981837
avz1=2.367119483591688
shx1=1.0003
shy1=1.0
shz1=0.9997000899730081
req1=1.0
rhos1=1.0
cex2=4.0
cey2=0.0
cez2=0.0
oriw2=0.35577876792176105
orii2=0.883414609133031
orij2=0.15237082015673553
orik2=-0.264165156353315
lvx2=-5.723459516825158
lvy2=4.228339242982137
lvz2=4.730206438819418
avx2=1.3993043642165208
avy2=-3.166523648426798
avz2=5.243423775034388
shx2=2.0
shy2=1.0
shz2=0.5
req2=1.0
rhos2=1.0
rhof=1.0
ndiv=2
tend=100.0
dt=0.05
tprint=1
logevery=100
nbody=2
impulse_scheme=1
energy_projection=0
impulse_pair_metric_correction=0
