cex1=-4.0
cey1=0.0
cez1=0.0
oriw1=0.27187492622938897
orii1=-0.40508230280810475
orij1=-0.6164779081228582
orik1=0.6180188842065523
lvx1=1.6958743812828208
lvy1=3.1101464633597184
lvz1=-5.77520109009002
avx1=-3.7193392909618685
avy1=0.33131622942417893
avz1=5.053232866115002
shx1=1.3
shy1=1.3
shz1=0.5917159763313609
req1=1.0
rhos1=1.0
cex2=4.0
cey2=0.0
cez2=0.0
oriw2=0.06410562332512469
orii2=-0.568628051025181
orij2=0.8110870540898357
orik2=0.12120395758090262
lvx2=2.7615083330526535
lvy2=5.064464367393357
lvz2=-9.404155231871899
avx2=0.7282490471750228
avy2=-1.5497623154194817
avz2=-6.045354224142019
shx2=2.0
shy2=2.0
shz2=0.25
req2=1.0
rhos2=1.0
rhof=1.0
ndiv=2
tend=100.0
dt=0.05
tprint=1
logevery=100
nbody=2
impulse_scheme=1
energy_projection=0
impulse_pair_metric_correction=0
