cex1=-2.5
cey1=0.0
cez1=0.0
oriw1=0.278361804255652
orii1=-0.14974096569754722
orij1=-0.6000402156203416
orik1=0.7348769208253842
lvx1=3.1777019620301763
lvy1=0.9024146898763807
lvz1=1.0869371175352778
avx1=1.27266462843471
avy1=5.3796880641277065
avz1=2.9862516103922774
shx1=1.0
shy1=0.8
shz1=0.6
req1=1.0
rhos1=0.1
cex2=2.5
cey2=0.0
cez2=0.0
oriw2=-0.5328225101746721
orii2=0.2739036230034908
orij2=0.4868871039257177
orik2=0.6356240445322615
lvx2=3.1165977173624726
lvy2=0.8850620971345783
lvz2=1.06603633062641
avx2=-1.7648799817088265
avy2=-5.75217272311983
avz2=1.8100069662620348
shx2=1.0
shy2=0.8
shz2=0.6
req2=1.0
rhos2=0.1
rhof=1.0
ndiv=2
tend=100.0
dt=0.05
tprint=1
logevery=100
nbody=2
impulse_scheme=1
energy_projection=0
impulse_pair_metric_correction=0
