cex1=-5.5
cey1=0.0
cez1=0.0
oriw1=0.23048942487664845
orii1=0.15312553946537277
orij1=0.14661581574893695
orik1=0.9497004773905002
lvx1=-0.447508175819669
lvy1=0.2760365127457094
lvz1=-0.45122945816018095
avx1=5.455216227075585
avy1=-2.3550446361449824
avz1=2.042742833049084
shx1=1.0
shy1=0.8
shz1=0.6
req1=1.0
rhos1=1.0
cex2=5.5
cey2=0.0
cez2=0.0
oriw2=0.1452888594051806
orii2=0.5342620657166287
orij2=0.8326608483217434
orik2=0.011450071661659268
lvx2=-0.5333359359172613
lvy2=0.32897765857108
lvz2=-0.5377709243870341
avx2=-1.0453010792399033
avy2=-2.1895829402355846
avz2=-5.795816578009229
shx2=1.0
shy2=0.8
shz2=0.6
req2=1.0
rhos2=1.0
rhof=1.0
ndiv=2
tend=100.0
dt=0.05
tprint=1
logevery=100
nbody=2
impulse_scheme=1
energy_projection=0
impulse_pair_metric_correction=0
