cex1=-4.0
cey1=0.0
cez1=0.0
oriw1=-0.8044030135615193
orii1=-0.38353555486623997
orij1=-0.14934532249492982
orik1=-0.4284066346072117
lvx1=-1.7774963721842214
lvy1=-5.291994827141621
lvz1=-3.4972467964977905
avx1=1.6591082564117285
avy1=3.9833889049269953
avz1=-4.567098666546233
shx1=1.3
shy1=1.3
shz1=0.5917159763313609
req1=1.0
rhos1=1.0
cex2=4.0
cey2=0.0
cez2=0.0
oriw2=-0.21593874181002443
orii2=0.42317511163813465
orij2=-0.8034215434956005
orik2=-0.35889707176668745
lvx2=-1.5163922215053869
lvy2=-4.514630756890573
lvz2=-2.9835210478529484
avx2=0.0925073053759518
avy2=2.607248383928225
avz2=-5.715952752368862
shx2=1.0
shy2=1.0
shz2=1.0
req2=1.0
rhos2=1.0
rhof=1.0
ndiv=2
tend=100.0
dt=0.05
tprint=1
logevery=100
nbody=2
impulse_scheme=1
energy_projection=0
impulse_pair_metric_correction=0
