cex1=-5.5
cey1=0.0
cez1=0.0
oriw1=0.43710931288042065
orii1=0.7678095857265049
orij1=-0.021791368315264976
orik1=-0.467898519902177
lvx1=0.22630338506441708
lvy1=-0.712871713570746
lvz1=-0.09693067608577326
avx1=2.051425711200052
avy1=5.899914867419745
avz1=-0.6790248250132396
shx1=1.0
shy1=0.8
shz1=0.6
req1=1.0
rhos1=0.03
cex2=5.5
cey2=0.0
cez2=0.0
oriw2=0.3502012932427051
orii2=0.31459914001837724
orij2=-0.3505332651266923
orik2=0.8096374900845775
lvx2=0.2065981803111383
lvy2=-0.6507989210018956
lvz2=-0.08849050706841538
avx2=-5.574461149209339
avy2=-2.1249632106333936
avz2=1.9718853551278648
shx2=1.0
shy2=0.8
shz2=0.6
req2=1.0
rhos2=0.03
rhof=1.0
ndiv=2
tend=100.0
dt=0.05
tprint=1
logevery=100
nbody=2
impulse_scheme=1
energy_projection=0
impulse_pair_metric_correction=0
