cex1=-4.0
cey1=0.0
cez1=0.0
oriw1=0.8730055517897239
orii1=-0.44074171857755223
orij1=0.18108886393037044
orik1=-0.10399455471337578
lvx1=4.726339636493244
lvy1=2.7416790165591864
lvz1=-3.3648270596701857
avx1=0.9233143471304401
avy1=2.3826143330801504
avz1=-5.740126928957369
shx1=1.3
shy1=1.0
shz1=0.7692307692307692
req1=1.0
rhos1=1.0
cex2=4.0
cey2=0.0
cez2=0.0
oriw2=-0.2943740724425411
orii2=0.20112927815561127
orij2=-0.24559077236552745
orik2=-0.9014300258317891
lvx2=4.275305624102032
lvy2=2.4800409239474197
lvz2=-3.04372202565879
avx2=4.3622406155426505
avy2=-1.6149472807195395
avz2=-4.223886799733637
shx2=1.3
shy2=1.0
shz2=0.7692307692307692
req2=1.0
rhos2=1.0
rhof=1.0
ndiv=2
tend=100.0
dt=0.05
tprint=1
logevery=100
nbody=2
impulse_scheme=1
energy_projection=0
impulse_pair_metric_correction=0
