cex1=-4.0
cey1=0.0
cez1=0.0
oriw1=0.06127309206361646
orii1=0.9042247799013298
orij1=0.3934310205782743
orik1=0.15438648790646411
lvx1=-2.150130366421719
lvy1=-1.183516307835119
lvz1=-5.949344324203159
avx1=0.3993943587055431
avy1=-2.4623907228378488
avz1=5.76676110816754
shx1=1.3
shy1=1.0
shz1=0.7692307692307692
req1=1.0
rhos1=1.0
cex2=4.0
cey2=0.0
cez2=0.0
oriw2=-0.3023499185336428
orii2=0.5497967103069978
orij2=0.7600976153902284
orik2=0.16899621053855393
lvx2=-2.8351881856905803
lvy2=-1.560599071548637
lvz2=-7.844878154368512
avx2=-0.5687147651696536
avy2=-4.638895599617678
avz2=-4.199479579195879
shx2=2.0
shy2=1.0
shz2=0.5
req2=1.0
rhos2=1.0
rhof=1.0
ndiv=2
tend=100.0
dt=0.05
tprint=1
logevery=100
nbody=2
impulse_scheme=1
energy_projection=0
impulse_pair_metric_correction=0
