cex1=-4.0
cey1=0.0
cez1=0.0
oriw1=0.45629824240898526
orii1=0.55982790491022
orij1=0.6364001362400568
orik1=-0.27088650289732363
lvx1=-0.7700766103617648
lvy1=5.047852259837133
lvz1=-2.357885961462042
avx1=1.8773917501893833
avy1=3.378715406149255
avz1=4.953594656906028
shx1=1.003
shy1=1.0
shz1=0.9970089730807579
req1=1.0
rhos1=1.0
cex2=4.0
cey2=0.0
cez2=0.0
oriw2=0.30584528367365377
orii2=0.8171385273768479
orij2=0.25332150609848697
orik2=-0.4178175487924997
lvx2=-0.7694589744574967
lvy2=5.043803656421361
lvz2=-2.3559948313999506
avx2=4.423247437411062
avy2=4.176620399707111
avz2=-1.5713502946651738
shx2=1.0
shy2=1.0
shz2=1.0
req2=1.0
rhos2=1.0
rhof=1.0
ndiv=2
tend=100.0
dt=0.05
tprint=1
logevery=100
nbody=2
impulse_scheme=1
energy_projection=0
impulse_pair_metric_correction=0
