cex1=-4.0
cey1=0.0
cez1=0.0
oriw1=0.36276752807780216
orii1=0.2332945797879207
orij1=-0.141787308135614
orik1=0.8909936693745669
lvx1=-2.2111357777769864
lvy1=3.677474713329875
lvz1=-3.589311000349166
avx1=-3.2123003189815327
avy1=5.393805778811952
avz1=-0.25768873759511407
shx1=1.1
shy1=1.0
shz1=0.9090909090909091
req1=1.0
rhos1=1.0
cex2=4.0
cey2=0.0
cez2=0.0
oriw2=0.7914390783439789
orii2=0.4764226557261829
orij2=0.3216700389580715
orik2=-0.20778359997256085
lvx2=-2.2013260540732307
lvy2=3.6611595637909424
lvz2=-3.573386989913373
avx2=4.992634523928783
avy2=-0.895379732822548
avz2=3.708141481777964
shx2=1.1
shy2=1.0
shz2=0.9090909090909091
req2=1.0
rhos2=1.0
rhof=1.0
ndiv=2
tend=100.0
dt=0.05
tprint=1
logevery=100
nbody=2
impulse_scheme=1
energy_projection=0
impulse_pair_metric_correction=0
