cex1=-4.0
cey1=0.0
cez1=0.0
oriw1=0.3600954624015098
orii1=0.8088585802752877
orij1=0.2108521608942463
orik1=-0.41427095157531335
lvx1=-3.917202635312256
lvy1=3.495482379794624
lvz1=-2.005783956221013
avx1=4.168556743458717
avy1=0.7916886073509253
avz1=-4.6340890614999015
shx1=1.001
shy1=1.0
shz1=0.9990009990009991
req1=1.0
rhos1=1.0
cex2=4.0
cey2=0.0
cez2=0.0
oriw2=0.058476648692312845
orii2=-0.7006768414378718
orij2=-0.6188499165748155
orik2=-0.3502245368127527
lvx2=-3.9169974595609305
lvy2=3.49529929296193
lvz2=-2.0056788970069444
avx2=-4.341647038686316
avy2=-3.9632176179696583
avz2=2.2184284321200622
shx2=1.0
shy2=1.0
shz2=1.0
req2=1.0
rhos2=1.0
rhof=1.0
ndiv=2
tend=100.0
dt=0.05
tprint=1
logevery=100
nbody=2
impulse_scheme=1
energy_projection=0
impulse_pair_metric_correction=0
