cex1=-4.0
cey1=0.0
cez1=0.0
oriw1=0.10951100375254331
orii1=0.3642431280176436
orij1=0.912379823458761
orik1=0.15131867529949183
lvx1=0.39148269960557136
lvy1=-0.04821512012542388
lvz1=0.5829608959426867
avx1=-4.977250295104454
avy1=3.546634352017602
avz1=1.4583490245235338
shx1=1.0
shy1=0.7
shz1=0.7
req1=1.0
rhos1=1.0
cex2=4.0
cey2=0.0
cez2=0.0
oriw2=-0.21194771866496456
orii2=0.34925350558957713
orij2=0.7471488329519167
orik2=0.5242792908409574
lvx2=0.4403160922177097
lvy2=-0.054229454585921
lvz2=0.6556792008327248
avx2=-0.8772199921147434
avy2=-6.179871184475714
avz2=-0.7197880473294702
shx2=1.0
shy2=0.7
shz2=0.7
req2=1.0
rhos2=1.0
rhof=1.0
ndiv=2
tend=100.0
dt=0.05
tprint=1
logevery=100
nbody=2
impulse_scheme=1
energy_projection=0
impulse_pair_metric_correction=0
