cex1=-5.5
cey1=0.0
cez1=0.0
oriw1=0.6367224743658807
orii1=-0.08171599643654451
orij1=0.24109667449767516
orik1=0.727859450793857
lvx1=7.46108156413494
lvy1=-2.3112702666363263
lvz1=3.3392529348274347
avx1=-5.504838025889669
avy1=-1.9935825708964958
avz1=2.280527229851528
shx1=1.0
shy1=0.8
shz1=0.6
req1=1.0
rhos1=4.0
cex2=5.5
cey2=0.0
cez2=0.0
oriw2=0.33995385052593774
orii2=-0.3451763911696409
orij2=-0.2648568905568069
orik2=0.8337478431853788
lvx2=7.917878107311705
lvy2=-2.4527752561035103
lvz2=3.5436950367278306
avx2=-3.3001381238541954
avy2=-5.329863955266325
avz2=0.42433027961053105
shx2=1.0
shy2=0.8
shz2=0.6
req2=1.0
rhos2=4.0
rhof=1.0
ndiv=2
tend=100.0
dt=0.05
tprint=1
logevery=100
nbody=2
impulse_scheme=1
energy_projection=0
impulse_pair_metric_correction=0
