cex1=-4.0
cey1=0.0
cez1=0.0
oriw1=0.1746294392429282
orii1=0.3255265800049769
orij1=-0.1615056400636024
orik1=-0.9151245450142892
lvx1=-3.077067474191025
lvy1=-3.08107442799775
lvz1=3.555117405921619
avx1=-3.477521487432188
avy1=-4.559723488927838
avz1=-2.5679142534992496
shx1=1.1
shy1=1.0
shz1=0.9090909090909091
req1=1.0
rhos1=1.0
cex2=4.0
cey2=0.0
cez2=0.0
oriw2=-0.09550598341449301
orii2=0.009535846728995549
orij2=0.7467617648031
orik2=-0.6581295779611727
lvx2=-4.77300930360099
lvy2=-4.779224710951986
lvz2=5.514538955087044
avx2=-1.2770990794022812
avy2=1.2617654081899818
avz2=6.021244356480016
shx2=2.0
shy2=1.0
shz2=0.5
req2=1.0
rhos2=1.0
rhof=1.0
ndiv=2
tend=100.0
dt=0.05
tprint=1
logevery=100
nbody=2
impulse_scheme=1
energy_projection=0
impulse_pair_metric_correction=0
