cex1=-5.5
cey1=0.0
cez1=0.0
oriw1=0.3446758860954765
orii1=0.19024346239959913
orij1=-0.011407439234813353
orik1=-0.9191712728804216
lvx1=1.8523452579115371
lvy1=-8.158753183622323
lvz1=-4.08210935284553
avx1=-3.118815948614612
avy1=-2.6784384031691038
avz1=-4.7515652582547485
shx1=1.0
shy1=0.7
shz1=0.7
req1=1.0
rhos1=4.0
cex2=5.5
cey2=0.0
cez2=0.0
oriw2=0.9734104133635395
orii2=-0.04096429148356768
orij2=-0.21790266553197057
orik2=0.05755451618018048
lvx2=1.5879693443489844
lvy2=-6.994295414619009
lvz2=-3.4994904351187364
avx2=6.141869624237819
avy2=-0.7686272815203974
avz2=1.079382798327263
shx2=1.0
shy2=0.7
shz2=0.7
req2=1.0
rhos2=4.0
rhof=1.0
ndiv=2
tend=100.0
dt=0.05
tprint=1
logevery=100
nbody=2
impulse_scheme=1
energy_projection=0
impulse_pair_metric_correction=0
