cex1=-5.5
cey1=0.0
cez1=0.0
oriw1=0.0616890645616996
orii1=-0.8427591231054441
orij1=0.3663883307324245
orik1=0.3895011050551113
lvx1=0.18877212328485699
lvy1=0.17802304254691054
lvz1=-0.6117866358584647
avx1=-6.032212946724513
avy1=1.7396179409004482
avz1=-0.2540747713250526
shx1=1.0
shy1=0.8
shz1=0.6
req1=1.0
rhos1=0.1
cex2=5.5
cey2=0.0
cez2=0.0
oriw2=-0.9305481268516872
orii2=-0.22720163070332727
orij2=-0.17093738841838865
orik2=0.23073797229599216
lvx2=0.19917906141359593
lvy2=0.1878373877851631
lvz2=-0.6455142093824477
avx2=-4.89202277627325
avy2=-3.8812947137002713
avz2=0.6943213277608025
shx2=1.0
shy2=0.8
shz2=0.6
req2=1.0
rhos2=0.1
rhof=1.0
ndiv=2
tend=100.0
dt=0.05
tprint=1
logevery=100
nbody=2
impulse_scheme=1
energy_projection=0
impulse_pair_metric_correction=0
