cex1=-4.0
cey1=0.0
cez1=0.0
oriw1=0.058322663344843664
orii1=0.17822074344079347
orij1=-0.9756360305266963
orik1=-0.1138866519214879
lvx1=-4.6037327476153544
lvy1=3.141941729876631
lvz1=-0.6520278241057483
avx1=3.0156561500037946
avy1=5.489966121506058
avz1=-0.49447707127577406
shx1=1.003
shy1=1.003
shz1=0.9940268924035474
req1=1.0
rhos1=1.0
cex2=4.0
cey2=0.0
cez2=0.0
oriw2=-0.09007137094425594
orii2=-0.19015856535008807
orij2=-0.38569540510979144
orik2=-0.8983128200339859
lvx2=-4.610411794505626
lvy2=3.1465000257836238
lvz2=-0.6529737791925677
avx2=1.0318090706677177
avy2=-4.857771032525618
avz2=3.8491360383338282
shx2=1.0
shy2=1.0
shz2=1.0
req2=1.0
rhos2=1.0
rhof=1.0
ndiv=2
tend=100.0
dt=0.05
tprint=1
logevery=100
nbody=2
impulse_scheme=1
energy_projection=0
impulse_pair_metric_correction=0
