cex1=-4.0
cey1=0.0
cez1=0.0
oriw1=0.3943286123288341
orii1=-0.06859986744280402
orij1=-0.7802256520312922
orik1=0.480673418859407
lvx1=1.3954508234365457
lvy1=-1.2648102199226903
lvz1=-5.3074647982841086
avx1=0.6165986271069247
avy1=-4.562881294186678
avz1=4.275317301975211
shx1=1.01
shy1=1.01
shz1=0.9802960494069208
req1=1.0
rhos1=1.0
cex2=4.0
cey2=0.0
cez2=0.0
oriw2=0.6853081283622929
orii2=0.18371911492706394
orij2=-0.7044929730529758
orik2=-0.017020779358376408
lvx2=1.392511378243781
lvy2=-1.2621459624237727
lvz2=-5.296284897405436
avx2=-2.388356297470959
avy2=5.640084512506045
avz2=-1.401291722832077
shx2=1.0
shy2=1.0
shz2=1.0
req2=1.0
rhos2=1.0
rhof=1.0
ndiv=2
tend=100.0
dt=0.05
tprint=1
logevery=100
nbody=2
impulse_scheme=1
energy_projection=0
impulse_pair_metric_correction=0
