cex1=-2.5
cey1=0.0
cez1=0.0
oriw1=0.4991525574130891
orii1=0.5349853703175249
orij1=0.22535881229114166
orik1=0.6433123531356439
lvx1=0.7626341944152429
lvy1=0.8912065878494173
lvz1=0.2885716186724956
avx1=-3.774555778019159
avy1=4.791303011581865
avz1=1.5081650221995468
shx1=1.0
shy1=0.8
shz1=0.6
req1=1.0
rhos1=1.0
cex2=2.5
cey2=0.0
cez2=0.0
oriw2=0.4639698112481285
orii2=-0.02594941119738796
orij2=0.8581624644604645
orik2=0.21821051051685597
lvx2=0.8743113919751005
lvy2=1.021711428711188
lvz2=0.33082892880185116
avx2=0.30243647171293536
avy2=-0.29087314900274275
avz2=6.2691580452341835
shx2=1.0
shy2=0.8
shz2=0.6
req2=1.0
rhos2=1.0
rhof=1.0
ndiv=2
tend=100.0
dt=0.05
tprint=1
logevery=100
nbody=2
impulse_scheme=1
energy_projection=0
impulse_pair_metric_correction=0
