cex1=-4.0
cey1=0.0
cez1=0.0
oriw1=-0.18244553421074955
orii1=-0.8277387190162206
orij1=0.50781561673762
orik1=-0.15390107044894483
lvx1=-0.23738149530231686
lvy1=1.120270071839958
lvz1=-0.41666334857306697
avx1=-3.4215312041616404
avy1=5.06485850426472
avz1=-1.455592716072381
shx1=1.0
shy1=0.8
shz1=0.6
req1=1.0
rhos1=4.0
cex2=4.0
cey2=0.0
cez2=0.0
oriw2=-0.7133272529747781
orii2=-0.1263133121170094
orij2=0.42813348762479564
orik2=0.5402877882385617
lvx2=-0.24744745128196047
lvy2=1.167774150513369
lvz2=-0.43433159571139585
avx2=4.019252388143635
avy2=0.012200026399119416
avz2=-4.829480200199083
shx2=1.0
shy2=0.8
shz2=0.6
req2=1.0
rhos2=4.0
rhof=1.0
ndiv=2
tend=100.0
dt=0.05
tprint=1
logevery=100
nbody=2
impulse_scheme=1
energy_projection=0
impulse_pair_metric_correction=0
