cex1=-5.5
cey1=0.0
cez1=0.0
oriw1=-0.48236493306790085
orii1=-0.2993470314541027
orij1=-0.7819581785268579
orik1=0.2574040270488687
lvx1=6.001838755841873
lvy1=5.790149830820042
lvz1=-1.219410455052851
avx1=5.363702147594298
avy1=-1.4616035049191975
avz1=-2.927939902159481
shx1=1.0
shy1=0.7
shz1=0.7
req1=1.0
rhos1=1.0
cex2=5.5
cey2=0.0
cez2=0.0
oriw2=-0.14872079359600066
orii2=-0.4601219277369586
orij2=0.670956902513406
orik2=-0.562127007123316
lvx2=6.477437344948242
lvy2=6.248973735006421
lvz2=-1.3160391576150783
avx2=3.8086454057184156
avy2=-1.4008193297923002
avz2=-4.796909732644308
shx2=1.0
shy2=0.7
shz2=0.7
req2=1.0
rhos2=1.0
rhof=1.0
ndiv=2
tend=100.0
dt=0.05
tprint=1
logevery=100
nbody=2
impulse_scheme=1
energy_projection=0
impulse_pair_metric_correction=0
