cex1=-5.5
cey1=0.0
cez1=0.0
oriw1=0.211423260123074
orii1=0.590825467939867
orij1=-0.32503925290372987
orik1=-0.7075132193707431
lvx1=-0.053498475181396575
lvy1=3.536145244519411
lvz1=0.08991146429732734
avx1=0.9731333147204058
avy1=-1.5913418906999666
avz1=-5.999921678075653
shx1=1.0
shy1=0.7
shz1=0.7
req1=1.0
rhos1=0.03
cex2=5.5
cey2=0.0
cez2=0.0
oriw2=0.07393533839032398
orii2=0.9454942263177496
orij2=0.20866194654396103
orik2=-0.23881881375091374
lvx2=-0.053702014668259634
lvy2=3.549598809057508
lvz2=0.09025354009003232
avx2=-0.27368801703772117
avy2=-4.299955195655333
avz2=-4.573171524122412
shx2=1.0
shy2=0.7
shz2=0.7
req2=1.0
rhos2=0.03
rhof=1.0
ndiv=2
tend=100.0
dt=0.05
tprint=1
logevery=100
nbody=2
impulse_scheme=1
energy_projection=0
impulse_pair_metric_correction=0
