cex1=-4.0
cey1=0.0
cez1=0.0
oriw1=1.0
orii1=2.0
orij1=0.0
orik1=0.0
lvx1=-5.210796265132124
lvy1=-4.383815675843595
lvz1=2.846356767420513
avx1=-5.688427516474962
avy1=-1.5699074622467375
avz1=-2.1576840719043946
shx1=1.0
shy1=0.7
shz1=0.7
req1=1.0
rhos1=1.0
cex2=4.0
cey2=0.0
cez2=0.0
oriw2=1.0
orii2=0.0
orij2=1.0
orik2=0.0
lvx2=-5.6788126133644665
lvy2=-4.777555384621097
lvz2=3.102007042786016
avx2=-4.096669392791745
avy2=4.309985603504355
avz2=2.0297146568190203
shx2=1.0
shy2=0.7
shz2=0.7
req2=1.0
rhos2=1.0
rhof=1.0
ndiv=2
tend=100.0
dt=0.05
tprint=1
logevery=100
nbody=2
impulse_scheme=1
energy_projection=1
