cex1=-2.5
cey1=0.0
cez1=0.0
oriw1=0.5273781357949724
orii1=0.5032980496613902
orij1=0.38044044791562753
orik1=0.5690592593765759
lvx1=-0.1655060258356043
lvy1=-4.559871551495769
lvz1=-1.359770427050133
avx1=-6.274284700910395
avy1=-0.32584075989303346
avz1=0.07481240185636129
shx1=1.0
shy1=0.7
shz1=0.7
req1=1.0
rhos1=1.0
cex2=2.5
cey2=0.0
cez2=0.0
oriw2=0.25792326179214026
orii2=0.26039360874044787
orij2=0.2982247152430226
orik2=-0.8813244458040681
lvx2=-0.19515333902147547
lvy2=-5.376687370086087
lvz2=-1.6033479010913751
avx2=3.1162198965181824
avy2=2.6829581639865685
avz2=4.750718540515683
shx2=1.0
shy2=0.7
shz2=0.7
req2=1.0
rhos2=1.0
rhof=1.0
ndiv=2
tend=100.0
dt=0.05
tprint=1
logevery=100
nbody=2
impulse_scheme=1
energy_projection=0
impulse_pair_metric_correction=0
