cex1=-2.5
cey1=0.0
cez1=0.0
oriw1=0.650509357001691
orii1=0.004148840197749038
orij1=-0.7577165019479771
orik1=-0.05182727326400113
lvx1=1.4105866654618873
lvy1=0.8088927364143025
lvz1=-2.7129654944165793
avx1=-4.888581909248725
avy1=-3.476100513619227
avz1=-1.8700026043136064
shx1=1.0
shy1=0.7
shz1=0.7
req1=1.0
rhos1=4.0
cex2=2.5
cey2=0.0
cez2=0.0
oriw2=0.6142565143388173
orii2=-0.1637864725342898
orij2=0.6653344399860209
orik2=-0.3913987850972309
lvx2=1.4408838079371422
lvy2=0.8262664569253484
lvz2=-2.771235648337165
avx2=4.464084575032082
avy2=0.7604335329169161
avz2=4.355698262429752
shx2=1.0
shy2=0.7
shz2=0.7
req2=1.0
rhos2=4.0
rhof=1.0
ndiv=2
tend=100.0
dt=0.05
tprint=1
logevery=100
nbody=2
impulse_scheme=1
energy_projection=0
impulse_pair_metric_correction=0
