cex1=-2.5
cey1=0.0
cez1=0.0
oriw1=-0.29525039658932517
orii1=0.9172368937316362
orij1=-0.042129960493032755
orik1=0.26406202021540515
lvx1=1.9058693629813366
lvy1=-0.5385054006907256
lvz1=0.43148330821092057
avx1=4.398437660411396
avy1=-2.665143551711291
avz1=3.609594658767641
shx1=1.0
shy1=0.8
shz1=0.6
req1=1.0
rhos1=0.3
cex2=2.5
cey2=0.0
cez2=0.0
oriw2=0.10463603300188505
orii2=-0.594196248083116
orij2=-0.7619842148617008
orik2=0.23529168209516832
lvx2=1.7996518709115856
lvy2=-0.5084935361640249
lvz2=0.4074359753987544
avx2=4.943419359251358
avy2=3.86787454605456
avz2=0.2838470343680963
shx2=1.0
shy2=0.8
shz2=0.6
req2=1.0
rhos2=0.3
rhof=1.0
ndiv=2
tend=100.0
dt=0.05
tprint=1
logevery=100
nbody=2
impulse_scheme=1
energy_projection=0
impulse_pair_metric_correction=0
