cex1=-4.0
cey1=0.0
cez1=0.0
oriw1=0.07632315334868842
orii1=0.013241630678817744
orij1=-0.1296451755769315
orik1=0.9885300015323283
lvx1=-4.8357814357352025
lvy1=-2.2954877016050403
lvz1=-1.7076778389615037
avx1=-5.528826809570714
avy1=-1.017087924460961
avz1=2.806425460981504
shx1=1.0006000899999998
shy1=0.9997000899730081
shz1=0.9997000899730081
req1=1.0
rhos1=1.0
cex2=4.0
cey2=0.0
cez2=0.0
oriw2=0.928063253703158
orii2=0.10006176911761835
orij2=0.3095386983751501
orik2=-0.18130646346773738
lvx2=-7.763855955804093
lvy2=-3.685409711010196
lvz2=-2.741679899476318
avx2=-5.273973257732489
avy2=2.904821759102331
avz2=-1.7960050748607677
shx2=4.0
shy2=0.5
shz2=0.5
req2=1.0
rhos2=1.0
rhof=1.0
ndiv=2
tend=100.0
dt=0.05
tprint=1
logevery=100
nbody=2
impulse_scheme=1
energy_projection=0
impulse_pair_metric_correction=0
