cex1=-1.5
cey1=0.0
cez1=0.0
oriw1=-0.513981415962888
orii1=-0.7772581875500714
orij1=-0.0643566991982168
orik1=-0.3571428694506904
lvx1=0.3271851793122382
lvy1=0.6479742913302475
lvz1=-0.15510635090788807
avx1=-4.586535819801784
avy1=-1.4819574494792418
avz1=-4.030621403203926
shx1=1.0
shy1=0.8
shz1=0.6
req1=1.0
rhos1=0.1
cex2=1.5
cey2=0.0
cez2=0.0
oriw2=0.9065457961941656
orii2=0.012205447049446622
orij2=0.207711029338493
orik2=0.36726267814216185
lvx2=0.33245473734571535
lvy2=0.6584103940276361
lvz2=-0.15760445280598778
avx2=3.0496773516844313
avy2=4.810943997841005
avz2=2.6519244907459316
shx2=1.0
shy2=0.8
shz2=0.6
req2=1.0
rhos2=0.1
rhof=1.0
ndiv=2
tend=100.0
dt=0.05
tprint=1
logevery=100
nbody=2
impulse_scheme=1
energy_projection=0
impulse_pair_metric_correction=0
