cex1=-4.0
cey1=0.0
cez1=0.0
oriw1=0.18052345403858588
orii1=-0.5575122651200546
orij1=0.7475750604121476
orik1=-0.3126065991505271
lvx1=-2.2736925940315422
lvy1=0.8203888959202597
lvz1=7.782209755902822
avx1=6.006053943422205
avy1=1.8403760060452024
avz1=0.13692987049264563
shx1=1.0
shy1=0.8
shz1=0.6
req1=1.0
rhos1=1.0
cex2=4.0
cey2=0.0
cez2=0.0
oriw2=-0.4186544379330364
orii2=-0.5289416064031055
orij2=0.6352428297006426
orik2=0.3760529030982155
lvx2=-2.4061282207303325
lvy2=0.8681740353243864
lvz2=8.235499628434345
avx2=-5.442167539178646
avy2=0.8437222225430733
avz2=-3.0247913797573953
shx2=1.0
shy2=0.8
shz2=0.6
req2=1.0
rhos2=1.0
rhof=1.0
ndiv=2
tend=100.0
dt=0.05
tprint=1
logevery=100
nbody=2
impulse_scheme=1
energy_projection=0
impulse_pair_metric_correction=0
