cex1=-4.0
cey1=0.0
cez1=0.0
oriw1=1.0
orii1=1.0
orij1=1.0
orik1=0.0
lvx1=-0.34484996912286764
lvy1=-0.43371316250250913
lvz1=-0.8784839116568063
avx1=1.8723712043124485
avy1=5.853658443049183
avz1=1.3066470486470296
shx1=1.0
shy1=0.8
shz1=0.6
req1=1.0
rhos1=0.1
cex2=4.0
cey2=0.0
cez2=0.0
oriw2=1.0
orii2=-1.0
orij2=0.0
orik2=1.0
lvx2=-0.3647214402603188
lvy2=-0.45870524416782765
lvz2=-0.9291052521185875
avx2=2.0961130935337127
avy2=3.1356336247463883
avz2=-5.025189476510691
shx2=1.0
shy2=0.8
shz2=0.6
req2=1.0
rhos2=0.1
rhof=1.0
ndiv=2
tend=100.0
dt=0.05
tprint=1
logevery=100
nbody=2
impulse_scheme=1
energy_projection=1
