cex1=-4.0
cey1=0.0
cez1=0.0
oriw1=-0.5989085761232389
orii1=-0.2151592454702179
orij1=0.15422489616907645
orik1=0.7557973921206388
lvx1=0.6643929319964773
lvy1=-5.594952526957963
lvz1=-0.6046633274166121
avx1=-1.999483053870931
avy1=-0.7263137351790678
avz1=5.912102289349419
shx1=1.01
shy1=1.01
shz1=0.9802960494069208
req1=1.0
rhos1=1.0
cex2=4.0
cey2=0.0
cez2=0.0
oriw2=-0.1309663318636001
orii2=0.04332572404095809
orij2=-0.8464379082813824
orik2=-0.5143088264639817
lvx2=0.6589100505894083
lvy2=-5.548780360298529
lvz2=-0.5996733626596623
avx2=4.961313952659424
avy2=-0.43938410001271255
avz2=3.8302379926266177
shx2=1.0
shy2=1.0
shz2=1.0
req2=1.0
rhos2=1.0
rhof=1.0
ndiv=2
tend=100.0
dt=0.05
tprint=1
logevery=100
nbody=2
impulse_scheme=1
energy_projection=0
impulse_pair_metric_correction=0
