cex1=-4.0
cey1=0.0
cez1=0.0
oriw1=0.786485889896447
orii1=0.28714990172572075
orij1=-0.5460950689681248
orik1=-0.02765962005165254
lvx1=-0.19889609069600053
lvy1=-5.404223788672175
lvz1=1.576859683010536
avx1=-0.1669594276139816
avy1=-5.069679964510137
avz1=3.7079491921185666
shx1=1.03
shy1=1.03
shz1=0.9425959091337544
req1=1.0
rhos1=1.0
cex2=4.0
cey2=0.0
cez2=0.0
oriw2=0.2358075394523495
orii2=0.021733354615457605
orij2=-0.43958962075909414
orik2=-0.8664198929823018
lvx2=-0.19688242908675854
lvy2=-5.34951040575489
lvz2=1.5608952575875499
avx2=1.896158636714022
avy2=-5.6038795193729944
avz2=2.1164910491481312
shx2=1.03
shy2=1.03
shz2=0.9425959091337544
req2=1.0
rhos2=1.0
rhof=1.0
ndiv=2
tend=100.0
dt=0.05
tprint=1
logevery=100
nbody=2
impulse_scheme=1
energy_projection=0
impulse_pair_metric_correction=0
