cex1=-4.0
cey1=0.0
cez1=0.0
oriw1=0.5371172321754103
orii1=0.19777494804716467
orij1=0.819214386591376
orik1=0.03574825348017975
lvx1=-3.5949118560020037
lvy1=-1.5893947145409577
lvz1=-3.977865202238765
avx1=4.970305110258103
avy1=2.7707067907273086
avz1=-2.6641450026447897
shx1=1.03
shy1=1.03
shz1=0.9425959091337544
req1=1.0
rhos1=1.0
cex2=4.0
cey2=0.0
cez2=0.0
oriw2=-0.8182633595278382
orii2=-0.24221358638576934
orij2=-0.5088536360271595
orik2=-0.11333856416197634
lvx2=-3.573382533948123
lvy2=-1.579876097103104
lvz2=-3.9540424370483085
avx2=-4.687867631062083
avy2=-3.977408482299986
avz2=-1.2971262247468194
shx2=1.03
shy2=1.03
shz2=0.9425959091337544
req2=1.0
rhos2=1.0
rhof=1.0
ndiv=2
tend=100.0
dt=0.05
tprint=1
logevery=100
nbody=2
impulse_scheme=1
energy_projection=0
impulse_pair_metric_correction=0
