cex1=-4.0
cey1=0.0
cez1=0.0
oriw1=0.24862280505658696
orii1=-0.2510721351930024
orij1=0.5795668510994364
orik1=0.7343376259201927
lvx1=2.8409170029064996
lvy1=-2.9129344953611023
lvz1=4.204487485953671
avx1=1.1577839106860575
avy1=-4.188925696552015
avz1=-4.537714791531101
shx1=1.1
shy1=1.1
shz1=0.8264462809917354
req1=1.0
rhos1=1.0
cex2=4.0
cey2=0.0
cez2=0.0
oriw2=-0.3211456969897061
orii2=0.4709441672085029
orij2=0.6921042268102456
orik2=-0.44279653556535165
lvx2=2.8744863544376162
lvy2=-2.947354832865454
lvz2=4.254169302873969
avx2=3.563077726891803
avy2=-1.5268689713667671
avz2=4.944852460970131
shx2=1.1
shy2=1.1
shz2=0.8264462809917354
req2=1.0
rhos2=1.0
rhof=1.0
ndiv=2
tend=100.0
dt=0.05
tprint=1
logevery=100
nbody=2
impulse_scheme=1
energy_projection=0
impulse_pair_metric_correction=0
