cex1=-4.0
cey1=0.0
cez1=0.0
oriw1=0.18667355067107558
orii1=0.8508281800658027
orij1=-0.4647573295036065
orik1=-0.15888680926509713
lvx1=2.2486672327077084
lvy1=-4.977310443742693
lvz1=0.3241712998433823
avx1=4.6422902435144495
avy1=-4.210533926394389
avz1=-0.4460526359185056
shx1=1.1
shy1=1.1
shz1=0.8264462809917354
req1=1.0
rhos1=1.0
cex2=4.0
cey2=0.0
cez2=0.0
oriw2=0.45886758840552017
orii2=-0.09813835054016744
orij2=0.3184745962607988
orik2=-0.8236402928467491
lvx2=3.306628827598084
lvy2=-7.319054574992288
lvz2=0.4766886578639456
avx2=-4.496506995069915
avy2=4.346653104738339
avz2=-0.6053505056686797
shx2=2.0
shy2=2.0
shz2=0.25
req2=1.0
rhos2=1.0
rhof=1.0
ndiv=2
tend=100.0
dt=0.05
tprint=1
logevery=100
nbody=2
impulse_scheme=1
energy_projection=0
impulse_pair_metric_correction=0
