cex1=-4.0
cey1=0.0
cez1=0.0
oriw1=0.22504198216680882
orii1=0.1987642554797887
orij1=-0.24154917265148537
orik1=-0.9227691337476464
lvx1=-2.582432405938821
lvy1=-3.9481812273011934
lvz1=-2.720824771954492
avx1=-5.052395238309528
avy1=-3.391254273158923
avz1=1.5656035306060059
shx1=1.2100000000000002
shy1=0.9090909090909091
shz1=0.9090909090909091
req1=1.0
rhos1=1.0
cex2=4.0
cey2=0.0
cez2=0.0
oriw2=-0.36701744046454965
orii2=0.3749230300915194
orij2=-0.6616657305230176
orik2=-0.5356578954456716
lvx2=-7.167979402652679
lvy2=-10.958847035125604
lvz2=-7.552110900849267
avx2=-2.1119117313152795
avy2=3.3889720391972546
avz2=4.851094202448508
shx2=4.0
shy2=0.5
shz2=0.5
req2=1.0
rhos2=1.0
rhof=1.0
ndiv=2
tend=100.0
dt=0.05
tprint=1
logevery=100
nbody=2
impulse_scheme=1
energy_projection=0
impulse_pair_metric_correction=0
