cex1=-4.0
cey1=0.0
cez1=0.0
oriw1=-0.0008405140853629568
orii1=-0.09641132789917822
orij1=-0.9924066273819644
orik1=0.07637561991332247
lvx1=-4.252052944666029
lvy1=1.3864662080706778
lvz1=-3.442174696923768
avx1=-1.6322271833195792
avy1=-0.9365677688790203
avz1=-5.994755444610484
shx1=1.01
shy1=1.0
shz1=0.9900990099009901
req1=1.0
rhos1=1.0
cex2=4.0
cey2=0.0
cez2=0.0
oriw2=-0.23290044457631887
orii2=0.41011468576425525
orij2=0.23294431391459952
orik2=-0.8504706191582962
lvx2=-6.365420928178998
lvy2=2.0755717607272763
lvz2=-5.153014588337331
avx2=-2.112604185581364
avy2=1.714690902044194
avz2=5.663493292118249
shx2=2.0
shy2=1.0
shz2=0.5
req2=1.0
rhos2=1.0
rhof=1.0
ndiv=2
tend=100.0
dt=0.05
tprint=1
logevery=100
nbody=2
impulse_scheme=1
energy_projection=0
impulse_pair_metric_correction=0
