cex1=-5.5
cey1=0.0
cez1=0.0
oriw1=0.3329744700790608
orii1=0.25770052253779885
orij1=0.3523296257172464
orik1=-0.8358123460450074
lvx1=1.1089981488978984
lvy1=-0.8327160749500605
lvz1=-1.265693154068227
avx1=-5.761269246955661
avy1=0.9971272098092437
avz1=-2.30041987382704
shx1=1.0
shy1=0.8
shz1=0.6
req1=1.0
rhos1=0.1
cex2=5.5
cey2=0.0
cez2=0.0
oriw2=0.29468708143722117
orii2=0.7741213133741583
orij2=-0.4342785260572739
orik2=0.3539744030567781
lvx2=1.2416551752935021
lvy2=-0.9323245715417566
lvz2=-1.4170938487536262
avx2=-2.6531311287152044
avy2=-4.651156498085183
avz2=3.287256614339652
shx2=1.0
shy2=0.8
shz2=0.6
req2=1.0
rhos2=0.1
rhof=1.0
ndiv=2
tend=100.0
dt=0.05
tprint=1
logevery=100
nbody=2
impulse_scheme=1
energy_projection=0
impulse_pair_metric_correction=0
