cex1=-2.5
cey1=0.0
cez1=0.0
oriw1=0.059491671480580384
orii1=-0.13112491418032057
orij1=-0.14349582851864373
orik1=-0.9791199850393201
lvx1=-0.5922646626834105
lvy1=-2.90750208379169
lvz1=0.8902132008798546
avx1=5.651935307300711
avy1=0.791426498978824
avz1=-2.628248272739692
shx1=1.0
shy1=0.8
shz1=0.6
req1=1.0
rhos1=0.1
cex2=2.5
cey2=0.0
cez2=0.0
oriw2=0.48257774695375805
orii2=0.023751633399545967
orij2=0.779473516070709
orik2=0.39871746362587906
lvx2=-0.6278665640773713
lvy2=-3.0822763173596632
lvz2=0.9437252278404571
avx2=-4.023320640643686
avy2=4.138569284427745
avz2=2.4826503791148586
shx2=1.0
shy2=0.8
shz2=0.6
req2=1.0
rhos2=0.1
rhof=1.0
ndiv=2
tend=100.0
dt=0.05
tprint=1
logevery=100
nbody=2
impulse_scheme=1
energy_projection=0
impulse_pair_metric_correction=0
