cex1=-2.5
cey1=0.0
cez1=0.0
oriw1=0.4357558560030488
orii1=0.2597053009942349
orij1=0.7038262677722721
orik1=0.4972912379967074
lvx1=8.058483527693195
lvy1=2.7936944441099354
lvz1=4.5662540199291435
avx1=1.129595135330417
avy1=3.8501090055463085
avz1=4.8351931791818314
shx1=1.0
shy1=0.7
shz1=0.7
req1=1.0
rhos1=0.03
cex2=2.5
cey2=0.0
cez2=0.0
oriw2=-0.08496586488416144
orii2=-0.4578287541410431
orij2=-0.13657395454669008
orik2=-0.8743690231393295
lvx2=8.036497295865562
lvy2=2.786072313532552
lvz2=4.553795755403192
avx2=1.3775120765997326
avy2=4.407721346967679
avz2=4.260618571365519
shx2=1.0
shy2=0.7
shz2=0.7
req2=1.0
rhos2=0.03
rhof=1.0
ndiv=2
tend=100.0
dt=0.05
tprint=1
logevery=100
nbody=2
impulse_scheme=1
energy_projection=0
impulse_pair_metric_correction=0
