cex1=-4.0
cey1=0.0
cez1=0.0
oriw1=-0.5395347006148606
orii1=-0.4275143508711443
orij1=0.6612714233528542
orik1=0.29808369846160204
lvx1=-3.642606843182266
lvy1=1.2767377035367915
lvz1=-4.08449872746217
avx1=4.294585903308815
avy1=3.0374047702319644
avz1=-3.4364402781411396
shx1=1.0003
shy1=1.0003
shz1=0.9994002698920407
req1=1.0
rhos1=1.0
cex2=4.0
cey2=0.0
cez2=0.0
oriw2=-0.6199736808095986
orii2=0.37257688532220123
orij2=0.6850591914512677
orik2=-0.08667758554055703
lvx2=-3.642662231451638
lvy2=1.2767571171861052
lvz2=-4.084560834992711
avx2=-4.602039734092722
avy2=3.2199594821433863
avz2=-2.816293454799077
shx2=1.0
shy2=1.0
shz2=1.0
req2=1.0
rhos2=1.0
rhof=1.0
ndiv=2
tend=100.0
dt=0.05
tprint=1
logevery=100
nbody=2
impulse_scheme=1
energy_projection=0
impulse_pair_metric_correction=0
