cex1=-4.0
cey1=0.0
cez1=0.0
oriw1=0.8634980343105656
orii1=0.22652713826626938
orij1=-0.3679468731833857
orik1=0.26013784593029354
lvx1=-2.72509693892858
lvy1=-1.0612726736523472
lvz1=-6.608642649264953
avx1=-0.5130713206798851
avy1=-1.370819035885368
avz1=-6.110321644161422
shx1=1.3
shy1=1.3
shz1=0.5917159763313609
req1=1.0
rhos1=1.0
cex2=4.0
cey2=0.0
cez2=0.0
oriw2=0.5921112988850724
orii2=-0.058124292797107645
orij2=-0.738612004730712
orik2=0.316982779953655
lvx2=-2.119146086350457
lvy2=-0.825288745069483
lvz2=-5.139148999148899
avx2=5.413129276378525
avy2=0.28178859606508555
avz2=-3.1775846532702805
shx2=1.0
shy2=1.0
shz2=1.0
req2=1.0
rhos2=1.0
rhof=1.0
ndiv=2
tend=100.0
dt=0.05
tprint=1
logevery=100
nbody=2
impulse_scheme=1
energy_projection=0
impulse_pair_metric_correction=0
