cex1=-1.5
cey1=0.0
cez1=0.0
oriw1=1.0
orii1=1.0
orij1=1.0
orik1=0.0
lvx1=-0.18339701954704096
lvy1=0.5863720530443094
lvz1=-0.8933727189793647
avx1=0.8515808612513024
avy1=-0.972536931373962
avz1=6.1487721992460935
shx1=1.0
shy1=0.7
shz1=0.7
req1=1.0
rhos1=0.03
cex2=1.5
cey2=0.0
cez2=0.0
oriw2=1.0
orii2=-1.0
orij2=0.0
orik2=1.0
lvx2=-0.16440160178966196
lvy2=0.525638339179501
lvz2=-0.8008412915223017
avx2=4.820575750650639
avy2=-2.9723102550991913
avz2=-2.7213670799854697
shx2=1.0
shy2=0.7
shz2=0.7
req2=1.0
rhos2=0.03
rhof=1.0
ndiv=2
tend=100.0
dt=0.05
tprint=1
logevery=100
nbody=2
impulse_scheme=1
energy_projection=1
