cex1=-4.0
cey1=0.0
cez1=0.0
oriw1=0.7499093187570448
orii1=-0.3925323552598698
orij1=0.3696413374968548
orik1=0.3833009852961778
lvx1=-0.48997653941120994
lvy1=0.05076232363974
lvz1=5.600490375270032
avx1=1.6214076493261806
avy1=2.5042023574268324
avz1=-5.52977625154236
shx1=1.0020009999999997
shy1=0.9990009990009991
shz1=0.9990009990009991
req1=1.0
rhos1=1.0
cex2=4.0
cey2=0.0
cez2=0.0
oriw2=0.861696289649228
orii2=-0.11887860148332838
orij2=0.005182477499259326
orik2=0.4932753028898685
lvx2=-0.4897795351819663
lvy2=0.050741913698367544
lvz2=5.598238593396776
avx2=3.9527950088965085
avy2=4.322157327626771
avz2=-2.274375795079278
shx2=1.0
shy2=1.0
shz2=1.0
req2=1.0
rhos2=1.0
rhof=1.0
ndiv=2
tend=100.0
dt=0.05
tprint=1
logevery=100
nbody=2
impulse_scheme=1
energy_projection=0
impulse_pair_metric_correction=0
