cex1=-4.0
cey1=0.0
cez1=0.0
oriw1=-0.29672868838212824
orii1=-0.5666290121512552
orij1=0.5412955928492227
orik1=-0.5457863402848435
lvx1=3.3548466260735443
lvy1=-5.113269125020038
lvz1=1.2566703744133512
avx1=4.918870590186414
avy1=-3.504362007995751
avz1=-1.7327944593264912
shx1=2.0
shy1=1.0
shz1=0.5
req1=1.0
rhos1=1.0
cex2=4.0
cey2=0.0
cez2=0.0
oriw2=-0.6680533193769262
orii2=0.05707645621505272
orij2=0.45534023775985244
orik2=-0.5857578923857558
lvx2=4.29007280104547
lvy2=-6.538688423842465
lvz2=1.606990719411851
avx2=-1.6784545670950652
avy2=-6.052390848079249
avz2=-0.17254823279794623
shx2=2.0
shy2=1.0
shz2=0.5
req2=1.0
rhos2=1.0
rhof=1.0
ndiv=2
tend=100.0
dt=0.05
tprint=1
logevery=100
nbody=2
impulse_scheme=1
energy_projection=0
impulse_pair_metric_correction=0
