cex1=-2.5
cey1=0.0
cez1=0.0
oriw1=-0.3241145958056335
orii1=-0.7368825295518728
orij1=0.5763450265894288
orik1=0.14064237182518935
lvx1=0.5037339514006938
lvy1=1.4385860565497777
lvz1=-1.2569120614035714
avx1=-5.077251360173996
avy1=1.181085747229969
avz1=3.507844450322586
shx1=1.0
shy1=0.8
shz1=0.6
req1=1.0
rhos1=0.3
cex2=2.5
cey2=0.0
cez2=0.0
oriw2=-0.7086422601719943
orii2=-0.5035697190046222
orij2=0.023267769349840303
orik2=0.4936621274813536
lvx2=0.5563034525687127
lvy2=1.5887164004938434
lvz2=-1.3880829699681458
avx2=0.8489814285220405
avy2=-4.597322289739329
avz2=-4.197889458126315
shx2=1.0
shy2=0.8
shz2=0.6
req2=1.0
rhos2=0.3
rhof=1.0
ndiv=2
tend=100.0
dt=0.05
tprint=1
logevery=100
nbody=2
impulse_scheme=1
energy_projection=0
impulse_pair_metric_correction=0
