cex1=-5.5
cey1=0.0
cez1=0.0
oriw1=-0.25971382418054967
orii1=0.001985361555833872
orij1=-0.4666607211624391
orik1=-0.8454422269990773
lvx1=-1.2542872791076798
lvy1=3.0552250960393406
lvz1=-1.2865317699776369
avx1=0.715919381906091
avy1=-1.9810161147459464
avz1=-5.919582096405582
shx1=1.0
shy1=0.7
shz1=0.7
req1=1.0
rhos1=4.0
cex2=5.5
cey2=0.0
cez2=0.0
oriw2=0.20472609650837242
orii2=-0.90844594447337
orij2=0.31010450886768426
orik2=-0.19143767904533185
lvx2=-1.2547026005776953
lvy2=3.056236746718775
lvz2=-1.2869577682914433
avx2=0.660670127604318
avy2=-5.803796900327787
avz2=-2.314708216297317
shx2=1.0
shy2=0.7
shz2=0.7
req2=1.0
rhos2=4.0
rhof=1.0
ndiv=2
tend=100.0
dt=0.05
tprint=1
logevery=100
nbody=2
impulse_scheme=1
energy_projection=0
impulse_pair_metric_correction=0
