cex1=-4.0
cey1=0.0
cez1=0.0
oriw1=-0.08903087901280701
orii1=-0.8610942634552724
orij1=0.3136411150480191
orik1=-0.39015307634063834
lvx1=5.425218841704073
lvy1=4.354866875137838
lvz1=13.123339843402638
avx1=2.390118573213617
avy1=0.18425670070958092
avz1=-5.807908425464399
shx1=4.0
shy1=0.5
shz1=0.5
req1=1.0
rhos1=1.0
cex2=4.0
cey2=0.0
cez2=0.0
oriw2=0.15389366196679566
orii2=-0.927852539443515
orij2=0.33238312604267406
orik2=-0.07019874198851285
lvx2=2.052672991964408
lvy2=1.6476971490035008
lvz2=4.9653158788451295
avx2=-4.812681249186351
avy2=3.3317243603229745
avz2=2.2838847573636483
shx2=1.0
shy2=1.0
shz2=1.0
req2=1.0
rhos2=1.0
rhof=1.0
ndiv=2
tend=100.0
dt=0.05
tprint=1
logevery=100
nbody=2
impulse_scheme=1
energy_projection=0
impulse_pair_metric_correction=0
