cex1=-4.0
cey1=0.0
cez1=0.0
oriw1=-0.384345884898406
orii1=-0.3707942893709164
orij1=-0.8394220243329369
orik1=-0.1007993095034522
lvx1=-1.5962510990760366
lvy1=-2.3399330723342686
lvz1=4.587640372031748
avx1=-5.276435461055856
avy1=-1.522173259261659
avz1=3.0529715030537785
shx1=1.2100000000000002
shy1=0.9090909090909091
shz1=0.9090909090909091
req1=1.0
rhos1=1.0
cex2=4.0
cey2=0.0
cez2=0.0
oriw2=0.10958898083014305
orii2=0.5333469493568965
orij2=-0.6282538284387305
orik2=0.5557233249957939
lvx2=-1.6486803409837274
lvy2=-2.416788723157771
lvz2=4.738322496535822
avx2=-4.497885522749625
avy2=4.316636538521225
avz2=0.7836404934025996
shx2=1.2100000000000002
shy2=0.9090909090909091
shz2=0.9090909090909091
req2=1.0
rhos2=1.0
rhof=1.0
ndiv=2
tend=100.0
dt=0.05
tprint=1
logevery=100
nbody=2
impulse_scheme=1
energy_projection=0
impulse_pair_metric_correction=0
