cex1=-1.5
cey1=0.0
cez1=0.0
oriw1=1.0
orii1=2.0
orij1=0.0
orik1=0.0
lvx1=-0.48275788469085923
lvy1=0.18440586676324716
lvz1=0.7179493006319229
avx1=-6.248811230293858
avy1=0.5072844311738021
avz1=0.41645926379356185
shx1=1.0
shy1=0.7
shz1=0.7
req1=1.0
rhos1=0.03
cex2=1.5
cey2=0.0
cez2=0.0
oriw2=1.0
orii2=0.0
orij2=1.0
orik2=0.0
lvx2=-0.568861088858783
lvy2=0.21729592718317478
lvz2=0.8460005187992126
avx2=-3.067014482023505
avy2=-5.444813438609551
avz2=-0.6525690692580817
shx2=1.0
shy2=0.7
shz2=0.7
req2=1.0
rhos2=0.03
rhof=1.0
ndiv=2
tend=100.0
dt=0.05
tprint=1
logevery=100
nbody=2
impulse_scheme=1
energy_projection=1
