cex1=-4.0
cey1=0.0
cez1=0.0
oriw1=0.4092642476692575
orii1=-0.11020899824913039
orij1=0.06183966508315722
orik1=0.9036219387039265
lvx1=2.8972820376967254
lvy1=2.759408075235372
lvz1=3.954259857608781
avx1=2.171881215652542
avy1=4.173768093692984
avz1=4.164253773429702
shx1=1.0060089999999997
shy1=0.9970089730807579
shz1=0.9970089730807579
req1=1.0
rhos1=1.0
cex2=4.0
cey2=0.0
cez2=0.0
oriw2=-0.7181482340316536
orii2=0.42962094715783705
orij2=0.16937461313299504
orik2=0.520577752258458
lvx2=6.919116568503315
lvy2=6.589854175122401
lvz2=9.443328105778425
avx2=3.4762896790775137
avy2=2.397546406827757
avz2=4.652483089555931
shx2=4.0
shy2=0.5
shz2=0.5
req2=1.0
rhos2=1.0
rhof=1.0
ndiv=2
tend=100.0
dt=0.05
tprint=1
logevery=100
nbody=2
impulse_scheme=1
energy_projection=0
impulse_pair_metric_correction=0
