cex1=-1.5
cey1=0.0
cez1=0.0
oriw1=0.3692105661396119
orii1=-0.6178559098543855
orij1=-0.4065902918937199
orik1=0.5626917158148468
lvx1=0.12468901991179017
lvy1=1.2838623525996864
lvz1=-0.11242065870704626
avx1=-1.7225474376000294
avy1=3.7010900327581226
avz1=-4.776314530994948
shx1=1.0
shy1=0.7
shz1=0.7
req1=1.0
rhos1=0.1
cex2=1.5
cey2=0.0
cez2=0.0
oriw2=-0.20979292141677985
orii2=-0.31330076458174927
orij2=-0.9238823305440174
orik2=0.06535289086535599
lvx2=0.10967249513120413
lvy2=1.1292444813042548
lvz2=-0.0988816349139453
avx2=-5.3295041128234635
avy2=-2.9450035702124366
avz2=1.549760461229807
shx2=1.0
shy2=0.7
shz2=0.7
req2=1.0
rhos2=0.1
rhof=1.0
ndiv=2
tend=100.0
dt=0.05
tprint=1
logevery=100
nbody=2
impulse_scheme=1
energy_projection=0
impulse_pair_metric_correction=0
