cex1=-2.5
cey1=0.0
cez1=0.0
oriw1=0.5423094299518433
orii1=0.06626738217753742
orij1=-0.8360928956447403
orik1=0.04957606375092983
lvx1=-0.9481188174151471
lvy1=0.12613693595045206
lvz1=0.5279033506356576
avx1=-6.138744809726477
avy1=-1.171106342772598
avz1=-0.650184357956622
shx1=1.0
shy1=0.8
shz1=0.6
req1=1.0
rhos1=10.0
cex2=2.5
cey2=0.0
cez2=0.0
oriw2=0.8415538477637905
orii2=-0.020127448586906304
orij2=0.13000221561748374
orik2=-0.5239097546924335
lvx2=-1.0985434582615947
lvy2=0.1461493045895928
lvz2=0.6116583299298134
avx2=4.038297400982621
avy2=-1.0043002598926067
avz2=-4.707648318805695
shx2=1.0
shy2=0.8
shz2=0.6
req2=1.0
rhos2=10.0
rhof=1.0
ndiv=2
tend=100.0
dt=0.05
tprint=1
logevery=100
nbody=2
impulse_scheme=1
energy_projection=0
impulse_pair_metric_correction=0
