cex1=-2.5
cey1=0.0
cez1=0.0
oriw1=-0.9549184891290543
orii1=-0.15685785389636203
orij1=0.20737398466250395
orik1=-0.14325614568215667
lvx1=0.14186934337997534
lvy1=1.274219922325656
lvz1=0.42947089043076303
avx1=-2.1881203180227438
avy1=-0.36613372886670936
avz1=-5.878477113232613
shx1=1.0
shy1=0.8
shz1=0.6
req1=1.0
rhos1=0.03
cex2=2.5
cey2=0.0
cez2=0.0
oriw2=0.6673106000373791
orii2=0.46258935717541527
orij2=0.47057686125793624
orik2=-0.345347748442665
lvx2=0.121839543127308
lvy2=1.0943193891019671
lvz2=0.368836112368644
avx2=-5.244582025531591
avy2=-2.4462015404030786
avz2=2.447217809178005
shx2=1.0
shy2=0.8
shz2=0.6
req2=1.0
rhos2=0.03
rhof=1.0
ndiv=2
tend=100.0
dt=0.05
tprint=1
logevery=100
nbody=2
impulse_scheme=1
energy_projection=0
impulse_pair_metric_correction=0
