cex1=-4.0
cey1=0.0
cez1=0.0
oriw1=0.015502332602158294
orii1=-0.5858519304505571
orij1=-0.12663828328202467
orik1=-0.8003124005528275
lvx1=-5.4348146377569835
lvy1=-1.037623545382717
lvz1=-0.8166895792230451
avx1=-4.338797404007461
avy1=4.453932989157479
avz1=-0.9031808342908327
shx1=1.0609
shy1=0.970873786407767
shz1=0.970873786407767
req1=1.0
rhos1=1.0
cex2=4.0
cey2=0.0
cez2=0.0
oriw2=0.31868561132255463
orii2=0.7393176799970704
orij2=-0.36553829581168285
orik2=0.46715158511430716
lvx2=-5.460976318685099
lvy2=-1.042618375552124
lvz2=-0.8206208949372032
avx2=1.525151593693579
avy2=1.9110507617327026
avz2=-5.787937042391894
shx2=1.0
shy2=1.0
shz2=1.0
req2=1.0
rhos2=1.0
rhof=1.0
ndiv=2
tend=100.0
dt=0.05
tprint=1
logevery=100
nbody=2
impulse_scheme=1
energy_projection=0
impulse_pair_metric_correction=0
