cex1=-1.5
cey1=0.0
cez1=0.0
oriw1=0.7915063249009744
orii1=-0.38573695899758353
orij1=-0.24154214948559274
orik1=-0.4078996520308999
lvx1=-1.1979267102903435
lvy1=3.533490152958416
lvz1=3.162505609537388
avx1=-6.093211812587863
avy1=1.5277198073876799
avz1=0.1313758022335877
shx1=1.0
shy1=0.8
shz1=0.6
req1=1.0
rhos1=4.0
cex2=1.5
cey2=0.0
cez2=0.0
oriw2=-0.20842126322280805
orii2=-0.6360378462485068
orij2=0.1586969477088914
orik2=0.7258317394300494
lvx2=-1.3781199745289456
lvy2=4.065001070401951
lvz2=3.638212682482872
avx2=-2.217508000165749
avy2=5.419032046324186
avz2=-2.279291020135392
shx2=1.0
shy2=0.8
shz2=0.6
req2=1.0
rhos2=4.0
rhof=1.0
ndiv=2
tend=100.0
dt=0.05
tprint=1
logevery=100
nbody=2
impulse_scheme=1
energy_projection=0
impulse_pair_metric_correction=0
