cex1=-2.5
cey1=0.0
cez1=0.0
oriw1=-0.45632419225900495
orii1=0.6517531050857195
orij1=-0.5804414188855915
orik1=-0.17341822514479524
lvx1=-0.42890368724244726
lvy1=0.3867902347772395
lvz1=-0.3668089337218272
avx1=5.519445062901577
avy1=2.803736259989335
avz1=1.073874660465478
shx1=1.0
shy1=0.8
shz1=0.6
req1=1.0
rhos1=4.0
cex2=2.5
cey2=0.0
cez2=0.0
oriw2=-0.5846777718156233
orii2=-0.09127098359795928
orij2=-0.8061133440814303
orik2=-0.0016694884343785128
lvx2=-0.4254759641808072
lvy2=0.38369907504325085
lvz2=-0.3638774610422203
avx2=5.743580152754643
avy2=-2.130317407534019
avz2=-1.3969439417521075
shx2=1.0
shy2=0.8
shz2=0.6
req2=1.0
rhos2=4.0
rhof=1.0
ndiv=2
tend=100.0
dt=0.05
tprint=1
logevery=100
nbody=2
impulse_scheme=1
energy_projection=0
impulse_pair_metric_correction=0
