cex1=-2.5
cey1=0.0
cez1=0.0
oriw1=0.17220819479653393
orii1=0.8433873720395112
orij1=0.5037211616203884
orik1=-0.07284963737049648
lvx1=-1.1523867188676358
lvy1=4.107712145423003
lvz1=2.585359995332076
avx1=5.651370039688657
avy1=0.5856280719429972
avz1=-2.682810846895322
shx1=1.0
shy1=0.7
shz1=0.7
req1=1.0
rhos1=10.0
cex2=2.5
cey2=0.0
cez2=0.0
oriw2=0.06713584482993408
orii2=0.6481239691906188
orij2=-0.10899301551979657
orik2=0.7506987554721736
lvx2=-1.3551480553983173
lvy2=4.830460152713208
lvz2=3.040251603751159
avx2=0.0861831862912132
avy2=-4.608458794862558
avz2=-4.270023137971512
shx2=1.0
shy2=0.7
shz2=0.7
req2=1.0
rhos2=10.0
rhof=1.0
ndiv=2
tend=100.0
dt=0.05
tprint=1
logevery=100
nbody=2
impulse_scheme=1
energy_projection=0
impulse_pair_metric_correction=0
