cex1=-1.5
cey1=0.0
cez1=0.0
oriw1=0.34298627313957747
orii1=-0.4776609345518066
orij1=0.6017473753402992
orik1=0.5404632682356671
lvx1=-0.17837518774096348
lvy1=0.6467564497556832
lvz1=-0.14224821502710133
avx1=5.397319449404577
avy1=-3.18985203047797
avz1=-0.4149751668378153
shx1=1.0
shy1=0.8
shz1=0.6
req1=1.0
rhos1=4.0
cex2=1.5
cey2=0.0
cez2=0.0
oriw2=0.763760893171468
orii2=0.5975782577748687
orij2=-0.2422705327050408
orik2=-0.029572163929781653
lvx2=-0.19778945352019842
lvy2=0.7171490966759797
lvz2=-0.15773043925420832
avx2=-1.4304549408908933
avy2=-6.052156407722987
avz2=-0.8964480369189566
shx2=1.0
shy2=0.8
shz2=0.6
req2=1.0
rhos2=4.0
rhof=1.0
ndiv=2
tend=100.0
dt=0.05
tprint=1
logevery=100
nbody=2
impulse_scheme=1
energy_projection=0
impulse_pair_metric_correction=0
