cex1=-4.0
cey1=0.0
cez1=0.0
oriw1=-0.36895272166740756
orii1=0.425189944298975
orij1=-0.8200312493314517
orik1=0.1031317146233187
lvx1=5.001122181045004
lvy1=-3.213429749952281
lvz1=0.9079328048179793
avx1=-0.18951987901311002
avy1=-0.8646266300211913
avz1=-6.220524142745086
shx1=1.2100000000000002
shy1=0.9090909090909091
shz1=0.9090909090909091
req1=1.0
rhos1=1.0
cex2=4.0
cey2=0.0
cez2=0.0
oriw2=0.7067414521476661
orii2=0.2986480002769634
orij2=-0.5498994247247688
orik2=0.3300553202633571
lvx2=4.945833090813533
lvy2=-3.177904201692134
lvz2=0.897895301843156
avx2=1.7757705935419994
avy2=5.978430194160906
avz2=-0.7638251220103468
shx2=1.2100000000000002
shy2=0.9090909090909091
shz2=0.9090909090909091
req2=1.0
rhos2=1.0
rhof=1.0
ndiv=2
tend=100.0
dt=0.05
tprint=1
logevery=100
nbody=2
impulse_scheme=1
energy_projection=0
impulse_pair_metric_correction=0
