cex1=-5.5
cey1=0.0
cez1=0.0
oriw1=0.042324616022870284
orii1=0.8955346445789607
orij1=-0.4237831224887782
orik1=0.12897361098694657
lvx1=-5.490582837595467
lvy1=-0.43410089146485414
lvz1=8.124651135500446
avx1=1.0556176451440145
avy1=4.211985587907038
avz1=4.541284663933923
shx1=1.0
shy1=0.8
shz1=0.6
req1=1.0
rhos1=4.0
cex2=5.5
cey2=0.0
cez2=0.0
oriw2=-0.3330393402337214
orii2=-0.14191744676990137
orij2=0.6911924402243094
orik2=0.6254576298485488
lvx2=-4.756235438632177
lvy2=-0.3760413247550899
lvz2=7.038005763722071
avx2=-5.260244356134503
avy2=-3.1135512364317757
avz2=1.4539757963001667
shx2=1.0
shy2=0.8
shz2=0.6
req2=1.0
rhos2=4.0
rhof=1.0
ndiv=2
tend=100.0
dt=0.05
tprint=1
logevery=100
nbody=2
impulse_scheme=1
energy_projection=0
impulse_pair_metric_correction=0
