cex1=-1.5
cey1=0.0
cez1=0.0
oriw1=0.25105471594915213
orii1=0.6997279880704028
orij1=-0.4408302845808783
orik1=-0.5030118611990961
lvx1=-0.24442845033051627
lvy1=-0.1771064684179013
lvz1=8.66104665398665
avx1=-5.374767480751454
avy1=0.8729384684983817
avz1=3.1350072667267934
shx1=1.0
shy1=0.8
shz1=0.6
req1=1.0
rhos1=4.0
cex2=1.5
cey2=0.0
cez2=0.0
oriw2=-0.5246348006234087
orii2=-0.844952795725125
orij2=-0.07530854247290092
orik2=0.07170580451915075
lvx2=-0.24552859766461688
lvy2=-0.17790360643034814
lvz2=8.700029134847695
avx2=-4.482213317730432
avy2=-4.4031702254246365
avz2=0.016533137976541046
shx2=1.0
shy2=0.8
shz2=0.6
req2=1.0
rhos2=4.0
rhof=1.0
ndiv=2
tend=100.0
dt=0.05
tprint=1
logevery=100
nbody=2
impulse_scheme=1
energy_projection=0
impulse_pair_metric_correction=0
