cex1=-4.0
cey1=0.0
cez1=0.0
oriw1=0.22506896394462858
orii1=-0.007958906725669799
orij1=-0.9528483165840835
orik1=-0.20337330910299334
lvx1=6.685252117694334
lvy1=3.3175677922273548
lvz1=-3.0057023310259976
avx1=-4.865803705665947
avy1=-3.928573869216971
avz1=0.60718963791436
shx1=2.0
shy1=2.0
shz1=0.25
req1=1.0
rhos1=1.0
cex2=4.0
cey2=0.0
cez2=0.0
oriw2=0.06144240150186481
orii2=-0.15391177532886957
orij2=-0.3702137881446027
orik2=0.9140447186983919
lvx2=4.669597573601457
lvy2=2.3172957788443305
lvz2=-2.099460134761215
avx2=-3.7461543476481514
avy2=4.2225701692855795
avz2=-2.7594648708425056
shx2=1.0
shy2=1.0
shz2=1.0
req2=1.0
rhos2=1.0
rhof=1.0
ndiv=2
tend=100.0
dt=0.05
tprint=1
logevery=100
nbody=2
impulse_scheme=1
energy_projection=0
impulse_pair_metric_correction=0
