cex1=-4.0
cey1=0.0
cez1=0.0
oriw1=0.4938666020919602
orii1=-0.38855403956686296
orij1=-0.17459854899619048
orik1=-0.7580480752319335
lvx1=4.21602596798289
lvy1=-1.8906317762723335
lvz1=-3.197990933296689
avx1=-3.0441580659506173
avy1=-5.366329715028374
avz1=-1.1891276901446404
shx1=1.001
shy1=1.0
shz1=0.9990009990009991
req1=1.0
rhos1=1.0
cex2=4.0
cey2=0.0
cez2=0.0
oriw2=-0.0376652479043745
orii2=-0.5882399816050718
orij2=0.787360755554448
orik2=0.18060479992042164
lvx2=6.074774629235405
lvy2=-2.724167743497174
lvz2=-4.607911415548099
avx2=-1.5648266278513407
avy2=5.694145338741912
avz2=2.1462628195094378
shx2=2.0
shy2=1.0
shz2=0.5
req2=1.0
rhos2=1.0
rhof=1.0
ndiv=2
tend=100.0
dt=0.05
tprint=1
logevery=100
nbody=2
impulse_scheme=1
energy_projection=0
impulse_pair_metric_correction=0
