cex1=-5.5
cey1=0.0
cez1=0.0
oriw1=-0.39756538139549713
orii1=0.5755255832649777
orij1=-0.37296810724609447
orik1=0.6095956541024762
lvx1=1.5802739817592188
lvy1=2.8530304775184585
lvz1=0.9061283512493755
avx1=2.389000180562599
avy1=-5.480204132370056
avz1=1.93350935068426
shx1=1.0
shy1=0.8
shz1=0.6
req1=1.0
rhos1=0.03
cex2=5.5
cey2=0.0
cez2=0.0
oriw2=-0.43954109916887246
orii2=-0.5954474796879338
orij2=-0.6343514504036832
orik2=-0.22325805348396846
lvx2=1.380008489306221
lvy2=2.491470671966523
lvz2=0.791296212909311
avx2=6.150261454407174
avy2=1.134018215616832
avz2=0.605561172335219
shx2=1.0
shy2=0.8
shz2=0.6
req2=1.0
rhos2=0.03
rhof=1.0
ndiv=2
tend=100.0
dt=0.05
tprint=1
logevery=100
nbody=2
impulse_scheme=1
energy_projection=0
impulse_pair_metric_correction=0
