cex1=-4.0
cey1=0.0
cez1=0.0
oriw1=-0.7969465930010623
orii1=-0.027167717045629168
orij1=0.4317330506759967
orik1=-0.4215976945009603
lvx1=1.0069559469954465
lvy1=2.0702219144770004
lvz1=-3.9015235803056827
avx1=-6.119964305983328
avy1=-0.32256906936052865
avz1=-1.38578630868519
shx1=1.6900000000000002
shy1=0.7692307692307692
shz1=0.7692307692307692
req1=1.0
rhos1=1.0
cex2=4.0
cey2=0.0
cez2=0.0
oriw2=0.7195942778908425
orii2=-0.21138078995118986
orij2=0.6400552862228843
orik2=0.16682765791231802
lvx2=2.91642329652949
lvy2=5.995936007311656
lvz2=-11.299892806148836
avx2=-3.6615844334688035
avy2=-0.9528965940312678
avz2=-5.016293962879367
shx2=4.0
shy2=0.5
shz2=0.5
req2=1.0
rhos2=1.0
rhof=1.0
ndiv=2
tend=100.0
dt=0.05
tprint=1
logevery=100
nbody=2
impulse_scheme=1
energy_projection=0
impulse_pair_metric_correction=0
