cex1=-5.5
cey1=0.0
cez1=0.0
oriw1=0.7747548522525036
orii1=-0.07933948583786228
orij1=-0.6019946048163918
orik1=0.17624602313283896
lvx1=0.9110500270639661
lvy1=0.5757764922204281
lvz1=-1.6895210566281746
avx1=4.177713268189435
avy1=3.1162184341606842
avz1=-3.5091754193469034
shx1=1.0
shy1=0.7
shz1=0.7
req1=1.0
rhos1=0.1
cex2=5.5
cey2=0.0
cez2=0.0
oriw2=0.547349717079497
orii2=-0.6045455632923453
orij2=0.14056826100669065
orik2=0.561403164503096
lvx2=0.9889263459147614
lvy2=0.6249937167009036
lvz2=-1.8339408761798295
avx2=0.059871904806165124
avy2=2.916143295286751
avz2=-5.5651541973899015
shx2=1.0
shy2=0.7
shz2=0.7
req2=1.0
rhos2=0.1
rhof=1.0
ndiv=2
tend=100.0
dt=0.05
tprint=1
logevery=100
nbody=2
impulse_scheme=1
energy_projection=0
impulse_pair_metric_correction=0
