cex1=-1.5
cey1=0.0
cez1=0.0
oriw1=0.08926784118630024
orii1=-0.7133376666130681
orij1=0.3801052227137443
orik1=0.5819799357251894
lvx1=-0.10140827798454774
lvy1=1.0171752818902409
lvz1=0.7700705467210276
avx1=2.356083935113317
avy1=5.6027952221231585
avz1=-1.5924734829856015
shx1=1.0
shy1=0.7
shz1=0.7
req1=1.0
rhos1=4.0
cex2=1.5
cey2=0.0
cez2=0.0
oriw2=0.8626195920811867
orii2=0.4656022520140318
orij2=-0.19634580505747623
orik2=0.02345862556674026
lvx2=-0.10086111007494852
lvy2=1.0116869166034081
lvz2=0.765915482660503
avx2=2.5947441882928306
avy2=2.1441349953324504
avz2=5.3055070750559485
shx2=1.0
shy2=0.7
shz2=0.7
req2=1.0
rhos2=4.0
rhof=1.0
ndiv=2
tend=100.0
dt=0.05
tprint=1
logevery=100
nbody=2
impulse_scheme=1
energy_projection=0
impulse_pair_metric_correction=0
