cex1=-2.5
cey1=0.0
cez1=0.0
oriw1=0.4005771378516215
orii1=-0.5798963575010058
orij1=0.15802271759361572
orik1=0.6915829609757582
lvx1=-2.9351061236616105
lvy1=-8.64893686837414
lvz1=1.3944942410062293
avx1=-2.6066292998040343
avy1=5.366625257244923
avz1=1.970592460673039
shx1=1.0
shy1=0.8
shz1=0.6
req1=1.0
rhos1=0.3
cex2=2.5
cey2=0.0
cez2=0.0
oriw2=0.28355953416961394
orii2=0.4843034912615802
orij2=0.08167735726731258
orik2=0.8236339771058403
lvx2=-3.1171317115169415
lvy2=-9.185315367637886
lvz2=1.4809761681616842
avx2=2.9782157761478
avy2=-0.39571755265786596
avz2=5.518338156871166
shx2=1.0
shy2=0.8
shz2=0.6
req2=1.0
rhos2=0.3
rhof=1.0
ndiv=2
tend=100.0
dt=0.05
tprint=1
logevery=100
nbody=2
impulse_scheme=1
energy_projection=0
impulse_pair_metric_correction=0
