cex1=-4.0
cey1=0.0
cez1=0.0
oriw1=0.0579052976748374
orii1=-0.8188973046624797
orij1=-0.5391212883528426
orik1=-0.18815530118092763
lvx1=4.736653693177132
lvy1=-1.871057504373867
lvz1=-2.376225966797851
avx1=-4.1067070711256
avy1=0.00687413536036363
avz1=4.755347241010637
shx1=1.0001
shy1=1.0
shz1=0.9999000099990001
req1=1.0
rhos1=1.0
cex2=4.0
cey2=0.0
cez2=0.0
oriw2=0.24216500182769735
orii2=0.688103867415145
orij2=0.6315199776089755
orik2=0.2627768966611622
lvx2=7.023520808233367
lvy2=-2.774408298901072
lvz2=-3.5234732374269515
avx2=1.608499870836072
avy2=-4.333542757541903
avz2=-4.255767021164797
shx2=2.0
shy2=1.0
shz2=0.5
req2=1.0
rhos2=1.0
rhof=1.0
ndiv=2
tend=100.0
dt=0.05
tprint=1
logevery=100
nbody=2
impulse_scheme=1
energy_projection=0
impulse_pair_metric_correction=0
