cex1=-4.0
cey1=0.0
cez1=0.0
oriw1=0.04480647831613374
orii1=0.5351062086795038
orij1=0.10027177989809545
orik1=0.8376152428708667
lvx1=1.7519633483605233
lvy1=-4.262514296684898
lvz1=-3.215407207601105
avx1=-5.074205188476922
avy1=3.2960256051615207
avz1=-1.693243786260844
shx1=1.0003
shy1=1.0
shz1=0.9997000899730081
req1=1.0
rhos1=1.0
cex2=4.0
cey2=0.0
cez2=0.0
oriw2=-0.31424790378035794
orii2=-0.20557201234081493
orij2=0.5743810493008029
orik2=0.7273752902841196
lvx2=2.6720153286168093
lvy2=-6.500994184523652
lvz2=-4.903993770471915
avx2=0.30889986647595213
avy2=-4.2276708769134625
avz2=-4.637865611824725
shx2=2.0
shy2=1.0
shz2=0.5
req2=1.0
rhos2=1.0
rhof=1.0
ndiv=2
tend=100.0
dt=0.05
tprint=1
logevery=100
nbody=2
impulse_scheme=1
energy_projection=0
impulse_pair_metric_correction=0
