cex1=-4.0
cey1=0.0
cez1=0.0
oriw1=0.3120539120777944
orii1=0.5065038917046274
orij1=-0.5924692479691901
orik1=-0.543190900011988
lvx1=-0.12624800212439163
lvy1=-1.5871778032870518
lvz1=-1.133189195700419
avx1=5.274128835439056
avy1=0.6413967603589125
avz1=3.354190338568877
shx1=1.0
shy1=0.8
shz1=0.6
req1=1.0
rhos1=4.0
cex2=4.0
cey2=0.0
cez2=0.0
oriw2=-0.06662864618444939
orii2=0.8482475228768814
orij2=0.20894557269568662
orik2=-0.4820565434590983
lvx2=-0.12253281987679022
lvy2=-1.5404708875391964
lvz2=-1.099842098620088
avx2=5.514855122577702
avy2=-2.042797472161602
avz2=-2.2117344029214028
shx2=1.0
shy2=0.8
shz2=0.6
req2=1.0
rhos2=4.0
rhof=1.0
ndiv=2
tend=100.0
dt=0.05
tprint=1
logevery=100
nbody=2
impulse_scheme=1
energy_projection=0
impulse_pair_metric_correction=0
