cex1=-4.0
cey1=0.0
cez1=0.0
oriw1=-0.2021645543293242
orii1=-0.4211876966852639
orij1=0.8739922150639028
orik1=0.13367133253424457
lvx1=-1.164940874645181
lvy1=-2.9597767323107296
lvz1=4.787334200862469
avx1=2.149929808492228
avy1=0.3978031521375739
avz1=5.890498457266873
shx1=1.0
shy1=0.7
shz1=0.7
req1=1.0
rhos1=0.1
cex2=4.0
cey2=0.0
cez2=0.0
oriw2=-0.41835273338930656
orii2=0.4844883383181828
orij2=0.15225188218999236
orik2=0.7530414363559196
lvx2=-1.1616522196627308
lvy2=-2.9514212142672767
lvz2=4.773819445895085
avx2=2.290508126003381
avy2=3.683741377858706
avz2=4.545551626603921
shx2=1.0
shy2=0.7
shz2=0.7
req2=1.0
rhos2=0.1
rhof=1.0
ndiv=2
tend=100.0
dt=0.05
tprint=1
logevery=100
nbody=2
impulse_scheme=1
energy_projection=0
impulse_pair_metric_correction=0
