cex1=-4.0
cey1=0.0
cez1=0.0
oriw1=-0.2319896934894249
orii1=-0.7497499939272361
orij1=0.5736655569373074
orik1=-0.23444307945555
lvx1=1.5684839578447163
lvy1=0.2949710449747651
lvz1=-1.2762949447460197
avx1=-3.6812842116421844
avy1=-3.720715808005301
avz1=3.476037691615393
shx1=1.0
shy1=0.7
shz1=0.7
req1=1.0
rhos1=0.03
cex2=4.0
cey2=0.0
cez2=0.0
oriw2=0.25061571563809276
orii2=-0.4019495731933139
orij2=0.8437121706516185
orik2=0.2525432176465121
lvx2=1.6528657095086687
lvy2=0.3108399821995483
lvz2=-1.3449574277372414
avx2=1.5183271422683537
avy2=-5.056554669837785
avz2=3.406516573326825
shx2=1.0
shy2=0.7
shz2=0.7
req2=1.0
rhos2=0.03
rhof=1.0
ndiv=2
tend=100.0
dt=0.05
tprint=1
logevery=100
nbody=2
impulse_scheme=1
energy_projection=0
impulse_pair_metric_correction=0
