cex1=-2.5
cey1=0.0
cez1=0.0
oriw1=-0.29707543712432916
orii1=0.27021930798062366
orij1=0.9053942425822828
orik1=-0.13780049256340118
lvx1=-5.04875325272391
lvy1=-5.340281263410453
lvz1=6.422975403231102
avx1=-2.5587142025165766
avy1=2.7733986709067495
avz1=5.023908741847334
shx1=1.0
shy1=0.8
shz1=0.6
req1=1.0
rhos1=0.1
cex2=2.5
cey2=0.0
cez2=0.0
oriw2=0.1713748376340604
orii2=0.6844605157673533
orij2=0.34442732987507096
orik2=0.6192852992091101
lvx2=-5.087687153353825
lvy2=-5.381463307696979
lvz2=6.47250673771707
avx2=-2.2779184792368885
avy2=2.7507634122396976
avz2=-5.169410571447382
shx2=1.0
shy2=0.8
shz2=0.6
req2=1.0
rhos2=0.1
rhof=1.0
ndiv=2
tend=100.0
dt=0.05
tprint=1
logevery=100
nbody=2
impulse_scheme=1
energy_projection=0
impulse_pair_metric_correction=0
