cex1=-4.0
cey1=0.0
cez1=0.0
oriw1=-0.21819381362222465
orii1=-0.7077521940154944
orij1=-0.4824619731211241
orik1=-0.46766305825381976
lvx1=0.7973469429447497
lvy1=-4.634292090277999
lvz1=-3.0675396333373275
avx1=4.65922536581929
avy1=3.785100428092715
avz1=1.8555461040124803
shx1=1.0060089999999997
shy1=0.9970089730807579
shz1=0.9970089730807579
req1=1.0
rhos1=1.0
cex2=4.0
cey2=0.0
cez2=0.0
oriw2=-0.6473956524712532
orii2=-0.7087996230473232
orij2=0.22771845946492905
orik2=-0.1631755703167979
lvx2=2.1932169903805936
lvy2=-12.747284279095046
lvz2=-8.437707201402626
avx2=-1.6955288706572784
avy2=-5.697749359580097
avz2=2.034515099115679
shx2=4.0
shy2=0.5
shz2=0.5
req2=1.0
rhos2=1.0
rhof=1.0
ndiv=2
tend=100.0
dt=0.05
tprint=1
logevery=100
nbody=2
impulse_scheme=1
energy_projection=0
impulse_pair_metric_correction=0
