cex1=-4.0
cey1=0.0
cez1=0.0
oriw1=-0.35393189852893886
orii1=0.1968387477058856
orij1=0.2918587347690599
orik1=-0.8664901600966298
lvx1=0.6434064541066271
lvy1=-0.37051246794837167
lvz1=0.08804712526396594
avx1=3.682032395045047
avy1=4.081106481819183
avz1=-3.043948904014277
shx1=1.0
shy1=0.8
shz1=0.6
req1=1.0
rhos1=1.0
cex2=4.0
cey2=0.0
cez2=0.0
oriw2=0.4930674415748984
orii2=0.2077912775029286
orij2=-0.5290321404299498
orik2=-0.6586594548357981
lvx2=0.7158934200493826
lvy2=-0.41225486029479513
lvz2=0.09796662316398069
avx2=-0.01152751100704371
avy2=-1.9866828612858558
avz2=-5.960820071896187
shx2=1.0
shy2=0.8
shz2=0.6
req2=1.0
rhos2=1.0
rhof=1.0
ndiv=2
tend=100.0
dt=0.05
tprint=1
logevery=100
nbody=2
impulse_scheme=1
energy_projection=0
impulse_pair_metric_correction=0
