cex1=-4.0
cey1=0.0
cez1=0.0
oriw1=0.4712476832049797
orii1=-0.43992116088964645
orij1=0.21577339919125146
orik1=0.7333735974773687
lvx1=1.9511630707150467
lvy1=-1.5952430435757807
lvz1=-5.032081883762532
avx1=-0.8389767228534286
avy1=-1.1335464832659343
avz1=6.122875797625082
shx1=1.0060089999999997
shy1=0.9970089730807579
shz1=0.9970089730807579
req1=1.0
rhos1=1.0
cex2=4.0
cey2=0.0
cez2=0.0
oriw2=-0.7957672930514332
orii2=-0.2810515753971097
orij2=0.5270573750545199
orik2=-0.0998746748532198
lvx2=1.9483596525232887
lvy2=-1.5929510089243681
lvz2=-5.024851821802521
avx2=-1.8251751982670912
avy2=0.033175930751453586
avz2=6.012158718597413
shx2=1.0
shy2=1.0
shz2=1.0
req2=1.0
rhos2=1.0
rhof=1.0
ndiv=2
tend=100.0
dt=0.05
tprint=1
logevery=100
nbody=2
impulse_scheme=1
energy_projection=0
impulse_pair_metric_correction=0
