cex1=-4.0
cey1=0.0
cez1=0.0
oriw1=0.48226748451929047
orii1=-0.3489936221611214
orij1=0.4038752115409338
orik1=-0.6946267620593539
lvx1=-4.538675087817934
lvy1=0.5553365387857507
lvz1=3.1835935003301046
avx1=5.6277491991811885
avy1=-0.32601145854611296
avz1=2.7749906458165885
shx1=1.03
shy1=1.0
shz1=0.970873786407767
req1=1.0
rhos1=1.0
cex2=4.0
cey2=0.0
cez2=0.0
oriw2=-0.25293499990801294
orii2=0.4572328455284727
orij2=0.6441290413121653
orik2=0.5586231188643558
lvx2=-4.594474992677554
lvy2=0.5621640215708675
lvz2=3.2227336042134898
avx2=3.3962095502930483
avy2=-2.856583388091155
avz2=-4.447933187643153
shx2=1.03
shy2=1.0
shz2=0.970873786407767
req2=1.0
rhos2=1.0
rhof=1.0
ndiv=2
tend=100.0
dt=0.05
tprint=1
logevery=100
nbody=2
impulse_scheme=1
energy_projection=0
impulse_pair_metric_correction=0
