cex1=-4.0
cey1=0.0
cez1=0.0
oriw1=0.8749942176186801
orii1=0.44019527716918383
orij1=0.1434196810741303
orik1=-0.14157694788493638
lvx1=0.33869185684805136
lvy1=4.123690804800956
lvz1=3.8039161386211697
avx1=-2.0087452643050634
avy1=-5.235540347765323
avz1=-2.8341625455168904
shx1=1.0006000899999998
shy1=0.9997000899730081
shz1=0.9997000899730081
req1=1.0
rhos1=1.0
cex2=4.0
cey2=0.0
cez2=0.0
oriw2=-0.9627512463903574
orii2=0.24428357444994286
orij2=-0.07499756820395226
orik2=0.08837950888789876
lvx2=0.33865657017914963
lvy2=4.123261177370772
lvz2=3.8035198269691484
avx2=-2.0736252661824515
avy2=-5.296336782735251
avz2=-2.6697027069793364
shx2=1.0
shy2=1.0
shz2=1.0
req2=1.0
rhos2=1.0
rhof=1.0
ndiv=2
tend=100.0
dt=0.05
tprint=1
logevery=100
nbody=2
impulse_scheme=1
energy_projection=0
impulse_pair_metric_correction=0
