cex1=-1.5
cey1=0.0
cez1=0.0
oriw1=-0.734135033966565
orii1=0.33044353049538544
orij1=-0.5835515360551509
orik1=-0.1063975085438079
lvx1=-1.9238818749015705
lvy1=4.10303676199238
lvz1=-2.610094520175655
avx1=-4.701462267183992
avy1=4.00506284527399
avz1=-1.1550505443522427
shx1=1.0
shy1=0.8
shz1=0.6
req1=1.0
rhos1=0.1
cex2=1.5
cey2=0.0
cez2=0.0
oriw2=0.4103936710551174
orii2=0.5661440156589482
orij2=0.7069762211091974
orik2=-0.10603117974267592
lvx2=-2.1742024243964457
lvy2=4.636892000330312
lvz2=-2.949699723097669
avx2=-0.1699499488682327
avy2=-4.567187937051751
avz2=4.311650376234845
shx2=1.0
shy2=0.8
shz2=0.6
req2=1.0
rhos2=0.1
rhof=1.0
ndiv=2
tend=100.0
dt=0.05
tprint=1
logevery=100
nbody=2
impulse_scheme=1
energy_projection=0
impulse_pair_metric_correction=0
