cex1=-5.5
cey1=0.0
cez1=0.0
oriw1=0.6913979107570436
orii1=-0.4930626421580557
orij1=0.18550908900793084
orik1=0.49441332688789835
lvx1=0.022489790560403605
lvy1=-1.617710439564999
lvz1=2.5796017692465836
avx1=-5.5310541704815686
avy1=-2.9723477937360796
avz1=-0.22584499247968168
shx1=1.0
shy1=0.7
shz1=0.7
req1=1.0
rhos1=10.0
cex2=5.5
cey2=0.0
cez2=0.0
oriw2=-0.5513095074136641
orii2=0.25015089993784634
orij2=0.26747854953993205
orik2=0.7496249594507927
lvx2=0.026115749785465065
lvy2=-1.8785288796507158
lvz2=2.9955029670395374
avx2=-1.0309571675464528
avy2=4.500882752448562
avz2=-4.261173473557851
shx2=1.0
shy2=0.7
shz2=0.7
req2=1.0
rhos2=10.0
rhof=1.0
ndiv=2
tend=100.0
dt=0.05
tprint=1
logevery=100
nbody=2
impulse_scheme=1
energy_projection=0
impulse_pair_metric_correction=0
