cex1=-4.0
cey1=0.0
cez1=0.0
oriw1=-0.5255693818945524
orii1=-0.7834125673668961
orij1=0.005655726685865957
orik1=0.33167693145927596
lvx1=4.607053035042192
lvy1=-1.6388323159316336
lvz1=-2.768304163160378
avx1=-3.501161475631549
avy1=-5.067444093903364
avz1=-1.2414895412668039
shx1=1.001
shy1=1.0
shz1=0.9990009990009991
req1=1.0
rhos1=1.0
cex2=4.0
cey2=0.0
cez2=0.0
oriw2=0.023006280239998744
orii2=-0.9735397470225794
orij2=-0.21491725459665684
orik2=-0.07417307943834135
lvx2=6.51627297152661
lvy2=-2.3179847603104187
lvz2=-3.915523754156513
avx2=1.8187900634253833
avy2=-6.007952010640846
avz2=-0.27373883060162285
shx2=2.0
shy2=1.0
shz2=0.5
req2=1.0
rhos2=1.0
rhof=1.0
ndiv=2
tend=100.0
dt=0.05
tprint=1
logevery=100
nbody=2
impulse_scheme=1
energy_projection=0
impulse_pair_metric_correction=0
