cex1=-4.0
cey1=0.0
cez1=0.0
oriw1=0.18593950115033417
orii1=0.7960853888559947
orij1=0.1751251691087423
orik1=-0.5486398916471524
lvx1=-0.6621244670065465
lvy1=-3.30230988756178
lvz1=3.3013620993045247
avx1=5.962709412545115
avy1=1.6018833215491903
avz1=-1.1655401709275661
shx1=1.6900000000000002
shy1=0.7692307692307692
shz1=0.7692307692307692
req1=1.0
rhos1=1.0
cex2=4.0
cey2=0.0
cez2=0.0
oriw2=0.5474180717244068
orii2=-0.011348493111621281
orij2=0.711964776617138
orik2=-0.4396712673238226
lvx2=-0.7889894994851109
lvy2=-3.935042360104087
lvz2=3.9339129727759152
avx2=-2.3702928997714
avy2=-4.5507553667163005
avz2=-3.626396939932735
shx2=1.0
shy2=1.0
shz2=1.0
req2=1.0
rhos2=1.0
rhof=1.0
ndiv=2
tend=100.0
dt=0.05
tprint=1
logevery=100
nbody=2
impulse_scheme=1
energy_projection=0
impulse_pair_metric_correction=0
