cex1=-2.5
cey1=0.0
cez1=0.0
oriw1=-0.6238841658111431
orii1=0.6364224492573265
orij1=-0.3014114223629215
orik1=0.3389486217712065
lvx1=-1.0728471310718914
lvy1=-1.791669049984383
lvz1=0.5942320954050415
avx1=0.6603011436356091
avy1=2.5036193579889705
avz1=-5.724885161675632
shx1=1.0
shy1=0.7
shz1=0.7
req1=1.0
rhos1=1.0
cex2=2.5
cey2=0.0
cez2=0.0
oriw2=0.07437009411487104
orii2=-0.5602682044142101
orij2=0.7498439972980538
orik2=0.3439514616045385
lvx2=-1.0617025277491465
lvy2=-1.7730574134618846
lvz2=0.5880592858843449
avx2=1.6765419985139853
avy2=-3.2753610359961045
avz2=-5.093096760857258
shx2=1.0
shy2=0.7
shz2=0.7
req2=1.0
rhos2=1.0
rhof=1.0
ndiv=2
tend=100.0
dt=0.05
tprint=1
logevery=100
nbody=2
impulse_scheme=1
energy_projection=0
impulse_pair_metric_correction=0
