cex1=-4.0
cey1=0.0
cez1=0.0
oriw1=-0.08960686432094356
orii1=0.2711163704448411
orij1=-0.9405709744444569
orik1=0.18382808701607223
lvx1=4.517680180772331
lvy1=3.343203475472946
lvz1=-0.04305122222175212
avx1=-2.334524623096123
avy1=2.940718841994903
avz1=-5.037914755218819
shx1=1.0006000899999998
shy1=0.9997000899730081
shz1=0.9997000899730081
req1=1.0
rhos1=1.0
cex2=4.0
cey2=0.0
cez2=0.0
oriw2=-0.6871719727150017
orii2=-0.362871753526903
orij2=-0.6265032647017331
orik2=-0.06010349179002528
lvx2=4.517533177232818
lvy2=3.343094688944343
lvz2=-0.043049821351882255
avx2=-2.8817922966650826
avy2=4.174371186694444
avz2=3.707872160543624
shx2=1.0006000899999998
shy2=0.9997000899730081
shz2=0.9997000899730081
req2=1.0
rhos2=1.0
rhof=1.0
ndiv=2
tend=100.0
dt=0.05
tprint=1
logevery=100
nbody=2
impulse_scheme=1
energy_projection=0
impulse_pair_metric_correction=0
