cex1=-2.5
cey1=0.0
cez1=0.0
oriw1=-0.12248729362021707
orii1=-0.7265457304867351
orij1=0.2273073359174007
orik1=-0.6367570490000289
lvx1=-2.9770223165422633
lvy1=1.0958303079964347
lvz1=1.1257495685811136
avx1=-4.124184014285098
avy1=-2.508155596375697
avz1=4.022272905341203
shx1=1.0
shy1=0.8
shz1=0.6
req1=1.0
rhos1=1.0
cex2=2.5
cey2=0.0
cez2=0.0
oriw2=0.2707211309905599
orii2=-0.6880985105254614
orij2=-0.1541653137669067
orik2=0.6553346969900073
lvx2=-2.923862629685798
lvy2=1.076262434521917
lvz2=1.1056474369269307
avx2=-4.09834755405672
avy2=3.6554075373397446
avz2=3.0528610624256247
shx2=1.0
shy2=0.8
shz2=0.6
req2=1.0
rhos2=1.0
rhof=1.0
ndiv=2
tend=100.0
dt=0.05
tprint=1
logevery=100
nbody=2
impulse_scheme=1
energy_projection=0
impulse_pair_metric_correction=0
