cex1=-5.5
cey1=0.0
cez1=0.0
oriw1=-0.4663162632445279
orii1=0.3697639623008247
orij1=0.7415203615699303
orik1=0.30979236303442725
lvx1=1.765796837467347
lvy1=2.2613825909115115
lvz1=1.8045552776999287
avx1=3.2145910012155223
avy1=-4.6983683864294115
avz1=-2.6589766461295414
shx1=1.0
shy1=0.7
shz1=0.7
req1=1.0
rhos1=0.03
cex2=5.5
cey2=0.0
cez2=0.0
oriw2=0.29400120093583415
orii2=0.2729275106543535
orij2=0.1618157872974103
orik2=-0.9016038591075485
lvx2=1.799734650555852
lvy2=2.3048453370573423
lvz2=1.8392380104033665
avx2=2.501699130147442
avy2=1.0142635129184427
avz2=-5.67372792729254
shx2=1.0
shy2=0.7
shz2=0.7
req2=1.0
rhos2=0.03
rhof=1.0
ndiv=2
tend=100.0
dt=0.05
tprint=1
logevery=100
nbody=2
impulse_scheme=1
energy_projection=0
impulse_pair_metric_correction=0
