cex1=-4.0
cey1=0.0
cez1=0.0
oriw1=-0.6756698899827004
orii1=0.15900511575300616
orij1=-0.3376578224145221
orik1=0.635747408879833
lvx1=4.770768679771894
lvy1=0.7082731312116196
lvz1=-3.6113680158034422
avx1=1.92605401589173
avy1=2.041027643806684
avz1=5.621649196582949
shx1=1.0
shy1=0.8
shz1=0.6
req1=1.0
rhos1=1.0
cex2=4.0
cey2=0.0
cez2=0.0
oriw2=0.5561460576646775
orii2=-0.27411574914743736
orij2=0.4772759653508396
orik2=-0.6227116278919165
lvx2=4.5831479497358805
lvy2=0.6804187683484066
lvz2=-3.4693432082652675
avx2=3.439007673619807
avy2=-1.5706933337801583
avz2=-5.018422688092354
shx2=1.0
shy2=0.8
shz2=0.6
req2=1.0
rhos2=1.0
rhof=1.0
ndiv=2
tend=100.0
dt=0.05
tprint=1
logevery=100
nbody=2
impulse_scheme=1
energy_projection=0
impulse_pair_metric_correction=0
