cex1=-4.0
cey1=0.0
cez1=0.0
oriw1=0.803581923295021
orii1=0.34228085073027975
orij1=-0.3257390975057093
orik1=0.36193086651043876
lvx1=4.104499377906066
lvy1=0.6439413740546316
lvz1=-4.663374494792698
avx1=0.26517646185889626
avy1=4.589026505189516
avz1=-4.283565662284348
shx1=1.3
shy1=1.0
shz1=0.7692307692307692
req1=1.0
rhos1=1.0
cex2=4.0
cey2=0.0
cez2=0.0
oriw2=0.3345347319221744
orii2=0.6676666986616091
orij2=-0.27361115327229263
orik2=-0.6061721120614778
lvx2=3.570634415326701
lvy2=0.5601850603337702
lvz2=-4.056817635859476
avx2=-5.051638553998662
avy2=-3.270568833765934
avz2=1.8063070136913837
shx2=1.3
shy2=1.0
shz2=0.7692307692307692
req2=1.0
rhos2=1.0
rhof=1.0
ndiv=2
tend=100.0
dt=0.05
tprint=1
logevery=100
nbody=2
impulse_scheme=1
energy_projection=0
impulse_pair_metric_correction=0
