cex1=-5.5
cey1=0.0
cez1=0.0
oriw1=1.0
orii1=1.0
orij1=1.0
orik1=0.0
lvx1=0.8021718146177365
lvy1=-0.3247355211929445
lvz1=-3.303303234639382
avx1=0.47890828886267583
avy1=-6.2630963883571455
avz1=0.15062564643427645
shx1=1.0
shy1=0.8
shz1=0.6
req1=1.0
rhos1=10.0
cex2=5.5
cey2=0.0
cez2=0.0
oriw2=1.0
orii2=-1.0
orij2=0.0
orik2=1.0
lvx2=0.8013196624316467
lvy2=-0.3243905525973857
lvz2=-3.2997941147458376
avx2=0.8953807274914216
avy2=-6.190698248165029
avz2=0.5932673574037236
shx2=1.0
shy2=0.8
shz2=0.6
req2=1.0
rhos2=10.0
rhof=1.0
ndiv=2
tend=100.0
dt=0.05
tprint=1
logevery=100
nbody=2
impulse_scheme=1
energy_projection=0
impulse_pair_metric_correction=0
