cex1=-4.0
cey1=0.0
cez1=0.0
oriw1=0.006419542736778624
orii1=0.3085648863922411
orij1=-0.9474602836507547
orik1=-0.08405659558431597
lvx1=-2.5300155515304743
lvy1=-4.6197436927822775
lvz1=1.9591750718318315
avx1=4.3199729508628675
avy1=-4.372508988748584
avz1=1.302849358707075
shx1=1.0001
shy1=1.0
shz1=0.9999000099990001
req1=1.0
rhos1=1.0
cex2=4.0
cey2=0.0
cez2=0.0
oriw2=-0.4148288751692494
orii2=-0.3616259030350848
orij2=-0.7852183343423498
orik2=0.2838589050787391
lvx2=-2.530069891973261
lvy2=-4.619842917041067
lvz2=1.9592171515893395
avx2=0.1197358833336079
avy2=2.7413341818670056
avz2=-5.6523594919225815
shx2=1.0
shy2=1.0
shz2=1.0
req2=1.0
rhos2=1.0
rhof=1.0
ndiv=2
tend=100.0
dt=0.05
tprint=1
logevery=100
nbody=2
impulse_scheme=1
energy_projection=0
impulse_pair_metric_correction=0
