cex1=-2.5
cey1=0.0
cez1=0.0
oriw1=0.6147698347690459
orii1=0.607044344038615
orij1=0.5032496782230775
orik1=0.017174865272736536
lvx1=-0.3824989243800885
lvy1=0.2092324527211081
lvz1=-0.5705498070102436
avx1=-4.591658068677779
avy1=2.9343524572092936
avz1=3.128045626517212
shx1=1.0
shy1=0.7
shz1=0.7
req1=1.0
rhos1=1.0
cex2=2.5
cey2=0.0
cez2=0.0
oriw2=-0.5032207112592887
orii2=0.7475436825222219
orij2=-0.040146943389253814
orik2=-0.4316660531212885
lvx2=-0.40684538538961457
lvy2=0.22255031958925123
lvz2=-0.6068659055532141
avx2=-2.950002775327966
avy2=-2.008161422926537
avz2=-5.171381723425993
shx2=1.0
shy2=0.7
shz2=0.7
req2=1.0
rhos2=1.0
rhof=1.0
ndiv=2
tend=100.0
dt=0.05
tprint=1
logevery=100
nbody=2
impulse_scheme=1
energy_projection=0
impulse_pair_metric_correction=0
