cex1=-4.0
cey1=0.0
cez1=0.0
oriw1=0.056108161869887166
orii1=0.10179632996074146
orij1=0.7751171852185145
orik1=0.6210335985734052
lvx1=-0.4355433807334571
lvy1=1.018533963449588
lvz1=5.531303723770852
avx1=1.935231436784179
avy1=5.64291500881141
avz1=1.9725128881126766
shx1=1.0201
shy1=0.9900990099009901
shz1=0.9900990099009901
req1=1.0
rhos1=1.0
cex2=4.0
cey2=0.0
cez2=0.0
oriw2=0.3319145803854048
orii2=-0.749097403017322
orij2=0.5442982459383188
orik2=-0.18007001857264882
lvx2=-0.435456489303437
lvy2=1.0183307646948299
lvz2=5.530200222003417
avx2=2.0667408480548985
avy2=2.661752302945382
avz2=-5.303025037570887
shx2=1.0201
shy2=0.9900990099009901
shz2=0.9900990099009901
req2=1.0
rhos2=1.0
rhof=1.0
ndiv=2
tend=100.0
dt=0.05
tprint=1
logevery=100
nbody=2
impulse_scheme=1
energy_projection=0
impulse_pair_metric_correction=0
