cex1=-4.0
cey1=0.0
cez1=0.0
oriw1=-0.23508566960669652
orii1=-0.5444685029408668
orij1=0.44195549725304584
orik1=0.6730260884235585
lvx1=-1.8717383808203905
lvy1=-2.229277367123279
lvz1=2.0358423070844016
avx1=0.10209579968094964
avy1=5.131758856153365
avz1=3.623954344957515
shx1=1.0
shy1=0.7
shz1=0.7
req1=1.0
rhos1=0.03
cex2=4.0
cey2=0.0
cez2=0.0
oriw2=-0.8957286442381196
orii2=0.39406588989741176
orij2=-0.18985060819525235
orik2=-0.07961794319494826
lvx2=-1.6368246581488644
lvy2=-1.9494904852895192
lvz2=1.7803326161842412
avx2=-5.2098519992828205
avy2=3.3906921412234223
avz2=0.9160057605560992
shx2=1.0
shy2=0.7
shz2=0.7
req2=1.0
rhos2=0.03
rhof=1.0
ndiv=2
tend=100.0
dt=0.05
tprint=1
logevery=100
nbody=2
impulse_scheme=1
energy_projection=0
impulse_pair_metric_correction=0
