cex1=-4.0
cey1=0.0
cez1=0.0
oriw1=-0.8242175396186416
orii1=0.4392909829492749
orij1=0.13080061351089112
orik1=-0.3325358314371959
lvx1=0.37636630847898406
lvy1=0.6609342363975418
lvz1=-0.09517837089353087
avx1=-2.1687842080919264
avy1=5.24587252375027
avz1=2.6936247191564164
shx1=1.0
shy1=0.8
shz1=0.6
req1=1.0
rhos1=0.3
cex2=4.0
cey2=0.0
cez2=0.0
oriw2=-0.3152411097801978
orii2=0.8123907362913317
orij2=-0.48967921027538974
orik2=0.02930196779480755
lvx2=0.37168493409621567
lvy2=0.6527133076553538
lvz2=-0.093994509380806
avx2=3.497256401909798
avy2=-3.8838852915663726
avz2=-3.4875564949707636
shx2=1.0
shy2=0.8
shz2=0.6
req2=1.0
rhos2=0.3
rhof=1.0
ndiv=2
tend=100.0
dt=0.05
tprint=1
logevery=100
nbody=2
impulse_scheme=1
energy_projection=0
impulse_pair_metric_correction=0
