cex1=-4.0
cey1=0.0
cez1=0.0
oriw1=0.604697628926226
orii1=-0.3231148402341547
orij1=-0.5229721615714498
orik1=0.5063967770560377
lvx1=2.639367348696723
lvy1=3.0546946906408143
lvz1=-3.485012690061948
avx1=-5.250185756328728
avy1=-3.4346719728459916
avz1=0.3420461479780149
shx1=1.3
shy1=1.0
shz1=0.7692307692307692
req1=1.0
rhos1=1.0
cex2=4.0
cey2=0.0
cez2=0.0
oriw2=-0.6528353383047513
orii2=0.15233937816022242
orij2=0.05009115961428506
orik2=-0.7403307440939988
lvx2=3.135754352247008
lvy2=3.6291924940621105
lvz2=-4.1404405930436115
avx2=2.30330326677789
avy2=-0.07367018196384609
avz2=-5.845321579682092
shx2=1.3
shy2=1.0
shz2=0.7692307692307692
req2=1.0
rhos2=1.0
rhof=1.0
ndiv=2
tend=100.0
dt=0.05
tprint=1
logevery=100
nbody=2
impulse_scheme=1
energy_projection=0
impulse_pair_metric_correction=0
