cex1=-4.0
cey1=0.0
cez1=0.0
oriw1=0.6658185418362869
orii1=0.0018840282713920176
orij1=-0.06308765515766894
orik1=0.7434393502843257
lvx1=1.7167855443717772
lvy1=-0.6701115165380142
lvz1=0.8827857984181495
avx1=2.63357136843638
avy1=5.703240986309311
avz1=-0.12554562434098737
shx1=1.0
shy1=0.8
shz1=0.6
req1=1.0
rhos1=1.0
cex2=4.0
cey2=0.0
cez2=0.0
oriw2=0.8409851027072104
orii2=0.38585493217225947
orij2=-0.35086050279872244
orik2=0.14407267582269556
lvx2=1.8244298021433296
lvy2=-0.7121282128332406
lvz2=0.9381373956828866
avx2=-0.24905045670857115
avy2=4.958777708107659
avz2=-3.8505733489891143
shx2=1.0
shy2=0.8
shz2=0.6
req2=1.0
rhos2=1.0
rhof=1.0
ndiv=2
tend=100.0
dt=0.05
tprint=1
logevery=100
nbody=2
impulse_scheme=1
energy_projection=0
impulse_pair_metric_correction=0
