cex1=-5.5
cey1=0.0
cez1=0.0
oriw1=0.2581581620015477
orii1=0.5237699449951302
orij1=0.7923998665914688
orik1=-0.1764138870316153
lvx1=3.578763115101992
lvy1=0.7201569948674104
lvz1=0.7643047437710981
avx1=0.11333407665328542
avy1=1.6676188665941643
avz1=6.056782999844535
shx1=1.0
shy1=0.8
shz1=0.6
req1=1.0
rhos1=0.1
cex2=5.5
cey2=0.0
cez2=0.0
oriw2=0.9613459351037842
orii2=-0.26466429050388135
orij2=-0.028085486008219175
orik2=0.07055502722832703
lvx2=3.0129819299429275
lvy2=0.6063044528153048
lvz2=0.6434727049226192
avx2=-5.109283180179898
avy2=3.10757129686002
avz2=-1.9278598559075701
shx2=1.0
shy2=0.8
shz2=0.6
req2=1.0
rhos2=0.1
rhof=1.0
ndiv=2
tend=100.0
dt=0.05
tprint=1
logevery=100
nbody=2
impulse_scheme=1
energy_projection=0
impulse_pair_metric_correction=0
