cex1=-5.5
cey1=0.0
cez1=0.0
oriw1=0.5951278472146216
orii1=-0.5310800126831282
orij1=0.18045931714745403
orik1=0.5755096006608864
lvx1=-0.3893359799974465
lvy1=0.4635466196144642
lvz1=-0.3947648035577497
avx1=-4.456569005799147
avy1=0.43350153844598344
avz1=-4.407889145279496
shx1=1.0
shy1=0.7
shz1=0.7
req1=1.0
rhos1=4.0
cex2=5.5
cey2=0.0
cez2=0.0
oriw2=-0.1948894823780988
orii2=0.1617437509202403
orij2=-0.4166714703747309
orik2=0.8730646794324048
lvx2=-0.42718868096315865
lvy2=0.5086143566780875
lvz2=-0.43314531506597864
avx2=0.6269524445544379
avy2=3.405974868118073
avz2=5.242583660216852
shx2=1.0
shy2=0.7
shz2=0.7
req2=1.0
rhos2=4.0
rhof=1.0
ndiv=2
tend=100.0
dt=0.05
tprint=1
logevery=100
nbody=2
impulse_scheme=1
energy_projection=0
impulse_pair_metric_correction=0
