cex1=-1.5
cey1=0.0
cez1=0.0
oriw1=-0.5515756150509015
orii1=-0.0227074491592866
orij1=-0.00253562025625883
orik1=-0.8338118992097764
lvx1=0.11759222061494053
lvy1=-0.5789335977732483
lvz1=-0.4674728454665911
avx1=-4.2298334342852675
avy1=1.9877053690406679
avz1=4.19951831624138
shx1=1.0
shy1=0.8
shz1=0.6
req1=1.0
rhos1=0.3
cex2=1.5
cey2=0.0
cez2=0.0
oriw2=-0.6023890100606867
orii2=-0.6264507417476718
orij2=-0.481067061322167
orik2=0.11515828772933419
lvx2=0.13036716237034526
lvy2=-0.6418275796465738
lvz2=-0.5182579938534416
avx2=-0.9506922267568921
avy2=0.2887322672130057
avz2=6.204130525078553
shx2=1.0
shy2=0.8
shz2=0.6
req2=1.0
rhos2=0.3
rhof=1.0
ndiv=2
tend=100.0
dt=0.05
tprint=1
logevery=100
nbody=2
impulse_scheme=1
energy_projection=0
impulse_pair_metric_correction=0
