cex1=-1.5
cey1=0.0
cez1=0.0
oriw1=-0.5249515202185403
orii1=-0.23605160162665326
orij1=-0.8075509887457889
orik1=-0.12871263871677033
lvx1=-5.640569523115948
lvy1=-0.6143092991531474
lvz1=-1.4076952131375426
avx1=0.8970561151134713
avy1=3.368690006687275
avz1=5.227392808039228
shx1=1.0
shy1=0.7
shz1=0.7
req1=1.0
rhos1=10.0
cex2=1.5
cey2=0.0
cez2=0.0
oriw2=0.5862032488348861
orii2=-0.6195437274069662
orij2=0.24370040102945476
orik2=0.4616724330347116
lvx2=-5.392184515078618
lvy2=-0.5872579137243813
lvz2=-1.3457067232525486
avx2=-3.2664573238928574
avy2=-5.265750581250528
avz2=-1.0394926510581362
shx2=1.0
shy2=0.7
shz2=0.7
req2=1.0
rhos2=10.0
rhof=1.0
ndiv=2
tend=100.0
dt=0.05
tprint=1
logevery=100
nbody=2
impulse_scheme=1
energy_projection=0
impulse_pair_metric_correction=0
