cex1=-4.0
cey1=0.0
cez1=0.0
oriw1=0.7792793000265561
orii1=-0.55061538123567
orij1=0.23817211657162432
orik1=0.18116433805970555
lvx1=-3.953544352335168
lvy1=-0.8722095773800582
lvz1=-3.8958857085090766
avx1=4.342057355675241
avy1=1.9592518612062142
avz1=-4.097107231784879
shx1=1.0020009999999997
shy1=0.9990009990009991
shz1=0.9990009990009991
req1=1.0
rhos1=1.0
cex2=4.0
cey2=0.0
cez2=0.0
oriw2=0.7492230124592106
orii2=-0.5536374026043301
orij2=-0.12307146255390321
orik2=0.3420583563427732
lvx2=-3.9537679420530387
lvy2=-0.872258904534619
lvz2=-3.8961060373858496
avx2=-4.167295990562698
avy2=0.6082577336239561
avz2=-4.662840793002067
shx2=1.0020009999999997
shy2=0.9990009990009991
shz2=0.9990009990009991
req2=1.0
rhos2=1.0
rhof=1.0
ndiv=2
tend=100.0
dt=0.05
tprint=1
logevery=100
nbody=2
impulse_scheme=1
energy_projection=0
impulse_pair_metric_correction=0
