cex1=-5.5
cey1=0.0
cez1=0.0
oriw1=1.0
orii1=1.0
orij1=1.0
orik1=0.0
lvx1=-1.1332823751311119
lvy1=8.220466799841526
lvz1=0.15148594424652367
avx1=5.602796905624543
avy1=2.8151235554592007
avz1=0.40269567439970905
shx1=1.0
shy1=0.7
shz1=0.7
req1=1.0
rhos1=0.1
cex2=5.5
cey2=0.0
cez2=0.0
oriw2=1.0
orii2=-1.0
orij2=0.0
orik2=1.0
lvx2=-1.256265253644479
lvy2=9.112545148497672
lvz2=0.1679250752932741
avx2=3.490399344413692
avy2=-1.3241273355308985
avz2=5.053930828590133
shx2=1.0
shy2=0.7
shz2=0.7
req2=1.0
rhos2=0.1
rhof=1.0
ndiv=2
tend=100.0
dt=0.05
tprint=1
logevery=100
nbody=2
impulse_scheme=1
energy_projection=0
impulse_pair_metric_correction=0
