cex1=-5.5
cey1=0.0
cez1=0.0
oriw1=-0.23430607962808447
orii1=-0.7654009829185549
orij1=0.5934515411531278
orik1=-0.08412648037095868
lvx1=0.5737524987516501
lvy1=3.01074763908298
lvz1=-0.8466027889615111
avx1=-4.539066777467504
avy1=4.2560202966030225
avz1=0.8726864436619413
shx1=1.0
shy1=0.8
shz1=0.6
req1=1.0
rhos1=0.3
cex2=5.5
cey2=0.0
cez2=0.0
oriw2=-0.5811835457959839
orii2=0.26818460194426
orij2=-0.6025907381133253
orik2=-0.47664148761521374
lvx2=0.6189796997692596
lvy2=3.248075910388757
lvz2=-0.9133379658918772
avx2=0.7010306366230972
avy2=-6.072665462387109
avz2=-1.4524833330554954
shx2=1.0
shy2=0.8
shz2=0.6
req2=1.0
rhos2=0.3
rhof=1.0
ndiv=2
tend=100.0
dt=0.05
tprint=1
logevery=100
nbody=2
impulse_scheme=1
energy_projection=0
impulse_pair_metric_correction=0
