cex1=-1.5
cey1=0.0
cez1=0.0
oriw1=-0.0957734465323163
orii1=-0.21530140419081567
orij1=-0.9200573492008001
orik1=-0.3129971668791612
lvx1=-0.8005729239170051
lvy1=-0.17609009697843897
lvz1=-1.9339681466379355
avx1=2.7924371819861515
avy1=-3.7707294723495455
avz1=4.178793059649304
shx1=1.0
shy1=0.7
shz1=0.7
req1=1.0
rhos1=0.1
cex2=1.5
cey2=0.0
cez2=0.0
oriw2=-0.24854184428454618
orii2=-0.11342528130596179
orij2=0.9541317386972538
orik2=-0.12245114295446696
lvx2=-0.6900611593099072
lvy2=-0.15178247082027566
lvz2=-1.6670015453529863
avx2=5.953035793550119
avy2=0.49574421032211574
avz2=1.9478244589799787
shx2=1.0
shy2=0.7
shz2=0.7
req2=1.0
rhos2=0.1
rhof=1.0
ndiv=2
tend=100.0
dt=0.05
tprint=1
logevery=100
nbody=2
impulse_scheme=1
energy_projection=0
impulse_pair_metric_correction=0
