cex1=-1.5
cey1=0.0
cez1=0.0
oriw1=-0.2818632889682952
orii1=-0.7239455183896614
orij1=-0.2966208393339699
orik1=-0.5554026020899714
lvx1=-0.09241248242296646
lvy1=0.5164964358339865
lvz1=2.0405752684733325
avx1=-2.6715557362605606
avy1=-4.476645172758386
avz1=3.5072575539343807
shx1=1.0
shy1=0.7
shz1=0.7
req1=1.0
rhos1=1.0
cex2=1.5
cey2=0.0
cez2=0.0
oriw2=-0.5431723850348299
orii2=-0.5516310821322775
orij2=0.5591533097875172
orik2=0.29667235380940327
lvx2=-0.09503303273831708
lvy2=0.5311427786473666
lvz2=2.0984400722648764
avx2=-0.9558394007362915
avy2=2.471089094731576
avz2=-5.697236815356739
shx2=1.0
shy2=0.7
shz2=0.7
req2=1.0
rhos2=1.0
rhof=1.0
ndiv=2
tend=100.0
dt=0.05
tprint=1
logevery=100
nbody=2
impulse_scheme=1
energy_projection=0
impulse_pair_metric_correction=0
