cex1=-4.0
cey1=0.0
cez1=0.0
oriw1=0.2459313324044296
orii1=-0.9189475092668188
orij1=0.29197608499899463
orik1=-0.09901121523722439
lvx1=-1.3921096404814373
lvy1=4.935228140719651
lvz1=2.0254149833900414
avx1=5.142721141838187
avy1=2.53051827404254
avz1=-2.5743570316459077
shx1=1.1
shy1=1.0
shz1=0.9090909090909091
req1=1.0
rhos1=1.0
cex2=4.0
cey2=0.0
cez2=0.0
oriw2=-0.47831869637426144
orii2=0.7065902260615367
orij2=-0.14222867309454043
orik2=-0.5017095590906158
lvx2=-1.381173087331298
lvy2=4.896456492783662
lvz2=2.0095031198609066
avx2=-5.301840488426179
avy2=3.0956973349893073
avz2=1.3362496210597743
shx2=1.1
shy2=1.0
shz2=0.9090909090909091
req2=1.0
rhos2=1.0
rhof=1.0
ndiv=2
tend=100.0
dt=0.05
tprint=1
logevery=100
nbody=2
impulse_scheme=1
energy_projection=0
impulse_pair_metric_correction=0
