cex1=-2.5
cey1=0.0
cez1=0.0
oriw1=-0.7177728490953585
orii1=-0.18036194258739313
orij1=0.6666989708020506
orik1=0.08822805165660128
lvx1=0.9738931376833051
lvy1=-0.37523530881443684
lvz1=0.763477190395142
avx1=1.8046692483636224
avy1=-4.521430014806673
avz1=-3.9721854349430172
shx1=1.0
shy1=0.7
shz1=0.7
req1=1.0
rhos1=4.0
cex2=2.5
cey2=0.0
cez2=0.0
oriw2=0.37369040167079837
orii2=0.35907921360471595
orij2=-0.410025819659496
orik2=-0.7505307650381127
lvx2=0.960218370004636
lvy2=-0.3699665011040988
lvz2=0.7527569452238367
avx2=-2.5263212020492385
avy2=3.801897127683235
avz2=-4.317603156723403
shx2=1.0
shy2=0.7
shz2=0.7
req2=1.0
rhos2=4.0
rhof=1.0
ndiv=2
tend=100.0
dt=0.05
tprint=1
logevery=100
nbody=2
impulse_scheme=1
energy_projection=0
impulse_pair_metric_correction=0
