cex1=-1.5
cey1=0.0
cez1=0.0
oriw1=-0.3000976185374353
orii1=0.4031163936513339
orij1=0.46481512158905675
orik1=-0.7289619299111944
lvx1=-3.4017997171629117
lvy1=8.038056927109926
lvz1=3.2739569786134073
avx1=2.015986498017507
avy1=-5.6280004911768975
avz1=1.9338631067066607
shx1=1.0
shy1=0.8
shz1=0.6
req1=1.0
rhos1=0.3
cex2=1.5
cey2=0.0
cez2=0.0
oriw2=0.3862137922553349
orii2=-0.0634702952981717
orij2=-0.8261459815256664
orik2=-0.4053310319917648
lvx2=-3.3722797162798477
lvy2=7.96830459972003
lvz2=3.2455463663095223
avx2=-2.148163402156489
avy2=5.805529484411238
avz2=-1.0768653618835924
shx2=1.0
shy2=0.8
shz2=0.6
req2=1.0
rhos2=0.3
rhof=1.0
ndiv=2
tend=100.0
dt=0.05
tprint=1
logevery=100
nbody=2
impulse_scheme=1
energy_projection=0
impulse_pair_metric_correction=0
