cex1=-1.5
cey1=0.0
cez1=0.0
oriw1=-0.5991322725354488
orii1=0.35174676568080415
orij1=-0.007585762271580031
orik1=0.7192059434197977
lvx1=-0.4435678152702772
lvy1=1.2972510467493477
lvz1=1.5935239870888798
avx1=-2.7627161328555276
avy1=5.608563457263861
avz1=0.6243661741812079
shx1=1.0
shy1=0.7
shz1=0.7
req1=1.0
rhos1=0.3
cex2=1.5
cey2=0.0
cez2=0.0
oriw2=0.32886501683125663
orii2=-0.7185369515587093
orij2=-0.6027085507731169
orik2=0.11088215715011818
lvx2=-0.4583396266567216
lvy2=1.3404524403666291
lvz2=1.6465919396469542
avx2=-0.5825998874642423
avy2=-5.634643306063112
avz2=2.7184167798412084
shx2=1.0
shy2=0.7
shz2=0.7
req2=1.0
rhos2=0.3
rhof=1.0
ndiv=2
tend=100.0
dt=0.05
tprint=1
logevery=100
nbody=2
impulse_scheme=1
energy_projection=0
impulse_pair_metric_correction=0
