cex1=-4.0
cey1=0.0
cez1=0.0
oriw1=-0.6725179349943753
orii1=-0.3963607549086951
orij1=-0.5167634439098127
orik1=0.3515299732847546
lvx1=4.253231847237674
lvy1=2.4281107871826246
lvz1=-2.758496656554264
avx1=-2.8462144100511466
avy1=-2.5143907831367183
avz1=5.005528955670095
shx1=1.0020009999999997
shy1=0.9990009990009991
shz1=0.9990009990009991
req1=1.0
rhos1=1.0
cex2=4.0
cey2=0.0
cez2=0.0
oriw2=0.7666956023801691
orii2=-0.3546126314431943
orij2=0.4022269467755325
orik2=-0.3530456318940595
lvx2=8.926968587791837
lvy2=5.096281957668353
lvz2=-5.789718004341053
avx2=-4.3172967346579245
avy2=2.709552473950924
avz2=3.673920508146018
shx2=4.0
shy2=0.5
shz2=0.5
req2=1.0
rhos2=1.0
rhof=1.0
ndiv=2
tend=100.0
dt=0.05
tprint=1
logevery=100
nbody=2
impulse_scheme=1
energy_projection=0
impulse_pair_metric_correction=0
