cex1=-5.5
cey1=0.0
cez1=0.0
oriw1=0.4355082054421931
orii1=-0.0556386645120747
orij1=0.8177416896688269
orik1=-0.37220353434835274
lvx1=-0.40240389336111126
lvy1=-1.483498736374921
lvz1=2.480360067587183
avx1=6.124644362229946
avy1=1.3407561310799923
avz1=0.41173053995762093
shx1=1.0
shy1=0.7
shz1=0.7
req1=1.0
rhos1=10.0
cex2=5.5
cey2=0.0
cez2=0.0
oriw2=0.9250396985658523
orii2=-0.22122756577254907
orij2=0.06331553220447275
orik2=-0.30224338471042467
lvx2=-0.48887864256347013
lvy2=-1.8022958039145145
lvz2=3.0133780585032617
avx2=-0.6837991718138885
avy2=5.339235425982956
avz2=3.2408951483984603
shx2=1.0
shy2=0.7
shz2=0.7
req2=1.0
rhos2=10.0
rhof=1.0
ndiv=2
tend=100.0
dt=0.05
tprint=1
logevery=100
nbody=2
impulse_scheme=1
energy_projection=0
impulse_pair_metric_correction=0
