cex1=-4.0
cey1=0.0
cez1=0.0
oriw1=-0.13147677738764238
orii1=-0.2546825067031312
orij1=0.8384290473993078
orik1=0.4635595002416186
lvx1=0.44977174278377374
lvy1=0.9951684301734914
lvz1=0.1901598514113348
avx1=5.742281489448359
avy1=1.7824262605889156
avz1=-1.8241648845044613
shx1=1.0
shy1=0.7
shz1=0.7
req1=1.0
rhos1=1.0
cex2=4.0
cey2=0.0
cez2=0.0
oriw2=-0.37907462480089177
orii2=-0.23142434848603033
orij2=-0.4248158760962413
orik2=-0.7888451503156133
lvx2=0.5315580649069113
lvy2=1.1761294778666873
lvz2=0.22473844624736522
avx2=-0.5439309226343716
avy2=-5.729869880289803
avz2=-2.5201483906126003
shx2=1.0
shy2=0.7
shz2=0.7
req2=1.0
rhos2=1.0
rhof=1.0
ndiv=2
tend=100.0
dt=0.05
tprint=1
logevery=100
nbody=2
impulse_scheme=1
energy_projection=0
impulse_pair_metric_correction=0
