cex1=-4.0
cey1=0.0
cez1=0.0
oriw1=0.3191720780811861
orii1=0.8307118540654959
orij1=-0.36756872454510947
orik1=0.27007449495404995
lvx1=0.6238260868243589
lvy1=3.8113845456778006
lvz1=-4.0269755096919875
avx1=-4.728032074370239
avy1=-3.927804152894428
avz1=1.3024917829257041
shx1=1.03
shy1=1.0
shz1=0.970873786407767
req1=1.0
rhos1=1.0
cex2=4.0
cey2=0.0
cez2=0.0
oriw2=-0.7158111080189301
orii2=0.19968022916529146
orij2=0.28019895405470074
orik2=-0.6076436536851677
lvx2=0.6317432069178204
lvy2=3.859755702010976
lvz2=-4.07808278044746
avx2=-2.8531583452442235
avy2=3.1761355072623
avz2=-4.60977963690547
shx2=1.03
shy2=1.0
shz2=0.970873786407767
req2=1.0
rhos2=1.0
rhof=1.0
ndiv=2
tend=100.0
dt=0.05
tprint=1
logevery=100
nbody=2
impulse_scheme=1
energy_projection=0
impulse_pair_metric_correction=0
