cex1=-2.5
cey1=0.0
cez1=0.0
oriw1=0.8474279517212941
orii1=-0.28697581743504813
orij1=-0.38332578196923317
orik1=0.22928604782370385
lvx1=-0.5571467360665086
lvy1=-1.1259298846046164
lvz1=0.19942202023409866
avx1=-2.8809234028944473
avy1=4.175209129040172
avz1=-3.707603900067013
shx1=1.0
shy1=0.8
shz1=0.6
req1=1.0
rhos1=1.0
cex2=2.5
cey2=0.0
cez2=0.0
oriw2=-0.03500801218558374
orii2=0.1059381506736354
orij2=-0.9317544367829582
orik2=0.3455216590171105
lvx2=-0.4888660258601447
lvy2=-0.9879423721834809
lvz2=0.17498200059312094
avx2=-5.837380706620262
avy2=-1.8289594461694156
avz2=-1.4346816492179104
shx2=1.0
shy2=0.8
shz2=0.6
req2=1.0
rhos2=1.0
rhof=1.0
ndiv=2
tend=100.0
dt=0.05
tprint=1
logevery=100
nbody=2
impulse_scheme=1
energy_projection=0
impulse_pair_metric_correction=0
