cex1=-4.0
cey1=0.0
cez1=0.0
oriw1=-0.8802488092171151
orii1=0.2710287394877011
orij1=-0.1935377332593471
orik1=-0.33800680769533714
lvx1=-3.4853001935720127
lvy1=-2.4219784921411205
lvz1=3.797174426494225
avx1=2.7404498661306844
avy1=5.6183986414228695
avz1=0.633994354580072
shx1=1.3
shy1=1.3
shz1=0.5917159763313609
req1=1.0
rhos1=1.0
cex2=4.0
cey2=0.0
cez2=0.0
oriw2=0.7235056820917894
orii2=-0.07273315567402396
orij2=-0.18430875359655755
orik2=0.6612712751921681
lvx2=-5.201722931494769
lvy2=-3.614742020039796
lvz2=5.667187384779399
avx2=5.4573826121460085
avy2=-2.135323151794584
avz2=-2.266227628993585
shx2=2.0
shy2=2.0
shz2=0.25
req2=1.0
rhos2=1.0
rhof=1.0
ndiv=2
tend=100.0
dt=0.05
tprint=1
logevery=100
nbody=2
impulse_scheme=1
energy_projection=0
impulse_pair_metric_correction=0
