cex1=-4.0
cey1=0.0
cez1=0.0
oriw1=0.9799939787749138
orii1=-0.10499632373211246
orij1=0.01384458613310314
orik1=-0.1685108334869256
lvx1=-0.1870344531389537
lvy1=5.379000840226586
lvz1=-1.4078646992381092
avx1=5.652450423918701
avy1=-2.259069698597293
avz1=1.5571852511433149
shx1=1.03
shy1=1.03
shz1=0.9425959091337544
req1=1.0
rhos1=1.0
cex2=4.0
cey2=0.0
cez2=0.0
oriw2=-0.5992459582653887
orii2=-0.22761035591349552
orij2=0.7291634099806322
orik2=0.23962163702166858
lvx2=-0.29389286395434505
lvy2=8.452185870656447
lvz2=-2.212220163586194
avx2=5.530728558099201
avy2=1.049138670255317
avz2=2.7908363032536085
shx2=2.0
shy2=2.0
shz2=0.25
req2=1.0
rhos2=1.0
rhof=1.0
ndiv=2
tend=100.0
dt=0.05
tprint=1
logevery=100
nbody=2
impulse_scheme=1
energy_projection=0
impulse_pair_metric_correction=0
