cex1=-4.0
cey1=0.0
cez1=0.0
oriw1=-0.22695350212822205
orii1=-0.5776629172218616
orij1=0.7776123371183183
orik1=-0.1005818825626686
lvx1=3.6441093068441948
lvy1=0.8535360944101572
lvz1=4.233213533563881
avx1=-2.3009803074063453
avy1=-4.1935850484877735
avz1=4.074033832749237
shx1=1.03
shy1=1.03
shz1=0.9425959091337544
req1=1.0
rhos1=1.0
cex2=4.0
cey2=0.0
cez2=0.0
oriw2=0.5954352456379058
orii2=0.18946253673821734
orij2=-0.757930440387167
orik2=0.1873559792463574
lvx2=7.236814671738166
lvy2=1.6950321768022676
lvz2=8.40671319895879
avx2=-0.21958251551878408
avy2=-0.4629428934919072
avz2=-6.2622587778373715
shx2=2.0
shy2=2.0
shz2=0.25
req2=1.0
rhos2=1.0
rhof=1.0
ndiv=2
tend=100.0
dt=0.05
tprint=1
logevery=100
nbody=2
impulse_scheme=1
energy_projection=0
impulse_pair_metric_correction=0
