cex1=-4.0
cey1=0.0
cez1=0.0
oriw1=0.7945409905554957
orii1=-0.00503146823707314
orij1=-0.604426734478267
orik1=0.05785863204751373
lvx1=1.9413884557803032
lvy1=1.6086732936179111
lvz1=-4.803326644253325
avx1=5.83660684082817
avy1=-1.8736252942282683
avz1=1.3791179959609263
shx1=1.1
shy1=1.0
shz1=0.9090909090909091
req1=1.0
rhos1=1.0
cex2=4.0
cey2=0.0
cez2=0.0
oriw2=0.7237585944581784
orii2=0.6752297272468529
orij2=-0.1388475574788563
orik2=0.030978511459048185
lvx2=2.0255023853372394
lvy2=1.678371777554304
lvz2=-5.0114388733081165
avx2=3.2360077985185245
avy2=-4.2572695488222365
avz2=3.298837237718107
shx2=1.1
shy2=1.0
shz2=0.9090909090909091
req2=1.0
rhos2=1.0
rhof=1.0
ndiv=2
tend=100.0
dt=0.05
tprint=1
logevery=100
nbody=2
impulse_scheme=1
energy_projection=0
impulse_pair_metric_correction=0
