cex1=-5.5
cey1=0.0
cez1=0.0
oriw1=0.6694319450277691
orii1=-0.2872079945867943
orij1=-0.6845998305693026
orik1=-0.02637253886624922
lvx1=2.2546928731843425
lvy1=5.718460162475902
lvz1=0.7221223588282542
avx1=0.44364709056772483
avy1=0.3755010262428061
avz1=6.256244388023762
shx1=1.0
shy1=0.8
shz1=0.6
req1=1.0
rhos1=10.0
cex2=5.5
cey2=0.0
cez2=0.0
oriw2=-0.9618036585136565
orii2=0.05708233529577426
orij2=-0.14151751649826463
orik2=0.2272622317744196
lvx2=2.23584823746623
lvy2=5.670665493892859
lvz2=0.7160868881183107
avx2=-0.5952551870628912
avy2=1.9026911779740707
avz2=5.958511151948262
shx2=1.0
shy2=0.8
shz2=0.6
req2=1.0
rhos2=10.0
rhof=1.0
ndiv=2
tend=100.0
dt=0.05
tprint=1
logevery=100
nbody=2
impulse_scheme=1
energy_projection=0
impulse_pair_metric_correction=0
