cex1=-4.0
cey1=0.0
cez1=0.0
oriw1=0.46450714981418556
orii1=0.08155717132133876
orij1=-0.7030673221688427
orik1=0.5322385518504802
lvx1=-4.827762111775662
lvy1=2.342931231098989
lvz1=1.6566846129396449
avx1=-4.4724594310640615
avy1=-2.932085989898566
avz1=-3.2982413480041313
shx1=1.01
shy1=1.01
shz1=0.9802960494069208
req1=1.0
rhos1=1.0
cex2=4.0
cey2=0.0
cez2=0.0
oriw2=-0.019240722314196858
orii2=-0.2235539413308149
orij2=0.13650667805676792
orik2=-0.9648934432185724
lvx2=-4.829376587740525
lvy2=2.3437147423972586
lvz2=1.6572386330895656
avx2=5.222713309434599
avy2=0.6565525523196152
avz2=3.4308340149087253
shx2=1.01
shy2=1.01
shz2=0.9802960494069208
req2=1.0
rhos2=1.0
rhof=1.0
ndiv=2
tend=100.0
dt=0.05
tprint=1
logevery=100
nbody=2
impulse_scheme=1
energy_projection=0
impulse_pair_metric_correction=0
