cex1=-2.5
cey1=0.0
cez1=0.0
oriw1=1.0
orii1=1.0
orij1=1.0
orik1=0.0
lvx1=3.501077919312236
lvy1=0.5079825097906816
lvz1=0.16069832871056777
avx1=0.8414249824117247
avy1=5.9298653663529794
avz1=-1.8992415170952601
shx1=1.0
shy1=0.7
shz1=0.7
req1=1.0
rhos1=10.0
cex2=2.5
cey2=0.0
cez2=0.0
oriw2=1.0
orii2=-1.0
orij2=0.0
orik2=1.0
lvx2=3.1314040783501325
lvy2=0.4543453586435914
lvz2=0.1437304206034851
avx2=-4.861832135696302
avy2=2.4972364906786706
avz2=3.099163725634877
shx2=1.0
shy2=0.7
shz2=0.7
req2=1.0
rhos2=10.0
rhof=1.0
ndiv=2
tend=100.0
dt=0.05
tprint=1
logevery=100
nbody=2
impulse_scheme=1
energy_projection=0
impulse_pair_metric_correction=0
