cex1=-1.5
cey1=0.0
cez1=0.0
oriw1=-0.08453209860312531
orii1=-0.6498212420068088
orij1=-0.6423275103406906
orik1=0.39749471342649334
lvx1=-2.5619874183966194
lvy1=-1.11771796896543
lvz1=-2.0547868567587386
avx1=2.5694409530011093
avy1=4.302442328500978
avz1=3.790168967647917
shx1=1.0
shy1=0.8
shz1=0.6
req1=1.0
rhos1=0.03
cex2=1.5
cey2=0.0
cez2=0.0
oriw2=-0.9079144793092218
orii2=-0.10444921765297889
orij2=-0.2316191839514997
orik2=0.33336798409263385
lvx2=-2.5586905684203693
lvy2=-1.1162796525892535
lvz2=-2.0521426892069154
avx2=0.016813529170256004
avy2=-5.8402924216442855
avz2=-2.3171360208841003
shx2=1.0
shy2=0.8
shz2=0.6
req2=1.0
rhos2=0.03
rhof=1.0
ndiv=2
tend=100.0
dt=0.05
tprint=1
logevery=100
nbody=2
impulse_scheme=1
energy_projection=0
impulse_pair_metric_correction=0
