cex1=-4.0
cey1=0.0
cez1=0.0
oriw1=0.7966452133636915
orii1=0.42723601892359164
orij1=-0.037324151788357025
orik1=0.42594917050314635
lvx1=-0.7956722842578472
lvy1=1.200233753561407
lvz1=5.5836668760750845
avx1=-1.2415275957794425
avy1=-4.50905363732297
avz1=-4.195886334139671
shx1=1.1
shy1=1.0
shz1=0.9090909090909091
req1=1.0
rhos1=1.0
cex2=4.0
cey2=0.0
cez2=0.0
oriw2=0.6393028197610419
orii2=0.6289281281580746
orij2=0.20018515781726615
orik2=0.39454685000242673
lvx2=-0.7652586044364464
lvy2=1.1543561657480992
lvz2=5.370237478120491
avx2=-5.6492591150670455
avy2=-1.0456782878242237
avz2=-2.543785756222864
shx2=2.0
shy2=1.0
shz2=0.5
req2=1.0
rhos2=1.0
rhof=1.0
ndiv=2
tend=100.0
dt=0.05
tprint=1
logevery=100
nbody=2
impulse_scheme=1
energy_projection=0
impulse_pair_metric_correction=0
