cex1=-4.0
cey1=0.0
cez1=0.0
oriw1=0.09402139327819399
orii1=-0.12500092851393552
orij1=-0.9669643559985969
orik1=0.20128258669070181
lvx1=-1.1917474584172203
lvy1=-2.6869086007912855
lvz1=-4.788916325147954
avx1=1.0894645947514192
avy1=-6.167260230434222
avz1=-0.5063454860517497
shx1=1.0003
shy1=1.0003
shz1=0.9994002698920407
req1=1.0
rhos1=1.0
cex2=4.0
cey2=0.0
cez2=0.0
oriw2=0.5626817981727379
orii2=-0.6987581279791314
orij2=-0.2153167974896874
orik2=-0.3857005954195288
lvx2=-1.1919224830362132
lvy2=-2.687303210530791
lvz2=-4.7896196438328635
avx2=5.670570086028382
avy2=-0.9278298124364582
avz2=-2.5420826782289416
shx2=1.0
shy2=1.0
shz2=1.0
req2=1.0
rhos2=1.0
rhof=1.0
ndiv=2
tend=100.0
dt=0.05
tprint=1
logevery=100
nbody=2
impulse_scheme=1
energy_projection=0
impulse_pair_metric_correction=0
