cex1=-4.0
cey1=0.0
cez1=0.0
oriw1=0.4774972601155608
orii1=-0.5103354521682569
orij1=-0.5002507471869209
orik1=0.5111783277695569
lvx1=-2.264683611002634
lvy1=1.5590999082402879
lvz1=5.415340330477405
avx1=-3.2674170472981414
avy1=2.3516466148761137
avz1=4.82412288837304
shx1=1.3
shy1=1.0
shz1=0.7692307692307692
req1=1.0
rhos1=1.0
cex2=4.0
cey2=0.0
cez2=0.0
oriw2=0.568554040311077
orii2=0.23552634775279993
orij2=0.7009243709412628
orik2=0.3605255455314814
lvx2=-2.104866530471552
lvy2=1.449075358064413
lvz2=5.033183689481553
avx2=3.924287838960187
avy2=-4.855405231908972
avz2=-0.7095227940648599
shx2=1.3
shy2=1.0
shz2=0.7692307692307692
req2=1.0
rhos2=1.0
rhof=1.0
ndiv=2
tend=100.0
dt=0.05
tprint=1
logevery=100
nbody=2
impulse_scheme=1
energy_projection=0
impulse_pair_metric_correction=0
