cex1=-4.0
cey1=0.0
cez1=0.0
oriw1=0.10821787282707583
orii1=0.706436657186376
orij1=0.6031199153482694
orik1=-0.35423510426610416
lvx1=-4.292859961303001
lvy1=-9.86752116134548
lvz1=7.841159895053317
avx1=3.5485142299182044
avy1=5.171626457179285
avz1=0.37515883546663675
shx1=4.0
shy1=0.5
shz1=0.5
req1=1.0
rhos1=1.0
cex2=4.0
cey2=0.0
cez2=0.0
oriw2=-0.5020752603636892
orii2=-0.05076474343125191
orij2=0.8346021142932168
orik2=-0.22086802523766322
lvx2=-2.2630281942832537
lvy2=-5.201771964868275
lvz2=4.133553406900036
avx2=5.7368721426085285
avy2=1.3642429924639303
avz2=-2.169229513267954
shx2=4.0
shy2=0.5
shz2=0.5
req2=1.0
rhos2=1.0
rhof=1.0
ndiv=2
tend=100.0
dt=0.05
tprint=1
logevery=100
nbody=2
impulse_scheme=1
energy_projection=0
impulse_pair_metric_correction=0
