cex1=-2.5
cey1=0.0
cez1=0.0
oriw1=0.9352288259015877
orii1=0.3409622519349774
orij1=-0.08273456460072247
orik1=0.04740018753650308
lvx1=-1.049835921342024
lvy1=9.379114929228406
lvz1=-1.9921354039504124
avx1=-3.3915487186163698
avy1=1.1114354244430709
avz1=-5.171124267594248
shx1=1.0
shy1=0.8
shz1=0.6
req1=1.0
rhos1=0.3
cex2=2.5
cey2=0.0
cez2=0.0
oriw2=-0.527289808678241
orii2=-0.4460974806222362
orij2=-0.2976727417995323
orik2=-0.6590549553990976
lvx2=-0.9791991007161084
lvy2=8.748053593435232
lvz2=-1.8580972096662054
avx2=-4.178438095729048
avy2=-3.7562708133911236
avz2=2.812383732882771
shx2=1.0
shy2=0.8
shz2=0.6
req2=1.0
rhos2=0.3
rhof=1.0
ndiv=2
tend=100.0
dt=0.05
tprint=1
logevery=100
nbody=2
impulse_scheme=1
energy_projection=0
impulse_pair_metric_correction=0
