cex1=-4.0
cey1=0.0
cez1=0.0
oriw1=0.5427843266730042
orii1=0.010811505096180027
orij1=-0.471151598391609
orik1=0.695186634946847
lvx1=5.586723598746785
lvy1=0.020215702153484363
lvz1=-0.6286728786714076
avx1=2.115216434893147
avy1=0.2711376712702593
avz1=-5.91022515655144
shx1=1.001
shy1=1.0
shz1=0.9990009990009991
req1=1.0
rhos1=1.0
cex2=4.0
cey2=0.0
cez2=0.0
oriw2=0.8502372211661268
orii2=-0.21584968286865047
orij2=-0.02198384609446813
orik2=-0.4796063934729192
lvx2=6.363408803483141
lvy2=0.023026157420949232
lvz2=-0.7160731079565342
avx2=4.779668714792768
avy2=3.5036757716484437
avz2=-2.08744836303856
shx2=2.0
shy2=1.0
shz2=0.5
req2=1.0
rhos2=1.0
rhof=1.0
ndiv=2
tend=100.0
dt=0.05
tprint=1
logevery=100
nbody=2
impulse_scheme=1
energy_projection=0
impulse_pair_metric_correction=0
