cex1=-4.0
cey1=0.0
cez1=0.0
oriw1=0.4565291923649583
orii1=0.6982459172400645
orij1=0.32100268511695823
orik1=-0.4483202111481066
lvx1=-2.2041281115423463
lvy1=4.015011225652195
lvz1=-3.2564846935677902
avx1=-0.24045400600643976
avy1=6.123108658123009
avz1=-1.388574749940364
shx1=1.0003
shy1=1.0
shz1=0.9997000899730081
req1=1.0
rhos1=1.0
cex2=4.0
cey2=0.0
cez2=0.0
oriw2=0.2789541307887225
orii2=-0.04212749534902031
orij2=-0.8888881655990286
orik2=0.3609538697805033
lvx2=-2.204112257386847
lvy2=4.01498234592784
lvz2=-3.256461269877287
avx2=4.538214581295419
avy2=2.574053430197092
avz2=3.501039125312037
shx2=1.0
shy2=1.0
shz2=1.0
req2=1.0
rhos2=1.0
rhof=1.0
ndiv=2
tend=100.0
dt=0.05
tprint=1
logevery=100
nbody=2
impulse_scheme=1
energy_projection=0
impulse_pair_metric_correction=0
