cex1=-4.0
cey1=0.0
cez1=0.0
oriw1=0.31650437735143655
orii1=0.44381740100311584
orij1=0.15533080245183584
orik1=-0.8238467305839646
lvx1=-1.2875153115126878
lvy1=-1.2251081671106907
lvz1=5.329950624091465
avx1=4.889778587490289
avy1=-2.1834872765916624
avz1=-3.286467143094728
shx1=1.003
shy1=1.003
shz1=0.9940268924035474
req1=1.0
rhos1=1.0
cex2=4.0
cey2=0.0
cez2=0.0
oriw2=0.39294004267658555
orii2=-0.4575060586318348
orij2=0.6289386423787562
orik2=-0.4906348064490067
lvx2=-1.2872588337624982
lvy2=-1.2248641210914861
lvz2=5.328888878469907
avx2=-0.6450862645143939
avy2=-5.478669602854779
avz2=3.0077334819507127
shx2=1.003
shy2=1.003
shz2=0.9940268924035474
req2=1.0
rhos2=1.0
rhof=1.0
ndiv=2
tend=100.0
dt=0.05
tprint=1
logevery=100
nbody=2
impulse_scheme=1
energy_projection=0
impulse_pair_metric_correction=0
