cex1=-4.0
cey1=0.0
cez1=0.0
oriw1=-0.512098395082024
orii1=0.35184369298441454
orij1=-0.2776300710223094
orik1=0.7327228624286618
lvx1=-11.993986756530886
lvy1=-7.88206256908076
lvz1=-5.8642869651166505
avx1=-1.6054087231320775
avy1=-3.0594658618290898
avz1=5.247928074616805
shx1=4.0
shy1=0.5
shz1=0.5
req1=1.0
rhos1=1.0
cex2=4.0
cey2=0.0
cez2=0.0
oriw2=0.7118090863485425
orii2=0.5313114222777255
orij2=-0.43153716947991155
orik2=-0.15751720066754557
lvx2=-12.337679464477262
lvy2=-8.107926369296733
lvz2=-6.032330561306058
avx2=-0.5994571418990867
avy2=-6.051556777601648
avz2=-1.5804206107385392
shx2=4.0
shy2=0.5
shz2=0.5
req2=1.0
rhos2=1.0
rhof=1.0
ndiv=2
tend=100.0
dt=0.05
tprint=1
logevery=100
nbody=2
impulse_scheme=1
energy_projection=0
impulse_pair_metric_correction=0
