cex1=-4.0
cey1=0.0
cez1=0.0
oriw1=-0.32680695675554833
orii1=0.7947518673957294
orij1=-0.48303468511542375
orik1=0.16806003469778752
lvx1=-1.0164717543089148
lvy1=-5.066376293953088
lvz1=-2.0863316816686037
avx1=5.561197360000579
avy1=-1.079397833902749
avz1=2.717793561631582
shx1=1.03
shy1=1.0
shz1=0.970873786407767
req1=1.0
rhos1=1.0
cex2=4.0
cey2=0.0
cez2=0.0
oriw2=0.13846540529024115
orii2=0.9202672280609109
orij2=0.3332995766167564
orik2=-0.15115208474244646
lvx2=-1.0253848791686078
lvy2=-5.110801772873448
lvz2=-2.1046260756826194
avx2=-2.7818279001904735
avy2=5.013161047082209
avz2=-2.5706161623425823
shx2=1.03
shy2=1.0
shz2=0.970873786407767
req2=1.0
rhos2=1.0
rhof=1.0
ndiv=2
tend=100.0
dt=0.05
tprint=1
logevery=100
nbody=2
impulse_scheme=1
energy_projection=0
impulse_pair_metric_correction=0
