cex1=-5.5
cey1=0.0
cez1=0.0
oriw1=0.3501451920725271
orii1=-0.3360843932254036
orij1=-0.8646883273565844
orik1=-0.12945934354876681
lvx1=0.05069120138698556
lvy1=-2.182799226136537
lvz1=-0.22927957925443412
avx1=2.0772542786089274
avy1=3.2117427052603693
avz1=-4.984790974711491
shx1=1.0
shy1=0.8
shz1=0.6
req1=1.0
rhos1=0.03
cex2=5.5
cey2=0.0
cez2=0.0
oriw2=0.4467253585451096
orii2=-0.5583304946466121
orij2=0.488361928457812
orik2=-0.5002060971373494
lvx2=0.0518576791039832
lvy2=-2.2330285872149997
lvz2=-0.23455563333966153
avx2=0.6767004566481779
avy2=-3.050643183179711
avz2=5.45106138887178
shx2=1.0
shy2=0.8
shz2=0.6
req2=1.0
rhos2=0.03
rhof=1.0
ndiv=2
tend=100.0
dt=0.05
tprint=1
logevery=100
nbody=2
impulse_scheme=1
energy_projection=0
impulse_pair_metric_correction=0
