cex1=-4.0
cey1=0.0
cez1=0.0
oriw1=0.2467772645032986
orii1=-0.26807342773549625
orij1=-0.3512691431628897
orik1=-0.86246600404191
lvx1=3.3065524667605515
lvy1=-4.335353061326438
lvz1=-1.6286226360561562
avx1=2.6109748861468685
avy1=5.09088019518818
avz1=2.596953327749374
shx1=1.0
shy1=0.7
shz1=0.7
req1=1.0
rhos1=0.03
cex2=4.0
cey2=0.0
cez2=0.0
oriw2=0.02700797561454264
orii2=0.6418791765428662
orij2=0.29056339965678585
orik2=0.7091083152479226
lvx2=3.2683953664145253
lvy2=-4.2853237623936575
lvz2=-1.609828584555535
avx2=3.050800819338279
avy2=1.972908718717259
avz2=-5.126271857080128
shx2=1.0
shy2=0.7
shz2=0.7
req2=1.0
rhos2=0.03
rhof=1.0
ndiv=2
tend=100.0
dt=0.05
tprint=1
logevery=100
nbody=2
impulse_scheme=1
energy_projection=0
impulse_pair_metric_correction=0
