cex1=-4.0
cey1=0.0
cez1=0.0
oriw1=-0.18007270018147223
orii1=0.6456008380429843
orij1=0.7419589397084442
orik1=0.016441178615637358
lvx1=-7.620151518827332
lvy1=2.120048234660018
lvz1=-2.3310395978839713
avx1=-5.698586436063891
avy1=-1.0573140467193096
avz1=2.4262351991668285
shx1=1.0
shy1=0.7
shz1=0.7
req1=1.0
rhos1=1.0
cex2=4.0
cey2=0.0
cez2=0.0
oriw2=-0.49309766531258564
orii2=-0.2614473838330789
orij2=-0.028306696651109138
orik2=-0.8292760028330847
lvx2=-7.3191612722439015
lvy2=2.036307925908613
lvz2=-2.2389652891737937
avx2=6.23624998273814
avy2=0.6218259211248257
avz2=-0.44825916719375525
shx2=1.0
shy2=0.7
shz2=0.7
req2=1.0
rhos2=1.0
rhof=1.0
ndiv=2
tend=100.0
dt=0.05
tprint=1
logevery=100
nbody=2
impulse_scheme=1
energy_projection=0
impulse_pair_metric_correction=0
