cex1=-4.0
cey1=0.0
cez1=0.0
oriw1=-0.23265825032396334
orii1=0.9023478480994113
orij1=0.05126048247104844
orik1=-0.3591808214860437
lvx1=-4.837005705021209
lvy1=-0.5800233946017141
lvz1=-4.077710395731467
avx1=-4.987131097430971
avy1=-2.0727171652373095
avz1=3.211041042142721
shx1=2.0
shy1=1.0
shz1=0.5
req1=1.0
rhos1=1.0
cex2=4.0
cey2=0.0
cez2=0.0
oriw2=-0.0875895336827608
orii2=-0.7560829865310018
orij2=-0.3916080783130299
orik2=0.51702002288845
lvx2=-6.307147639114183
lvy2=-0.7563135970866414
lvz2=-5.317074873145372
avx2=-0.9477223942874055
avy2=-5.473013124537663
avz2=2.9370677905629057
shx2=2.0
shy2=1.0
shz2=0.5
req2=1.0
rhos2=1.0
rhof=1.0
ndiv=2
tend=100.0
dt=0.05
tprint=1
logevery=100
nbody=2
impulse_scheme=1
energy_projection=0
impulse_pair_metric_correction=0
