cex1=-4.0
cey1=0.0
cez1=0.0
oriw1=-0.27765970599812384
orii1=-0.8498114258907523
orij1=0.29280393080481326
orik1=-0.33910394600448385
lvx1=-0.524271891963572
lvy1=-4.291239010430138
lvz1=3.5858907160479787
avx1=-3.477236126777771
avy1=4.497497294622539
avz1=-2.6757736466024014
shx1=1.01
shy1=1.0
shz1=0.9900990099009901
req1=1.0
rhos1=1.0
cex2=4.0
cey2=0.0
cez2=0.0
oriw2=-0.3535435154803322
orii2=-0.26154846234476536
orij2=0.2661630875037795
orik2=0.8577625518506578
lvx2=-0.5245587136856292
lvy2=-4.293586686476855
lvz2=3.5878525060391104
avx2=5.912522545582445
avy2=-1.8169803289792048
avz2=-1.1041183072657308
shx2=1.0
shy2=1.0
shz2=1.0
req2=1.0
rhos2=1.0
rhof=1.0
ndiv=2
tend=100.0
dt=0.05
tprint=1
logevery=100
nbody=2
impulse_scheme=1
energy_projection=0
impulse_pair_metric_correction=0
