cex1=-4.0
cey1=0.0
cez1=0.0
oriw1=0.5269343685886735
orii1=0.7070466887863718
orij1=-0.39516308986645554
orik1=-0.25743209489781804
lvx1=5.431942051228305
lvy1=-0.5577605801040266
lvz1=1.3287749135446485
avx1=-3.4081027702631745
avy1=0.34333716134797254
avz1=-5.267387654741145
shx1=1.0
shy1=1.0
shz1=1.0
req1=1.0
rhos1=1.0
cex2=4.0
cey2=0.0
cez2=0.0
oriw2=0.6283945330895985
orii2=-0.08425559380052097
orij2=-0.6771349585918771
orik2=0.3735097770463364
lvx2=5.431942051228306
lvy2=-0.5577605801040267
lvz2=1.3287749135446487
avx2=5.037681970724344
avy2=3.5038318106769215
avz2=1.3503113006580427
shx2=1.0
shy2=1.0
shz2=1.0
req2=1.0
rhos2=1.0
rhof=1.0
ndiv=2
tend=100.0
dt=0.05
tprint=1
logevery=100
nbody=2
impulse_scheme=1
energy_projection=0
impulse_pair_metric_correction=0
