cex1=-1.5
cey1=0.0
cez1=0.0
oriw1=0.45084666181021527
orii1=0.3982320981134995
orij1=-0.2210136166205933
orik1=0.7676597324563735
lvx1=-2.4631163011570485
lvy1=-1.6803935830769383
lvz1=2.0986080766749704
avx1=-2.2646043975736068
avy1=-1.0933732343989568
avz1=5.757996135562065
shx1=1.0
shy1=0.8
shz1=0.6
req1=1.0
rhos1=4.0
cex2=1.5
cey2=0.0
cez2=0.0
oriw2=-0.21974620818199322
orii2=0.9232641177303625
orij2=-0.013712774430740935
orik2=-0.3148125358346183
lvx2=-2.0719585153837548
lvy2=-1.413536905267912
lvz2=1.7653364044877817
avx2=-5.394423484325436
avy2=-3.1995211750352186
avz2=-0.3764002213295205
shx2=1.0
shy2=0.8
shz2=0.6
req2=1.0
rhos2=4.0
rhof=1.0
ndiv=2
tend=100.0
dt=0.05
tprint=1
logevery=100
nbody=2
impulse_scheme=1
energy_projection=0
impulse_pair_metric_correction=0
