cex1=-1.5
cey1=0.0
cez1=0.0
oriw1=0.5482329371914709
orii1=0.003988112374121606
orij1=-0.14573509036013713
orik1=0.8235205067123871
lvx1=-2.812516259884014
lvy1=0.9233159798793822
lvz1=0.38199466022512985
avx1=-5.823391946351483
avy1=2.321213636174447
avz1=0.42248206916260833
shx1=1.0
shy1=0.7
shz1=0.7
req1=1.0
rhos1=1.0
cex2=1.5
cey2=0.0
cez2=0.0
oriw2=0.5867303257821489
orii2=-0.702800203587529
orij2=0.16137920049865193
orik2=-0.3684781571427499
lvx2=-3.2692262246040777
lvy2=1.0732484850210855
lvz2=0.44402479682667484
avx2=-2.306455277933026
avy2=5.060426320068212
avz2=2.9241694742974844
shx2=1.0
shy2=0.7
shz2=0.7
req2=1.0
rhos2=1.0
rhof=1.0
ndiv=2
tend=100.0
dt=0.05
tprint=1
logevery=100
nbody=2
impulse_scheme=1
energy_projection=0
impulse_pair_metric_correction=0
