cex1=-4.0
cey1=0.0
cez1=0.0
oriw1=0.07063007453910929
orii1=-0.5794296679844063
orij1=0.7068195571544528
orik1=-0.3995982558195966
lvx1=1.6504704297948796
lvy1=0.5865423421983615
lvz1=-4.941909081029261
avx1=-5.580247955225321
avy1=2.8304382117996405
avz1=-0.572599241831066
shx1=1.3
shy1=1.0
shz1=0.7692307692307692
req1=1.0
rhos1=1.0
cex2=4.0
cey2=0.0
cez2=0.0
oriw2=0.5655776189434099
orii2=0.24535779178725803
orij2=0.5197984047114196
orik2=0.5913806975367447
lvx2=1.7690532097982283
lvy2=0.6286841584175115
lvz2=-5.296974707636746
avx2=-1.6942415180593178
avy2=3.6270681453258646
avz2=-4.842761603878915
shx2=1.0
shy2=1.0
shz2=1.0
req2=1.0
rhos2=1.0
rhof=1.0
ndiv=2
tend=100.0
dt=0.05
tprint=1
logevery=100
nbody=2
impulse_scheme=1
energy_projection=0
impulse_pair_metric_correction=0
