cex1=-4.0
cey1=0.0
cez1=0.0
oriw1=-0.23282367965650336
orii1=0.15171281096626593
orij1=-0.7674140757869751
orik1=-0.5777992674484304
lvx1=-3.3574544366795482
lvy1=6.459402606702247
lvz1=-0.998363201802529
avx1=0.7069032725074946
avy1=-3.6300737544329036
avz1=5.079495044298501
shx1=1.6900000000000002
shy1=0.7692307692307692
shz1=0.7692307692307692
req1=1.0
rhos1=1.0
cex2=4.0
cey2=0.0
cez2=0.0
oriw2=-0.5030386757610169
orii2=-0.1105753622660549
orij2=-0.8457546785419839
orik2=0.13937074181003145
lvx2=-2.9771257940600035
lvy2=5.727688782472414
lvz2=-0.885269747060555
avx2=-3.638703908724222
avy2=-4.956154895825929
avz2=1.2941329597739122
shx2=1.6900000000000002
shy2=0.7692307692307692
shz2=0.7692307692307692
req2=1.0
rhos2=1.0
rhof=1.0
ndiv=2
tend=100.0
dt=0.05
tprint=1
logevery=100
nbody=2
impulse_scheme=1
energy_projection=0
impulse_pair_metric_correction=0
