cex1=-4.0
cey1=0.0
cez1=0.0
oriw1=0.42518164519776624
orii1=0.6761827014254245
orij1=-0.3827028438439093
orik1=-0.4642586091756623
lvx1=2.860809976486096
lvy1=1.8847109014759222
lvz1=1.4077064150765999
avx1=-0.28267806213970853
avy1=2.4053800885288843
avz1=5.7976423955993655
shx1=1.0
shy1=0.8
shz1=0.6
req1=1.0
rhos1=0.1
cex2=4.0
cey2=0.0
cez2=0.0
oriw2=0.5145311615506151
orii2=0.828421525684125
orij2=0.17571029741047547
orik2=0.13454126118215107
lvx2=2.513967769752219
lvy2=1.6562101294930751
lvz2=1.237037267719138
avx2=4.455497382803476
avy2=3.4501932557263304
avz2=-2.7790514882472674
shx2=1.0
shy2=0.8
shz2=0.6
req2=1.0
rhos2=0.1
rhof=1.0
ndiv=2
tend=100.0
dt=0.05
tprint=1
logevery=100
nbody=2
impulse_scheme=1
energy_projection=0
impulse_pair_metric_correction=0
