cex1=-4.0
cey1=0.0
cez1=0.0
oriw1=1.0
orii1=2.0
orij1=0.0
orik1=0.0
lvx1=0.3199735188416498
lvy1=1.2407893733534145
lvz1=0.0707205909620105
avx1=2.2243092692839936
avy1=3.2567827563242076
avz1=-4.891240329103042
shx1=1.0
shy1=0.7
shz1=0.7
req1=1.0
rhos1=0.3
cex2=4.0
cey2=0.0
cez2=0.0
oriw2=1.0
orii2=0.0
orij2=1.0
orik2=0.0
lvx2=0.32585386870491534
lvy2=1.263592121681944
lvz2=0.0720202666942367
avx2=0.9234766241640368
avy2=-4.928787832131736
avz2=-3.7858498431409258
shx2=1.0
shy2=0.7
shz2=0.7
req2=1.0
rhos2=0.3
rhof=1.0
ndiv=2
tend=100.0
dt=0.05
tprint=1
logevery=100
nbody=2
impulse_scheme=1
energy_projection=0
impulse_pair_metric_correction=0
