cex1=-4.0
cey1=0.0
cez1=0.0
oriw1=0.18550038021833984
orii1=0.4413249607644045
orij1=-0.029576383312390896
orik1=0.8774663101768105
lvx1=-3.9576254519183456
lvy1=-3.903559067426477
lvz1=-1.392430613824007
avx1=-3.614034907386614
avy1=-4.492552549905439
avz1=2.496826161126679
shx1=1.2100000000000002
shy1=0.9090909090909091
shz1=0.9090909090909091
req1=1.0
rhos1=1.0
cex2=4.0
cey2=0.0
cez2=0.0
oriw2=-0.2401584233795698
orii2=-0.361448273469025
orij2=-0.438340519153695
orik2=-0.7871065153803324
lvx2=-10.884580705799966
lvy2=-10.735882974642182
lvz2=-3.829574975582276
avx2=1.1416216222210516
avy2=-6.117230161220142
avz2=0.86868454037896
shx2=4.0
shy2=0.5
shz2=0.5
req2=1.0
rhos2=1.0
rhof=1.0
ndiv=2
tend=100.0
dt=0.05
tprint=1
logevery=100
nbody=2
impulse_scheme=1
energy_projection=0
impulse_pair_metric_correction=0
