cex1=-4.0
cey1=0.0
cez1=0.0
oriw1=0.9312189662420746
orii1=0.18973626940427346
orij1=0.3061834008628563
orik1=0.05552575996460107
lvx1=0.02902206869710942
lvy1=-1.5084666532400788
lvz1=1.6719643001860622
avx1=1.2824163420332158
avy1=-2.320128063485157
avz1=5.696563147993024
shx1=1.0
shy1=0.8
shz1=0.6
req1=1.0
rhos1=10.0
cex2=4.0
cey2=0.0
cez2=0.0
oriw2=0.5083804310402709
orii2=0.09012259542070186
orij2=0.8241887646704396
orik2=0.2326803286076409
lvx2=0.027445849757271306
lvy2=-1.4265402497928967
lvz2=1.5811581683354776
avx2=0.7794782084981905
avy2=5.587659268508847
avz2=2.7656636140140156
shx2=1.0
shy2=0.8
shz2=0.6
req2=1.0
rhos2=10.0
rhof=1.0
ndiv=2
tend=100.0
dt=0.05
tprint=1
logevery=100
nbody=2
impulse_scheme=1
energy_projection=0
impulse_pair_metric_correction=0
