cex1=-4.0
cey1=0.0
cez1=0.0
oriw1=0.23954651654967318
orii1=-0.08298887801227499
orij1=0.35132585095107816
orik1=-0.9012771266312497
lvx1=5.263037556848315
lvy1=1.7037042375443878
lvz1=-1.0611296087233286
avx1=-2.4081839317842837
avy1=0.6224992274453465
avz1=-5.7698840947529755
shx1=1.003
shy1=1.003
shz1=0.9940268924035474
req1=1.0
rhos1=1.0
cex2=4.0
cey2=0.0
cez2=0.0
oriw2=-0.9474710297438627
orii2=-0.2839876132047735
orij2=0.13474768529220119
orik2=0.05909944712731629
lvx2=8.344814950421766
lvy2=2.701310115877456
lvz2=-1.6824752108575614
avx2=4.94545111706581
avy2=-2.2603074613994414
avz2=3.1483235273732557
shx2=2.0
shy2=2.0
shz2=0.25
req2=1.0
rhos2=1.0
rhof=1.0
ndiv=2
tend=100.0
dt=0.05
tprint=1
logevery=100
nbody=2
impulse_scheme=1
energy_projection=0
impulse_pair_metric_correction=0
