cex1=-4.0
cey1=0.0
cez1=0.0
oriw1=1.0
orii1=1.0
orij1=1.0
orik1=0.0
lvx1=-0.7411039686488058
lvy1=-0.4597302114813323
lvz1=0.9014018371843937
avx1=1.8619884696799553
avy1=-5.819956912382325
avz1=1.4627091580862996
shx1=1.0
shy1=0.8
shz1=0.6
req1=1.0
rhos1=10.0
cex2=4.0
cey2=0.0
cez2=0.0
oriw2=1.0
orii2=-1.0
orij2=0.0
orik2=1.0
lvx2=-0.7048042187532768
lvy2=-0.43721232950774497
lvz2=0.8572505944042199
avx2=-5.0071742628664655
avy2=1.6100515953775372
avz2=-3.4372019675700396
shx2=1.0
shy2=0.8
shz2=0.6
req2=1.0
rhos2=10.0
rhof=1.0
ndiv=2
tend=100.0
dt=0.05
tprint=1
logevery=100
nbody=2
impulse_scheme=1
energy_projection=0
impulse_pair_metric_correction=0
