cex1=-5.5
cey1=0.0
cez1=0.0
oriw1=0.4429370350788692
orii1=-0.06550897175896651
orij1=-0.8426991449315838
orik1=-0.2989540244020826
lvx1=-2.0880737162202885
lvy1=-5.5605321127373095
lvz1=-1.7233450352503437
avx1=-0.4742011160030907
avy1=-0.64535634094098
avz1=-6.231939192510316
shx1=1.0
shy1=0.8
shz1=0.6
req1=1.0
rhos1=0.3
cex2=5.5
cey2=0.0
cez2=0.0
oriw2=0.9849008797932262
orii2=-0.13938580739423545
orij2=-0.09311344905301595
orik2=0.04326360231230732
lvx2=-1.8115279989867685
lvy2=-4.82409195290402
lvz2=-1.4951042001150705
avx2=-5.028995766217735
avy2=0.2924878068897137
avz2=3.755272303114966
shx2=1.0
shy2=0.8
shz2=0.6
req2=1.0
rhos2=0.3
rhof=1.0
ndiv=2
tend=100.0
dt=0.05
tprint=1
logevery=100
nbody=2
impulse_scheme=1
energy_projection=0
impulse_pair_metric_correction=0
