cex1=-1.5
cey1=0.0
cez1=0.0
oriw1=0.07394997617051882
orii1=-0.20050198122745003
orij1=0.002185555741748144
orik1=0.9768958899976735
lvx1=-1.9881307479670072
lvy1=-0.2663753274215909
lvz1=-1.118897934871343
avx1=0.06494852387381113
avy1=0.45754642577921006
avz1=-6.26616713484892
shx1=1.0
shy1=0.8
shz1=0.6
req1=1.0
rhos1=0.1
cex2=1.5
cey2=0.0
cez2=0.0
oriw2=-0.6354367975999702
orii2=0.3582426596016652
orij2=-0.5674317137605028
orik2=0.3819731971175973
lvx2=-1.9248938525385773
lvy2=-0.25790267101199726
lvz2=-1.0833089114759262
avx2=1.9256225035143657
avy2=2.4910792960163834
avz2=-5.437363287410086
shx2=1.0
shy2=0.8
shz2=0.6
req2=1.0
rhos2=0.1
rhof=1.0
ndiv=2
tend=100.0
dt=0.05
tprint=1
logevery=100
nbody=2
impulse_scheme=1
energy_projection=0
impulse_pair_metric_correction=0
