cex1=-4.0
cey1=0.0
cez1=0.0
oriw1=-0.42876292477516287
orii1=0.3458354217221929
orij1=0.8281336413474218
orik1=-0.10370577365383547
lvx1=5.099035193874776
lvy1=2.3611298456839394
lvz1=-0.25548898970346573
avx1=-0.7364682454557618
avy1=1.333708251621329
avz1=6.0956750591997535
shx1=1.001
shy1=1.001
shz1=0.9980029960049943
req1=1.0
rhos1=1.0
cex2=4.0
cey2=0.0
cez2=0.0
oriw2=-0.24976088007638142
orii2=-0.11625421734611867
orij2=-0.920555291543059
orik2=-0.27691589868547895
lvx2=7.627364752104418
lvy2=3.5318835574512213
lvz2=-0.38217185026608
avx2=-3.18666272736797
avy2=5.010474490626812
avz2=2.0539580436657294
shx2=2.0
shy2=2.0
shz2=0.25
req2=1.0
rhos2=1.0
rhof=1.0
ndiv=2
tend=100.0
dt=0.05
tprint=1
logevery=100
nbody=2
impulse_scheme=1
energy_projection=0
impulse_pair_metric_correction=0
