cex1=-5.5
cey1=0.0
cez1=0.0
oriw1=0.5012063934726437
orii1=0.3400187345827934
orij1=-0.79566040177264
orik1=-0.010194916667753972
lvx1=-0.363737238349656
lvy1=0.2930162234454171
lvz1=-0.5946355235458375
avx1=-3.1957972187452732
avy1=4.484611216433301
avz1=3.0254850815130534
shx1=1.0
shy1=0.8
shz1=0.6
req1=1.0
rhos1=1.0
cex2=5.5
cey2=0.0
cez2=0.0
oriw2=0.8856714269502819
orii2=0.3938624154939047
orij2=0.11551893401241256
orik2=0.21705735884736557
lvx2=-0.3458825139908303
lvy2=0.2786329727064515
lvz2=-0.5654467239193586
avx2=-4.50051894740953
avy2=-3.8912366386051658
avz2=-2.020401997311926
shx2=1.0
shy2=0.8
shz2=0.6
req2=1.0
rhos2=1.0
rhof=1.0
ndiv=2
tend=100.0
dt=0.05
tprint=1
logevery=100
nbody=2
impulse_scheme=1
energy_projection=0
impulse_pair_metric_correction=0
