cex1=-4.0
cey1=0.0
cez1=0.0
oriw1=0.7931494250093326
orii1=-0.10953678401407241
orij1=0.5142515608271908
orik1=-0.30734510691081063
lvx1=6.285360191337696
lvy1=-3.345176099624954
lvz1=3.8625579370043006
avx1=3.0345964010832116
avy1=-5.4167175393867995
avz1=0.9637496487105297
shx1=2.0
shy1=2.0
shz1=0.25
req1=1.0
rhos1=1.0
cex2=4.0
cey2=0.0
cez2=0.0
oriw2=-0.9009275660068624
orii2=0.12765342718848322
orij2=0.3634665002751314
orik2=0.1998154811663326
lvx2=4.360662157291825
lvy2=-2.3208189161880086
lvz2=2.6797684959176737
avx2=-0.16728204644394626
avy2=-6.1898739279861585
avz2=-1.06578378526424
shx2=1.0
shy2=1.0
shz2=1.0
req2=1.0
rhos2=1.0
rhof=1.0
ndiv=2
tend=100.0
dt=0.05
tprint=1
logevery=100
nbody=2
impulse_scheme=1
energy_projection=0
impulse_pair_metric_correction=0
