cex1=-2.5
cey1=0.0
cez1=0.0
oriw1=0.11668411596320585
orii1=-0.3344798509139886
orij1=0.46933234107289806
orik1=-0.8088480698113052
lvx1=-2.805254727760548
lvy1=2.418682314781651
lvz1=-8.951920345305947
avx1=0.9782320124165541
avy1=2.3756358565200952
avz1=-5.733919602807221
shx1=1.0
shy1=0.7
shz1=0.7
req1=1.0
rhos1=0.1
cex2=2.5
cey2=0.0
cez2=0.0
oriw2=0.3134740916248348
orii2=-0.764387697139393
orij2=-0.5618770337088954
orik2=-0.04170900780902141
lvx2=-2.8169634280667366
lvy2=2.428777521494756
lvz2=-8.989284279301252
avx2=0.010947832680850242
avy2=-2.765969308875552
avz2=-5.641605403754815
shx2=1.0
shy2=0.7
shz2=0.7
req2=1.0
rhos2=0.1
rhof=1.0
ndiv=2
tend=100.0
dt=0.05
tprint=1
logevery=100
nbody=2
impulse_scheme=1
energy_projection=0
impulse_pair_metric_correction=0
