cex1=-4.0
cey1=0.0
cez1=0.0
oriw1=-0.13844844578657164
orii1=0.09928136798942022
orij1=-0.3163112567260961
orik1=-0.9332322469234492
lvx1=-3.4755939225524886
lvy1=-4.6924304505073895
lvz1=5.489463081184072
avx1=6.2727633040106845
avy1=0.282470512131783
avz1=0.22598350822660324
shx1=2.0
shy1=2.0
shz1=0.25
req1=1.0
rhos1=1.0
cex2=4.0
cey2=0.0
cez2=0.0
oriw2=-0.08028114236144245
orii2=0.7873270630814584
orij2=0.5577817695529119
orik2=0.2501010425309922
lvx2=-2.4371106969269913
lvy2=-3.2903649564212847
lvz2=3.849249795475053
avx2=3.213297911525041
avy2=4.478795721738091
avz2=-3.0155468855726335
shx2=1.0
shy2=1.0
shz2=1.0
req2=1.0
rhos2=1.0
rhof=1.0
ndiv=2
tend=100.0
dt=0.05
tprint=1
logevery=100
nbody=2
impulse_scheme=1
energy_projection=0
impulse_pair_metric_correction=0
