cex1=-1.5
cey1=0.0
cez1=0.0
oriw1=0.06952996662876382
orii1=-0.11015424666911572
orij1=0.4769103894687515
orik1=-0.869245711003584
lvx1=1.9155188673007437
lvy1=-0.4739725361441918
lvz1=0.7225957106949995
avx1=-1.0111817001255616
avy1=-5.959915655362829
avz1=1.713281808299403
shx1=1.0
shy1=0.8
shz1=0.6
req1=1.0
rhos1=10.0
cex2=1.5
cey2=0.0
cez2=0.0
oriw2=-0.6104099395292312
orii2=0.05818644997881468
orij2=-0.768768226788712
orik2=0.1816850468335866
lvx2=1.8262508112600608
lvy2=-0.4518842092472157
lvz2=0.6889209108805894
avx2=-4.639614514919055
avy2=2.501750638326486
avz2=-3.419596248234998
shx2=1.0
shy2=0.8
shz2=0.6
req2=1.0
rhos2=10.0
rhof=1.0
ndiv=2
tend=100.0
dt=0.05
tprint=1
logevery=100
nbody=2
impulse_scheme=1
energy_projection=0
impulse_pair_metric_correction=0
