cex1=-2.5
cey1=0.0
cez1=0.0
oriw1=0.0643514355020913
orii1=-0.08480726443469355
orij1=-0.27336391509338126
orik1=-0.9560014595034586
lvx1=0.318895439666744
lvy1=-0.7194275564169016
lvz1=-0.003056215611296382
avx1=-1.4602241387416965
avy1=5.583651217147926
avz1=-2.483747602764016
shx1=1.0
shy1=0.7
shz1=0.7
req1=1.0
rhos1=1.0
cex2=2.5
cey2=0.0
cez2=0.0
oriw2=0.719487535406991
orii2=0.4575868894844893
orij2=0.5195110976255324
orik2=-0.05531857201517571
lvx2=0.31988218266368207
lvy2=-0.7216536468992256
lvz2=-0.0030656723139533128
avx2=-1.196073045173702
avy2=-6.159150153916179
avz2=-0.3357026310302755
shx2=1.0
shy2=0.7
shz2=0.7
req2=1.0
rhos2=1.0
rhof=1.0
ndiv=2
tend=100.0
dt=0.05
tprint=1
logevery=100
nbody=2
impulse_scheme=1
energy_projection=0
impulse_pair_metric_correction=0
