cex1=-1.5
cey1=0.0
cez1=0.0
oriw1=-0.7597560958519133
orii1=0.0966564313753021
orij1=-0.11504880176137598
orik1=-0.6326072891636021
lvx1=1.06878456671222
lvy1=-0.23204920944990692
lvz1=0.2958064244836289
avx1=-5.377209587106942
avy1=-3.250179227045945
avz1=0.019226355911804993
shx1=1.0
shy1=0.8
shz1=0.6
req1=1.0
rhos1=10.0
cex2=1.5
cey2=0.0
cez2=0.0
oriw2=0.5351323602750613
orii2=0.6995541101437881
orij2=-0.4413300207003155
orik2=-0.17171259940969316
lvx2=1.2372187666786107
lvy2=-0.2686188083792415
lvz2=0.34242378779949934
avx2=3.223941774843152
avy2=0.5800719082818561
avz2=-5.3617286035383085
shx2=1.0
shy2=0.8
shz2=0.6
req2=1.0
rhos2=10.0
rhof=1.0
ndiv=2
tend=100.0
dt=0.05
tprint=1
logevery=100
nbody=2
impulse_scheme=1
energy_projection=0
impulse_pair_metric_correction=0
