cex1=-1.5
cey1=0.0
cez1=0.0
oriw1=0.027064073945301945
orii1=-0.5136954753609787
orij1=0.7304664062399037
orik1=-0.4492252484557178
lvx1=0.27948407476648024
lvy1=-0.32565860256726253
lvz1=2.040156883085746
avx1=-3.759994788373387
avy1=-2.9310577135396696
avz1=-4.092646756765359
shx1=1.0
shy1=0.8
shz1=0.6
req1=1.0
rhos1=0.03
cex2=1.5
cey2=0.0
cez2=0.0
oriw2=0.06403540344697313
orii2=0.18625390349580126
orij2=0.6113658346879557
orik2=0.7664468453286629
lvx2=0.24890013697773652
lvy2=-0.29002178694687963
lvz2=1.8169025483129828
avx2=-5.634403071127569
avy2=2.778045986737469
avz2=-0.1199171880819674
shx2=1.0
shy2=0.8
shz2=0.6
req2=1.0
rhos2=0.03
rhof=1.0
ndiv=2
tend=100.0
dt=0.05
tprint=1
logevery=100
nbody=2
impulse_scheme=1
energy_projection=0
impulse_pair_metric_correction=0
