cex1=-1.5
cey1=0.0
cez1=0.0
oriw1=-0.5309098289572362
orii1=0.13381281449550714
orij1=-0.654376867544528
orik1=-0.5215551738943834
lvx1=-2.456367896531431
lvy1=9.137083093280095
lvz1=2.2188672375046834
avx1=-0.33895285184019347
avy1=-4.918180466763006
avz1=-3.8955140180645804
shx1=1.0
shy1=0.8
shz1=0.6
req1=1.0
rhos1=0.1
cex2=1.5
cey2=0.0
cez2=0.0
oriw2=0.8275152468876008
orii2=0.5371542393202057
orij2=0.07762825140872769
orik2=0.14372784675249156
lvx2=-2.411362298871578
lvy2=8.969673363629466
lvz2=2.1782131293424754
avx2=2.1853624389269837
avy2=-4.587242049561143
avz2=-3.695919235267815
shx2=1.0
shy2=0.8
shz2=0.6
req2=1.0
rhos2=0.1
rhof=1.0
ndiv=2
tend=100.0
dt=0.05
tprint=1
logevery=100
nbody=2
impulse_scheme=1
energy_projection=0
impulse_pair_metric_correction=0
