cex1=-1.5
cey1=0.0
cez1=0.0
oriw1=-0.8548760736664686
orii1=0.1419962377864006
orij1=0.48706475406167155
orik1=-0.10859048060467287
lvx1=-0.6161628296777203
lvy1=0.9009596655399238
lvz1=1.8962152415277027
avx1=-1.9698956543239874
avy1=-3.569568363216173
avz1=4.780806460813815
shx1=1.0
shy1=0.8
shz1=0.6
req1=1.0
rhos1=0.03
cex2=1.5
cey2=0.0
cez2=0.0
oriw2=0.18842070225824797
orii2=0.2577604949420826
orij2=0.8906351698476548
orik2=-0.32376868353526816
lvx2=-0.6328339851196572
lvy2=0.9253364015384059
lvz2=1.9475200225373144
avx2=-1.8368657973210982
avy2=1.550094736388474
avz2=5.805303433517502
shx2=1.0
shy2=0.8
shz2=0.6
req2=1.0
rhos2=0.03
rhof=1.0
ndiv=2
tend=100.0
dt=0.05
tprint=1
logevery=100
nbody=2
impulse_scheme=1
energy_projection=0
impulse_pair_metric_correction=0
