cex1=-2.5
cey1=0.0
cez1=0.0
oriw1=-0.014400462315474353
orii1=-0.8549809165591781
orij1=-0.49749971396212017
orik1=-0.1459256441217133
lvx1=-0.13552139417681897
lvy1=-0.5117346258530939
lvz1=-0.5353489506062201
avx1=3.4233012575166413
avy1=3.9056836611660986
avz1=-3.536249601419928
shx1=1.0
shy1=0.7
shz1=0.7
req1=1.0
rhos1=0.1
cex2=2.5
cey2=0.0
cez2=0.0
oriw2=-0.1417298487553482
orii2=-0.012398925803039496
orij2=-0.2809278899160862
orik2=-0.9491250904269743
lvx2=-0.13632222956083542
lvy2=-0.5147586147819185
lvz2=-0.5385124834568501
avx2=-3.238940045172442
avy2=5.279844872941704
avz2=-1.0540033708707852
shx2=1.0
shy2=0.7
shz2=0.7
req2=1.0
rhos2=0.1
rhof=1.0
ndiv=2
tend=100.0
dt=0.05
tprint=1
logevery=100
nbody=2
impulse_scheme=1
energy_projection=0
impulse_pair_metric_correction=0
