cex1=-1.5
cey1=0.0
cez1=0.0
oriw1=-0.2683223070512658
orii1=-0.6151373697941571
orij1=-0.04699503173634307
orik1=-0.7398652734204468
lvx1=0.6068448501093731
lvy1=-0.264625530502567
lvz1=0.4553396390134293
avx1=0.20938731870570704
avy1=-4.369962856803708
avz1=-4.509767087697394
shx1=1.0
shy1=0.8
shz1=0.6
req1=1.0
rhos1=4.0
cex2=1.5
cey2=0.0
cez2=0.0
oriw2=-0.15223225443898325
orii2=-0.4154982831444081
orij2=0.8920185859011082
orik2=0.09213772202231404
lvx2=0.5421807686385488
lvy2=-0.23642760337079025
lvz2=0.4068196268410374
avx2=-5.206910836852812
avy2=-0.08300849116900141
avz2=-3.515623235191171
shx2=1.0
shy2=0.8
shz2=0.6
req2=1.0
rhos2=4.0
rhof=1.0
ndiv=2
tend=100.0
dt=0.05
tprint=1
logevery=100
nbody=2
impulse_scheme=1
energy_projection=0
impulse_pair_metric_correction=0
