cex1=-2.5
cey1=0.0
cez1=0.0
oriw1=0.16001003506363232
orii1=-0.3408277649130862
orij1=0.9255378851728617
orik1=0.040160259623561956
lvx1=-4.999914911558399
lvy1=0.5760380090016776
lvz1=2.1153625714048694
avx1=-3.930384221575001
avy1=3.4089018810064706
avz1=-3.5227667309690345
shx1=1.0
shy1=0.7
shz1=0.7
req1=1.0
rhos1=1.0
cex2=2.5
cey2=0.0
cez2=0.0
oriw2=0.29468058671820613
orii2=0.850787102607895
orij2=-0.39673266325000023
orik2=-0.1786836639372467
lvx2=-4.462326443086294
lvy2=0.5141026767973116
lvz2=1.8879197958496525
avx2=5.981103413983343
avy2=-0.879545227147867
avz2=1.712080532275175
shx2=1.0
shy2=0.7
shz2=0.7
req2=1.0
rhos2=1.0
rhof=1.0
ndiv=2
tend=100.0
dt=0.05
tprint=1
logevery=100
nbody=2
impulse_scheme=1
energy_projection=0
impulse_pair_metric_correction=0
