cex1=-5.5
cey1=0.0
cez1=0.0
oriw1=0.25627644556633117
orii1=-0.12337377219760469
orij1=0.9187413371362
orik1=0.2738898523472679
lvx1=0.4404505580034323
lvy1=-1.4724794644766006
lvz1=-1.4746471052452101
avx1=2.181802388821347
avy1=-0.1713062229713769
avz1=-5.889720716507887
shx1=1.0
shy1=0.7
shz1=0.7
req1=1.0
rhos1=0.3
cex2=5.5
cey2=0.0
cez2=0.0
oriw2=-0.10605700157016656
orii2=-0.13425201290044675
orij2=-0.8551755529840399
orik2=0.4892883434423566
lvx2=0.43372397649241184
lvy2=-1.4499916892629559
lvz2=-1.452126225720419
avx2=-2.848156468510342
avy2=-4.772693316484684
avz2=-2.930498394816581
shx2=1.0
shy2=0.7
shz2=0.7
req2=1.0
rhos2=0.3
rhof=1.0
ndiv=2
tend=100.0
dt=0.05
tprint=1
logevery=100
nbody=2
impulse_scheme=1
energy_projection=0
impulse_pair_metric_correction=0
