cex1=-1.5
cey1=0.0
cez1=0.0
oriw1=0.011057791300131983
orii1=-0.6021982953127039
orij1=-0.6411494337637633
orik1=-0.47556528674666954
lvx1=-2.4336709213207404
lvy1=-1.1547670161238952
lvz1=2.5765430926892985
avx1=0.5951205680302143
avy1=1.5018664287995203
avz1=6.07195572644513
shx1=1.0
shy1=0.8
shz1=0.6
req1=1.0
rhos1=1.0
cex2=1.5
cey2=0.0
cez2=0.0
oriw2=0.8752079061233808
orii2=-0.4703096917723903
orij2=0.055538671559720226
orik2=0.09866798287929211
lvx2=-2.2355544011052215
lvy2=-1.0607615279989981
lvz2=2.3667958556093103
avx2=3.132999515332227
avy2=4.033054211668365
avz2=3.660219305865364
shx2=1.0
shy2=0.8
shz2=0.6
req2=1.0
rhos2=1.0
rhof=1.0
ndiv=2
tend=100.0
dt=0.05
tprint=1
logevery=100
nbody=2
impulse_scheme=1
energy_projection=0
impulse_pair_metric_correction=0
