cex1=-1.5
cey1=0.0
cez1=0.0
oriw1=-0.31146334254545094
orii1=-0.28450210102995394
orij1=0.9051042806749632
orik1=0.05324830385856804
lvx1=3.8084484750072387
lvy1=2.9756216788502665
lvz1=-2.8618753856133545
avx1=-4.095322485069243
avy1=-1.714430789481538
avz1=4.446063249181395
shx1=1.0
shy1=0.8
shz1=0.6
req1=1.0
rhos1=10.0
cex2=1.5
cey2=0.0
cez2=0.0
oriw2=-0.021334228738825473
orii2=-0.5400584308898148
orij2=-0.5876008990147754
orik2=-0.6021685190924366
lvx2=4.0999866399957785
lvy2=3.2034066389580635
lvz2=-3.0809530241380556
avx2=1.5065483958365287
avy2=2.4271537156495566
avz2=5.596217863518929
shx2=1.0
shy2=0.8
shz2=0.6
req2=1.0
rhos2=10.0
rhof=1.0
ndiv=2
tend=100.0
dt=0.05
tprint=1
logevery=100
nbody=2
impulse_scheme=1
energy_projection=0
impulse_pair_metric_correction=0
