cex1=-4.0
cey1=0.0
cez1=0.0
oriw1=0.18640874457748996
orii1=0.8437534554505433
orij1=0.4946423957994752
orik1=0.09306334744714215
lvx1=-2.0981986006677054
lvy1=-5.1561615694978356
lvz1=-1.0110715405018054
avx1=2.9748579091590273
avy1=-5.531529751363507
avz1=-0.17554667314362704
shx1=1.0609
shy1=0.970873786407767
shz1=0.970873786407767
req1=1.0
rhos1=1.0
cex2=4.0
cey2=0.0
cez2=0.0
oriw2=0.1512093235096081
orii2=0.44131293666881993
orij2=-0.08446001737098345
orik2=0.8804800610338669
lvx2=-5.323607461495011
lvy2=-13.082355595565332
lvz2=-2.5653186478190335
avx2=-2.832353621389545
avy2=-0.4030141080160175
avz2=5.594083499242661
shx2=4.0
shy2=0.5
shz2=0.5
req2=1.0
rhos2=1.0
rhof=1.0
ndiv=2
tend=100.0
dt=0.05
tprint=1
logevery=100
nbody=2
impulse_scheme=1
energy_projection=0
impulse_pair_metric_correction=0
