cex1=-4.0
cey1=0.0
cez1=0.0
oriw1=-0.3341896325195681
orii1=0.15792245959529322
orij1=-0.08004858503756865
orik1=0.9257267471048313
lvx1=4.651414506999435
lvy1=-2.6558605576400174
lvz1=-1.3956012599508774
avx1=-4.858109577510964
avy1=3.0387318243475065
avz1=2.5774595703815324
shx1=1.1
shy1=1.0
shz1=0.9090909090909091
req1=1.0
rhos1=1.0
cex2=4.0
cey2=0.0
cez2=0.0
oriw2=-0.6359524083956457
orii2=0.39218220507014173
orij2=-0.23300243608022353
orik2=0.6224688884295991
lvx2=4.7226646159726675
lvy2=-2.6965428820952573
lvz2=-1.4169790025074798
avx2=5.369204952303821
avy2=-2.9758776398014297
avz2=1.339480517754336
shx2=1.0
shy2=1.0
shz2=1.0
req2=1.0
rhos2=1.0
rhof=1.0
ndiv=2
tend=100.0
dt=0.05
tprint=1
logevery=100
nbody=2
impulse_scheme=1
energy_projection=0
impulse_pair_metric_correction=0
