cex1=-4.0
cey1=0.0
cez1=0.0
oriw1=-0.32106821543439773
orii1=-0.2721561137172967
orij1=-0.6916949962485879
orik1=-0.5868596791131037
lvx1=-4.129144623937789
lvy1=-0.9436127343410016
lvz1=-4.425522662524301
avx1=0.972946890283308
avy1=-1.5247577453316983
avz1=-6.017217444225899
shx1=1.1
shy1=1.1
shz1=0.8264462809917354
req1=1.0
rhos1=1.0
cex2=4.0
cey2=0.0
cez2=0.0
oriw2=-0.758306974386303
orii2=-0.584825961047001
orij2=-0.2024674007890966
orik2=-0.20483183224354992
lvx2=-3.6938318618425234
lvy2=-0.8441328896891771
lvz2=-3.958964411507789
avx2=5.977098887602778
avy2=-1.7613604508879968
avz2=-0.8064216355125284
shx2=1.1
shy2=1.1
shz2=0.8264462809917354
req2=1.0
rhos2=1.0
rhof=1.0
ndiv=2
tend=100.0
dt=0.05
tprint=1
logevery=100
nbody=2
impulse_scheme=1
energy_projection=0
impulse_pair_metric_correction=0
