cex1=-4.0
cey1=0.0
cez1=0.0
oriw1=0.4838736352159703
orii1=-0.7990057688671119
orij1=-0.33250579289485005
orik1=0.12998455351050164
lvx1=4.7789899764852
lvy1=0.33164924507075494
lvz1=5.027758735265678
avx1=2.6202482275366568
avy1=-5.31973770298427
avz1=-2.076802253922141
shx1=1.6900000000000002
shy1=0.7692307692307692
shz1=0.7692307692307692
req1=1.0
rhos1=1.0
cex2=4.0
cey2=0.0
cez2=0.0
oriw2=0.406037118296034
orii2=0.07866353283609574
orij2=0.35637015728572646
orik2=0.8378223070339818
lvx2=4.770504122137733
lvy2=0.33106034925763
lvz2=5.018831152548074
avx2=-2.656054164609966
avy2=-3.8836446661207487
avz2=-4.164264399185928
shx2=1.6900000000000002
shy2=0.7692307692307692
shz2=0.7692307692307692
req2=1.0
rhos2=1.0
rhof=1.0
ndiv=2
tend=100.0
dt=0.05
tprint=1
logevery=100
nbody=2
impulse_scheme=1
energy_projection=0
impulse_pair_metric_correction=0
