cex1=-2.5
cey1=0.0
cez1=0.0
oriw1=-0.4379758615140404
orii1=0.26669486739711534
orij1=-0.7645149108871202
orik1=-0.39059946680241103
lvx1=0.7902446941201913
lvy1=0.506939956607983
lvz1=0.9136471457399489
avx1=-0.5510313161068816
avy1=2.1188627221847596
avz1=-5.8894144749340525
shx1=1.0
shy1=0.7
shz1=0.7
req1=1.0
rhos1=10.0
cex2=2.5
cey2=0.0
cez2=0.0
oriw2=-0.4201640639564448
orii2=0.2638077265505128
orij2=0.4116404497908533
orik2=-0.7644735331375694
lvx2=0.7709083915218868
lvy2=0.49453576778763714
lvz2=0.8912913389758508
avx2=-2.421631881452624
avy2=-5.1939474194506206
avz2=2.5762427756467163
shx2=1.0
shy2=0.7
shz2=0.7
req2=1.0
rhos2=10.0
rhof=1.0
ndiv=2
tend=100.0
dt=0.05
tprint=1
logevery=100
nbody=2
impulse_scheme=1
energy_projection=0
impulse_pair_metric_correction=0
