cex1=-2.5
cey1=0.0
cez1=0.0
oriw1=0.2219632380455195
orii1=0.44548439314989496
orij1=-0.43746853758398785
orik1=0.7489307411505719
lvx1=3.636333249405265
lvy1=-0.635320371750691
lvz1=-4.393100868231966
avx1=2.478688194041478
avy1=4.35209035868142
avz1=-3.793920393333135
shx1=1.0
shy1=0.8
shz1=0.6
req1=1.0
rhos1=4.0
cex2=2.5
cey2=0.0
cez2=0.0
oriw2=0.13777288015232245
orii2=-0.0519180020774128
orij2=0.9801646450903094
orik2=-0.13266658610897905
lvx2=3.603310604136317
lvy2=-0.6295508347392275
lvz2=-4.353205786661524
avx2=-1.421868453893454
avy2=-5.652181738399851
avz2=2.347242914629694
shx2=1.0
shy2=0.8
shz2=0.6
req2=1.0
rhos2=4.0
rhof=1.0
ndiv=2
tend=100.0
dt=0.05
tprint=1
logevery=100
nbody=2
impulse_scheme=1
energy_projection=0
impulse_pair_metric_correction=0
