cex1=-5.5
cey1=0.0
cez1=0.0
oriw1=-0.42226478147433616
orii1=0.023806411050184124
orij1=-0.8421363889923611
orik1=-0.33456241787482277
lvx1=-1.2071158561696895
lvy1=2.7860138874786484
lvz1=4.942857371255761
avx1=3.3374106829040837
avy1=-1.777620012968533
avz1=-5.017985116308028
shx1=1.0
shy1=0.8
shz1=0.6
req1=1.0
rhos1=0.1
cex2=5.5
cey2=0.0
cez2=0.0
oriw2=0.5224310051922747
orii2=-0.4359922185857069
orij2=0.687816549724
orik2=0.25275486953227005
lvx2=-1.2734274840320279
lvy2=2.939060602242223
lvz2=5.214387992698656
avx2=1.5389909787649911
avy2=0.5772959330480468
avz2=-6.064375794533481
shx2=1.0
shy2=0.8
shz2=0.6
req2=1.0
rhos2=0.1
rhof=1.0
ndiv=2
tend=100.0
dt=0.05
tprint=1
logevery=100
nbody=2
impulse_scheme=1
energy_projection=0
impulse_pair_metric_correction=0
