cex1=-4.0
cey1=0.0
cez1=0.0
oriw1=-0.7170107548340823
orii1=-0.5322383441274993
orij1=0.2801458672522927
orik1=0.35232969723561214
lvx1=-3.6628844594909666
lvy1=3.624856198336114
lvz1=2.241928688852769
avx1=-2.7408592014438056
avy1=-5.174044038703372
avz1=-2.279336905281086
shx1=1.0001
shy1=1.0
shz1=0.9999000099990001
req1=1.0
rhos1=1.0
cex2=4.0
cey2=0.0
cez2=0.0
oriw2=-0.5233467632588182
orii2=-0.38140514647519
orij2=-0.7519064164170246
orik2=0.12359215419946855
lvx2=-3.021060024134193
lvy2=2.9896952183826557
lvz2=1.849089485010383
avx2=-6.168605634124886
avy2=1.1475755790087279
avz2=0.33134940087907816
shx2=2.0
shy2=1.0
shz2=0.5
req2=1.0
rhos2=1.0
rhof=1.0
ndiv=2
tend=100.0
dt=0.05
tprint=1
logevery=100
nbody=2
impulse_scheme=1
energy_projection=0
impulse_pair_metric_correction=0
