cex1=-4.0
cey1=0.0
cez1=0.0
oriw1=0.16028322336657713
orii1=-0.8802843133329767
orij1=-0.03596024064140765
orik1=-0.4451018727214272
lvx1=0.08016936539398391
lvy1=-2.9859332306162414
lvz1=-9.069258120453036
avx1=2.055798796697563
avy1=-5.917668028156454
avz1=-0.4830259003295628
shx1=1.0
shy1=0.7
shz1=0.7
req1=1.0
rhos1=4.0
cex2=4.0
cey2=0.0
cez2=0.0
oriw2=-0.4843510404249846
orii2=0.7423337835596748
orij2=-0.13700962888867027
orik2=0.44223634520129795
lvx2=0.0700413219644801
lvy2=-2.608711067403892
lvz2=-7.923510743435363
avx2=5.525155307605025
avy2=0.04658894433181203
avz2=-2.9914721963387034
shx2=1.0
shy2=0.7
shz2=0.7
req2=1.0
rhos2=4.0
rhof=1.0
ndiv=2
tend=100.0
dt=0.05
tprint=1
logevery=100
nbody=2
impulse_scheme=1
energy_projection=0
impulse_pair_metric_correction=0
