cex1=-4.0
cey1=0.0
cez1=0.0
oriw1=0.6378893659763569
orii1=-0.48777880840880017
orij1=0.0992738128337543
orik1=-0.5876339855105567
lvx1=3.82690137915584
lvy1=0.367128286689699
lvz1=-4.099164922272844
avx1=5.035294648020587
avy1=-0.6764909460708469
avz1=3.696834512370935
shx1=1.0003
shy1=1.0003
shz1=0.9994002698920407
req1=1.0
rhos1=1.0
cex2=4.0
cey2=0.0
cez2=0.0
oriw2=0.5283338074017246
orii2=0.7986411636920929
orij2=0.16271267774159467
orik2=-0.23782401921399107
lvx2=3.8271425656996514
lvy2=0.3671514245743292
lvz2=-4.099423267947885
avx2=4.2063073717658295
avy2=-1.6084156081930086
avz2=4.381597326307723
shx2=1.0003
shy2=1.0003
shz2=0.9994002698920407
req2=1.0
rhos2=1.0
rhof=1.0
ndiv=2
tend=100.0
dt=0.05
tprint=1
logevery=100
nbody=2
impulse_scheme=1
energy_projection=0
impulse_pair_metric_correction=0
