cex1=-4.0
cey1=0.0
cez1=0.0
oriw1=0.2705170908659106
orii1=0.7020175427943582
orij1=0.374958536454252
orik1=0.541662227867609
lvx1=-0.009516934543034853
lvy1=-1.5108280315238316
lvz1=-2.5521541103577112
avx1=5.911018713318935
avy1=-1.9029036141554112
avz1=0.9577229298628419
shx1=1.0
shy1=0.7
shz1=0.7
req1=1.0
rhos1=0.1
cex2=4.0
cey2=0.0
cez2=0.0
oriw2=0.07861994565592056
orii2=-0.5665371497598602
orij2=-0.40367803973389393
orik2=0.714071846751876
lvx2=-0.010927400763606907
lvy2=-1.7347417186382739
lvz2=-2.930398506814993
avx2=3.0566378073904734
avy2=-4.298177168797121
avz2=3.4148288309108206
shx2=1.0
shy2=0.7
shz2=0.7
req2=1.0
rhos2=0.1
rhof=1.0
ndiv=2
tend=100.0
dt=0.05
tprint=1
logevery=100
nbody=2
impulse_scheme=1
energy_projection=0
impulse_pair_metric_correction=0
