cex1=-4.0
cey1=0.0
cez1=0.0
oriw1=0.09830006289151462
orii1=0.987011413600658
orij1=-0.12593805879123657
orik1=0.016887048452886685
lvx1=1.6187837016766267
lvy1=4.455658186219797
lvz1=3.017774590560226
avx1=-4.053310296777303
avy1=-4.0892195634489195
avz1=2.515427717964314
shx1=1.0003
shy1=1.0
shz1=0.9997000899730081
req1=1.0
rhos1=1.0
cex2=4.0
cey2=0.0
cez2=0.0
oriw2=0.05895732470666767
orii2=0.08688137155973731
orij2=-0.9886814929053749
orik2=-0.10716607077676442
lvx2=1.6189928329433116
lvy2=4.456233814353088
lvz2=3.018164457978609
avx2=1.606328261084827
avy2=3.2267104447897728
avz2=5.146500444717965
shx2=1.0003
shy2=1.0
shz2=0.9997000899730081
req2=1.0
rhos2=1.0
rhof=1.0
ndiv=2
tend=100.0
dt=0.05
tprint=1
logevery=100
nbody=2
impulse_scheme=1
energy_projection=0
impulse_pair_metric_correction=0
