cex1=-4.0
cey1=0.0
cez1=0.0
oriw1=-0.47335821069566936
orii1=-0.517207348105173
orij1=-0.0614010229914872
orik1=0.7103931853618863
lvx1=-0.37164539457492674
lvy1=1.5857263726847894
lvz1=-6.039512598028582
avx1=-4.112321103336536
avy1=2.8360347143135582
avz1=3.8110549519285093
shx1=1.6900000000000002
shy1=0.7692307692307692
shz1=0.7692307692307692
req1=1.0
rhos1=1.0
cex2=4.0
cey2=0.0
cez2=0.0
oriw2=-0.13817043144991292
orii2=0.17264329039756324
orij2=0.692054198119462
orik2=0.6871420617447864
lvx2=-0.692747514111858
lvy2=2.9557960862004795
lvz2=-11.257659585737311
avx2=-4.3763104243091
avy2=3.8130535483690218
avz2=2.4056074724924152
shx2=4.0
shy2=0.5
shz2=0.5
req2=1.0
rhos2=1.0
rhof=1.0
ndiv=2
tend=100.0
dt=0.05
tprint=1
logevery=100
nbody=2
impulse_scheme=1
energy_projection=0
impulse_pair_metric_correction=0
