cex1=-2.5
cey1=0.0
cez1=0.0
oriw1=-0.7213937502356047
orii1=0.24422409185188787
orij1=-0.6449084746449046
orik1=-0.06355084115346539
lvx1=0.5114894593493923
lvy1=0.648583251734087
lvz1=-0.07459332422828886
avx1=-1.4419776232244237
avy1=-0.7595116932755254
avz1=6.068134814443003
shx1=1.0
shy1=0.8
shz1=0.6
req1=1.0
rhos1=4.0
cex2=2.5
cey2=0.0
cez2=0.0
oriw2=-0.3633177311757204
orii2=0.7389079319141088
orij2=-0.5667872410040038
orik2=0.027704111658942796
lvx2=0.46879698451890267
lvy2=0.5944479735890489
lvz2=-0.06836724554977708
avx2=-2.9648317474244115
avy2=-4.623242996620585
avz2=-3.0518542737195804
shx2=1.0
shy2=0.8
shz2=0.6
req2=1.0
rhos2=4.0
rhof=1.0
ndiv=2
tend=100.0
dt=0.05
tprint=1
logevery=100
nbody=2
impulse_scheme=1
energy_projection=0
impulse_pair_metric_correction=0
