cex1=-4.0
cey1=0.0
cez1=0.0
oriw1=0.5604321354405957
orii1=-0.310894871849654
orij1=0.1785900141260936
orik1=-0.7465693585176951
lvx1=1.7959704988233356
lvy1=5.45270271033971
lvz1=-1.7587808433509218
avx1=-0.9784678031827743
avy1=3.051236106540219
avz1=-5.404717993072108
shx1=1.1
shy1=1.1
shz1=0.8264462809917354
req1=1.0
rhos1=1.0
cex2=4.0
cey2=0.0
cez2=0.0
oriw2=0.8862977659635569
orii2=0.01799644560173892
orij2=-0.3164886245612909
orik2=0.33762012457348267
lvx2=3.287543069753172
lvy2=9.981230214274794
lvz2=-3.2194670104888665
avx2=-1.7029003887034047
avy2=0.7830658695056245
avz2=5.997112281300612
shx2=2.0
shy2=2.0
shz2=0.25
req2=1.0
rhos2=1.0
rhof=1.0
ndiv=2
tend=100.0
dt=0.05
tprint=1
logevery=100
nbody=2
impulse_scheme=1
energy_projection=0
impulse_pair_metric_correction=0
