cex1=-1.5
cey1=0.0
cez1=0.0
oriw1=1.0
orii1=2.0
orij1=0.0
orik1=0.0
lvx1=0.5702752334200264
lvy1=-0.8990381151022397
lvz1=0.21334297164758267
avx1=-2.3802529106824504
avy1=-3.4309737274340484
avz1=4.694809151307694
shx1=1.0
shy1=0.8
shz1=0.6
req1=1.0
rhos1=0.03
cex2=1.5
cey2=0.0
cez2=0.0
oriw2=1.0
orii2=0.0
orij2=1.0
orik2=0.0
lvx2=0.5331623592293239
lvy2=-0.8405297203779318
lvz2=0.19945884973202396
avx2=-3.196984549126053
avy2=-5.231067212583199
avz2=1.3760970948460567
shx2=1.0
shy2=0.8
shz2=0.6
req2=1.0
rhos2=0.03
rhof=1.0
ndiv=2
tend=100.0
dt=0.05
tprint=1
logevery=100
nbody=2
impulse_scheme=1
energy_projection=1
