cex1=-1.5
cey1=0.0
cez1=0.0
oriw1=0.19997728210411542
orii1=0.40028944687015294
orij1=-0.630184089029047
orik1=-0.6345435046561175
lvx1=-0.35319091594013396
lvy1=-0.6903274626227474
lvz1=-0.1333719139271361
avx1=-1.4724263044365717
avy1=5.747682208602405
avz1=2.067493074057583
shx1=1.0
shy1=0.7
shz1=0.7
req1=1.0
rhos1=4.0
cex2=1.5
cey2=0.0
cez2=0.0
oriw2=-0.145000679344784
orii2=-0.596356946053439
orij2=-0.05996373638591194
orik2=0.7872341114319218
lvx2=-0.3461200335112513
lvy2=-0.6765071062507796
lvz2=-0.13070180810014
avx2=-2.579542981924847
avy2=4.906030181448067
avz2=2.958926066578945
shx2=1.0
shy2=0.7
shz2=0.7
req2=1.0
rhos2=4.0
rhof=1.0
ndiv=2
tend=100.0
dt=0.05
tprint=1
logevery=100
nbody=2
impulse_scheme=1
energy_projection=0
impulse_pair_metric_correction=0
