cex1=-4.0
cey1=0.0
cez1=0.0
oriw1=-0.611995605651783
orii1=0.7159467118658455
orij1=0.331839831396556
orik1=-0.05257385976030856
lvx1=-4.727688609737777
lvy1=-2.3603777069314114
lvz1=1.6980709826470222
avx1=5.947389130763362
avy1=-1.6789567957580755
avz1=1.1349379761083997
shx1=1.03
shy1=1.0
shz1=0.970873786407767
req1=1.0
rhos1=1.0
cex2=4.0
cey2=0.0
cez2=0.0
oriw2=0.21139370274633248
orii2=0.8124466183607142
orij2=-0.2021392735410402
orik2=0.5043638655234294
lvx2=-4.725842362370418
lvy2=-2.3594559370165276
lvz2=1.697407855410841
avx2=5.9954873838096
avy2=1.6378954513762416
avz2=-0.921871534053619
shx2=1.03
shy2=1.0
shz2=0.970873786407767
req2=1.0
rhos2=1.0
rhof=1.0
ndiv=2
tend=100.0
dt=0.05
tprint=1
logevery=100
nbody=2
impulse_scheme=1
energy_projection=0
impulse_pair_metric_correction=0
