cex1=-2.5
cey1=0.0
cez1=0.0
oriw1=-0.8129123107270211
orii1=-0.2109230000318149
orij1=-0.40171202017211766
orik1=0.3651198652158907
lvx1=-0.3306132334245011
lvy1=-0.07645651464581368
lvz1=-0.7174162669224478
avx1=-0.449851431910347
avy1=-4.852123414813781
avz1=-3.9664782441079254
shx1=1.0
shy1=0.7
shz1=0.7
req1=1.0
rhos1=4.0
cex2=2.5
cey2=0.0
cez2=0.0
oriw2=-0.7068683913617347
orii2=-0.4467391431946463
orij2=0.3931005411869721
orik2=-0.38240447140416167
lvx2=-0.269203574911456
lvy2=-0.06225512165599182
lvz2=-0.5841599918874927
avx2=-6.245160962384219
avy2=-0.641632772929871
avz2=0.2543413905992907
shx2=1.0
shy2=0.7
shz2=0.7
req2=1.0
rhos2=4.0
rhof=1.0
ndiv=2
tend=100.0
dt=0.05
tprint=1
logevery=100
nbody=2
impulse_scheme=1
energy_projection=0
impulse_pair_metric_correction=0
