cex1=-4.0
cey1=0.0
cez1=0.0
oriw1=-0.6840279600401751
orii1=-0.3091482174127188
orij1=-0.6426672730677866
orik1=-0.15333592430161302
lvx1=1.1015312964813346
lvy1=-4.717308883020021
lvz1=-2.8200869599212046
avx1=5.420104570212893
avy1=-1.2911457840399052
avz1=-2.9041051318212845
shx1=1.01
shy1=1.0
shz1=0.9900990099009901
req1=1.0
rhos1=1.0
cex2=4.0
cey2=0.0
cez2=0.0
oriw2=-0.04446189153292176
orii2=0.1869492135159492
orij2=0.028870102781727715
orik2=0.9809381473530608
lvx2=0.8744650565612456
lvy2=-3.744897482608084
lvz2=-2.2387629936549103
avx2=-6.279653649011555
avy2=0.12588684401642378
avz2=0.1688791145076088
shx2=2.0
shy2=1.0
shz2=0.5
req2=1.0
rhos2=1.0
rhof=1.0
ndiv=2
tend=100.0
dt=0.05
tprint=1
logevery=100
nbody=2
impulse_scheme=1
energy_projection=0
impulse_pair_metric_correction=0
