cex1=-4.0
cey1=0.0
cez1=0.0
oriw1=-0.8869332723654256
orii1=-0.34389582602526964
orij1=0.10309045366716332
orik1=0.2906155356760092
lvx1=-3.2828086948556057
lvy1=4.47542370840847
lvz1=0.9138574511034032
avx1=-2.74971886472902
avy1=-0.009270687852127953
avz1=5.649546691873387
shx1=1.003
shy1=1.0
shz1=0.9970089730807579
req1=1.0
rhos1=1.0
cex2=4.0
cey2=0.0
cez2=0.0
oriw2=0.0051273957888314445
orii2=-0.057679863704229124
orij2=-0.46065519466693255
orik2=-0.8856881701602753
lvx2=-3.27501140722684
lvy2=4.464793735979755
lvz2=0.9116868679045984
avx2=6.225865782314264
avy2=0.4974828224058331
avz2=0.6852179991630148
shx2=1.003
shy2=1.0
shz2=0.9970089730807579
req2=1.0
rhos2=1.0
rhof=1.0
ndiv=2
tend=100.0
dt=0.05
tprint=1
logevery=100
nbody=2
impulse_scheme=1
energy_projection=0
impulse_pair_metric_correction=0
