cex1=-4.0
cey1=0.0
cez1=0.0
oriw1=0.43252335698960054
orii1=-0.6485749450120497
orij1=0.34676141466796084
orik1=-0.5215655353438701
lvx1=-0.484080973658856
lvy1=5.006413031010555
lvz1=-2.5119018087991063
avx1=1.9340481223431216
avy1=-0.49307218818148585
avz1=-5.95774750069692
shx1=1.001
shy1=1.0
shz1=0.9990009990009991
req1=1.0
rhos1=1.0
cex2=4.0
cey2=0.0
cez2=0.0
oriw2=-0.773439813679612
orii2=0.6332592385409593
orij2=-0.008628009164364835
orik2=0.02644142347966663
lvx2=-0.48362504279661234
lvy2=5.001697749199903
lvz2=-2.5095359782462117
avx2=5.491758246790898
avy2=-2.6889141950097772
avz2=1.4452506409050676
shx2=2.0
shy2=1.0
shz2=0.5
req2=1.0
rhos2=1.0
rhof=1.0
ndiv=2
tend=100.0
dt=0.05
tprint=1
logevery=100
nbody=2
impulse_scheme=1
energy_projection=0
impulse_pair_metric_correction=0
