cex1=-4.0
cey1=0.0
cez1=0.0
oriw1=0.47537819602127357
orii1=-0.026516057308465166
orij1=-0.026478054775410768
orik1=0.8789831523230033
lvx1=-4.4433633225345615
lvy1=-3.7456437766098283
lvz1=-0.9457154413015249
avx1=-5.7417855378457805
avy1=1.3916059956961815
avz1=2.1386325524701313
shx1=1.3
shy1=1.3
shz1=0.5917159763313609
req1=1.0
rhos1=1.0
cex2=4.0
cey2=0.0
cez2=0.0
oriw2=-0.39876190306632936
orii2=0.8515686127000363
orij2=-0.26544710420371276
orik2=-0.21297341946101692
lvx2=-4.809026518034064
lvy2=-4.053888674255675
lvz2=-1.023542372208962
avx2=2.2026714991957568
avy2=4.355281908363905
avz2=3.957041239318364
shx2=1.3
shy2=1.3
shz2=0.5917159763313609
req2=1.0
rhos2=1.0
rhof=1.0
ndiv=2
tend=100.0
dt=0.05
tprint=1
logevery=100
nbody=2
impulse_scheme=1
energy_projection=0
impulse_pair_metric_correction=0
