cex1=-4.0
cey1=0.0
cez1=0.0
oriw1=-0.058669915363951025
orii1=-0.7997384381723762
orij1=0.3037619616995925
orik1=-0.5144948417284768
lvx1=1.3632276739960827
lvy1=-0.39974105324497
lvz1=1.5513484498251804
avx1=-2.933562780529772
avy1=-4.21894157687304
avz1=-3.6156823682369965
shx1=1.0
shy1=0.8
shz1=0.6
req1=1.0
rhos1=4.0
cex2=4.0
cey2=0.0
cez2=0.0
oriw2=0.21335743859097156
orii2=-0.6024717895038479
orij2=-0.5401617720068376
orik2=0.5474774938866109
lvx2=1.3407012223703885
lvy2=-0.3931355920512936
lvz2=1.5257134246007122
avx2=4.189614907559091
avy2=1.9234427578435047
avz2=4.269181711758758
shx2=1.0
shy2=0.8
shz2=0.6
req2=1.0
rhos2=4.0
rhof=1.0
ndiv=2
tend=100.0
dt=0.05
tprint=1
logevery=100
nbody=2
impulse_scheme=1
energy_projection=0
impulse_pair_metric_correction=0
