cex1=-4.0
cey1=0.0
cez1=0.0
oriw1=-0.6058777836312286
orii1=0.3791561146858238
orij1=-0.690368954188873
orik1=0.11199758519996031
lvx1=1.208161035464171
lvy1=-4.787504151387525
lvz1=-2.6837453972347762
avx1=3.657435385460339
avy1=4.910755108030252
avz1=1.409279345798695
shx1=1.0020009999999997
shy1=0.9990009990009991
shz1=0.9990009990009991
req1=1.0
rhos1=1.0
cex2=4.0
cey2=0.0
cez2=0.0
oriw2=0.8797014889315468
orii2=-0.4021529211993709
orij2=-0.17447623596102702
orik2=0.18427251945774323
lvx2=3.4435916932179143
lvy2=-13.645705367935838
lvz2=-7.649413518023986
avx2=0.07192204828154146
avy2=-6.269849057644949
avz2=0.40278731072013774
shx2=4.0
shy2=0.5
shz2=0.5
req2=1.0
rhos2=1.0
rhof=1.0
ndiv=2
tend=100.0
dt=0.05
tprint=1
logevery=100
nbody=2
impulse_scheme=1
energy_projection=0
impulse_pair_metric_correction=0
