cex1=-4.0
cey1=0.0
cez1=0.0
oriw1=-0.3410642089510185
orii1=0.7737117266067237
orij1=-0.044298308887799766
orik1=0.5320554757856923
lvx1=1.5830774662104798
lvy1=-2.6063973136524923
lvz1=-0.9876512064749321
avx1=4.628652229061967
avy1=-3.977226886236866
avz1=1.4952131761564056
shx1=1.0
shy1=0.7
shz1=0.7
req1=1.0
rhos1=1.0
cex2=4.0
cey2=0.0
cez2=0.0
oriw2=0.572533452508533
orii2=0.27422680652017273
orij2=0.7484191988286426
orik2=-0.19202553780447976
lvx2=1.5149850401526423
lvy2=-2.494289144503913
lvz2=-0.9451696677105577
avx2=-5.415690257953136
avy2=0.9083222682721427
avz2=-3.0534680760128934
shx2=1.0
shy2=0.7
shz2=0.7
req2=1.0
rhos2=1.0
rhof=1.0
ndiv=2
tend=100.0
dt=0.05
tprint=1
logevery=100
nbody=2
impulse_scheme=1
energy_projection=0
impulse_pair_metric_correction=0
