cex1=-5.5
cey1=0.0
cez1=0.0
oriw1=1.0
orii1=1.0
orij1=1.0
orik1=0.0
lvx1=0.40595359714590346
lvy1=-5.0742298395175105
lvz1=2.8951130799800655
avx1=-0.6363595910077846
avy1=3.8537961640303204
avz1=4.921556583175187
shx1=1.0
shy1=0.7
shz1=0.7
req1=1.0
rhos1=0.3
cex2=5.5
cey2=0.0
cez2=0.0
oriw2=1.0
orii2=-1.0
orij2=0.0
orik2=1.0
lvx2=0.34558605781557783
lvy2=-4.319663870495954
lvz2=2.4645937941548373
avx2=5.660919241235354
avy2=-1.971645135232234
avz2=1.8828240516001078
shx2=1.0
shy2=0.7
shz2=0.7
req2=1.0
rhos2=0.3
rhof=1.0
ndiv=2
tend=100.0
dt=0.05
tprint=1
logevery=100
nbody=2
impulse_scheme=1
energy_projection=0
impulse_pair_metric_correction=0
