cex1=-5.5
cey1=0.0
cez1=0.0
oriw1=-0.12197269823914292
orii1=-0.26511148132792894
orij1=-0.42187639270702265
orik1=-0.8584048419183598
lvx1=-5.173473872474953
lvy1=4.051472787793619
lvz1=6.934647029573819
avx1=-2.45076301890492
avy1=4.2040051744440134
avz1=-3.9747350506383987
shx1=1.0
shy1=0.8
shz1=0.6
req1=1.0
rhos1=0.1
cex2=5.5
cey2=0.0
cez2=0.0
oriw2=0.3229862427061841
orii2=0.6147361788525972
orij2=-0.18018355817584664
orik2=0.6966442440696262
lvx2=-4.349158917505053
lvy2=3.4059317662374036
lvz2=5.829715721361637
avx2=-6.271975730305538
avy2=-0.3060371179720724
avz2=0.2169777067790561
shx2=1.0
shy2=0.8
shz2=0.6
req2=1.0
rhos2=0.1
rhof=1.0
ndiv=2
tend=100.0
dt=0.05
tprint=1
logevery=100
nbody=2
impulse_scheme=1
energy_projection=0
impulse_pair_metric_correction=0
