cex1=-1.5
cey1=0.0
cez1=0.0
oriw1=-0.8866933115430088
orii1=-0.02079815529302972
orij1=-0.2709300629804422
orik1=-0.3740846280919778
lvx1=-0.5570222649896315
lvy1=-0.9481786814556027
lvz1=-0.7845338410534742
avx1=-1.8105537871361035
avy1=-1.9985511000868692
avz1=5.675042386501278
shx1=1.0
shy1=0.8
shz1=0.6
req1=1.0
rhos1=0.1
cex2=1.5
cey2=0.0
cez2=0.0
oriw2=-0.2632305289549313
orii2=0.06912219369204534
orij2=-0.6556674146162456
orik2=0.7042954297564018
lvx2=-0.44638279983792784
lvy2=-0.759845128601215
lvz2=-0.6287045142505613
avx2=6.278424986228432
avy2=-0.10853573595325607
avz2=0.21912847984923312
shx2=1.0
shy2=0.8
shz2=0.6
req2=1.0
rhos2=0.1
rhof=1.0
ndiv=2
tend=100.0
dt=0.05
tprint=1
logevery=100
nbody=2
impulse_scheme=1
energy_projection=0
impulse_pair_metric_correction=0
