cex1=-1.5
cey1=0.0
cez1=0.0
oriw1=-0.20343543471947412
orii1=-0.531246553074875
orij1=-0.8224259926839707
orik1=-0.0025710512146115095
lvx1=1.9689529383984887
lvy1=0.8599703005599006
lvz1=0.3152034764980008
avx1=0.6322590838406303
avy1=-5.981724248166482
avz1=1.8159408234178727
shx1=1.0
shy1=0.7
shz1=0.7
req1=1.0
rhos1=0.1
cex2=1.5
cey2=0.0
cez2=0.0
oriw2=-0.412675760436998
orii2=-0.4157405958692711
orij2=-0.7749561638275729
orik2=-0.23727919807614983
lvx2=1.9074563168479164
lvy2=0.8331107108323371
lvz2=0.30535867598113886
avx2=-2.7326641169960872
avy2=5.654642256111057
avz2=0.18969813768902144
shx2=1.0
shy2=0.7
shz2=0.7
req2=1.0
rhos2=0.1
rhof=1.0
ndiv=2
tend=100.0
dt=0.05
tprint=1
logevery=100
nbody=2
impulse_scheme=1
energy_projection=0
impulse_pair_metric_correction=0
