cex1=-2.5
cey1=0.0
cez1=0.0
oriw1=-0.14149559142089174
orii1=0.22532780260792987
orij1=-0.8962411260955397
orik1=-0.35490593524951475
lvx1=5.968121732388935
lvy1=-6.5689801044504845
lvz1=-1.7013545132592485
avx1=-3.9768015273087123
avy1=4.671224151446445
avz1=-1.3576200292040355
shx1=1.0
shy1=0.7
shz1=0.7
req1=1.0
rhos1=0.03
cex2=2.5
cey2=0.0
cez2=0.0
oriw2=0.3947533538484252
orii2=-0.8882031921147906
orij2=-0.2350147983714836
orik2=-0.005737916775930899
lvx2=6.308047202236868
lvy2=-6.9431285800602875
lvz2=-1.7982583229049098
avx2=-2.038367586775421
avy2=5.8899453786959155
avz2=0.794995988366866
shx2=1.0
shy2=0.7
shz2=0.7
req2=1.0
rhos2=0.03
rhof=1.0
ndiv=2
tend=100.0
dt=0.05
tprint=1
logevery=100
nbody=2
impulse_scheme=1
energy_projection=0
impulse_pair_metric_correction=0
