cex1=-2.5
cey1=0.0
cez1=0.0
oriw1=-0.20094940416002557
orii1=0.5206370963359728
orij1=-0.704167362706867
orik1=-0.43898140756190734
lvx1=-2.218541289414314
lvy1=1.0687956375067564
lvz1=-5.064821899151128
avx1=-4.183194548774558
avy1=0.5163264502867388
avz1=-4.6596896858261445
shx1=1.0
shy1=0.8
shz1=0.6
req1=1.0
rhos1=0.3
cex2=2.5
cey2=0.0
cez2=0.0
oriw2=0.2577309836444107
orii2=-0.7055279748633684
orij2=0.6501599108581244
orik2=-0.11444259289195823
lvx2=-2.3720939918969624
lvy2=1.1427705774025805
lvz2=-5.415375253248617
avx2=-2.2924006978464164
avy2=-0.9504069387619822
avz2=-5.77235162612464
shx2=1.0
shy2=0.8
shz2=0.6
req2=1.0
rhos2=0.3
rhof=1.0
ndiv=2
tend=100.0
dt=0.05
tprint=1
logevery=100
nbody=2
impulse_scheme=1
energy_projection=0
impulse_pair_metric_correction=0
