cex1=-4.0
cey1=0.0
cez1=0.0
oriw1=1.0
orii1=1.0
orij1=1.0
orik1=0.0
lvx1=0.38275429564157076
lvy1=-0.5648743164894429
lvz1=-0.6977889735636769
avx1=-4.733361847717913
avy1=3.6310631380223217
avz1=1.9720759900727411
shx1=1.0
shy1=0.8
shz1=0.6
req1=1.0
rhos1=0.03
cex2=4.0
cey2=0.0
cez2=0.0
oriw2=1.0
orii2=-1.0
orij2=0.0
orik2=1.0
lvx2=0.4362221146172929
lvy2=-0.6437828958104583
lvz2=-0.7952647039384858
avx2=2.5206405341232787
avy2=-0.07736890674983474
avz2=5.754893826506313
shx2=1.0
shy2=0.8
shz2=0.6
req2=1.0
rhos2=0.03
rhof=1.0
ndiv=2
tend=100.0
dt=0.05
tprint=1
logevery=100
nbody=2
impulse_scheme=1
energy_projection=1
