cex1=-4.0
cey1=0.0
cez1=0.0
oriw1=0.003699127474503448
orii1=0.09183457862732823
orij1=0.8155100325306013
orik1=-0.5713983841998559
lvx1=4.276194510850423
lvy1=-2.662235893038904
lvz1=-2.491865694349117
avx1=-4.917990319541321
avy1=-0.9594765609726947
avz1=-3.7909357090564457
shx1=1.0
shy1=1.0
shz1=1.0
req1=1.0
rhos1=1.0
cex2=4.0
cey2=0.0
cez2=0.0
oriw2=0.7173806065090601
orii2=-0.19156036680662505
orij2=0.5884442182720493
orik2=0.32000483317568995
lvx2=4.276194510850424
lvy2=-2.6622358930389045
lvz2=-2.4918656943491175
avx2=5.340608526896593
avy2=1.2573945353179594
avz2=3.0619074364437235
shx2=1.0
shy2=1.0
shz2=1.0
req2=1.0
rhos2=1.0
rhof=1.0
ndiv=2
tend=100.0
dt=0.05
tprint=1
logevery=100
nbody=2
impulse_scheme=1
energy_projection=0
impulse_pair_metric_correction=0
