cex1=-1.5
cey1=0.0
cez1=0.0
oriw1=1.0
orii1=1.0
orij1=1.0
orik1=0.0
lvx1=7.2685717587703635
lvy1=-2.569724084104514
lvz1=-1.3143005634466698
avx1=4.708008675834094
avy1=-0.14787461403248095
avz1=4.158269473128584
shx1=1.0
shy1=0.7
shz1=0.7
req1=1.0
rhos1=0.03
cex2=1.5
cey2=0.0
cez2=0.0
oriw2=1.0
orii2=-1.0
orij2=0.0
orik2=1.0
lvx2=7.868178272561239
lvy2=-2.781708412059339
lvz2=-1.42272120027546
avx2=2.481723488080603
avy2=-1.5632285892900384
avz2=5.556598105918113
shx2=1.0
shy2=0.7
shz2=0.7
req2=1.0
rhos2=0.03
rhof=1.0
ndiv=2
tend=100.0
dt=0.05
tprint=1
logevery=100
nbody=2
impulse_scheme=1
energy_projection=1
