cex1=-1.5
cey1=0.0
cez1=0.0
oriw1=-0.24780252299670755
orii1=0.9475248099271557
orij1=-0.08988973857374621
orik1=-0.18086038556886125
lvx1=1.8064398201778018
lvy1=1.1169589577556
lvz1=0.12292730219556744
avx1=-2.2415517647790404
avy1=4.397190207802064
avz1=-3.8882620239103027
shx1=1.0
shy1=0.7
shz1=0.7
req1=1.0
rhos1=0.3
cex2=1.5
cey2=0.0
cez2=0.0
oriw2=0.35550038580627064
orii2=-0.4982435989512286
orij2=0.06726033006428285
orik2=0.7879396168459634
lvx2=1.5872317062678076
lvy2=0.9814180647186107
lvz2=0.10801030260258794
avx2=5.492997141308243
avy2=-3.012879406018153
avz2=0.4774491540767431
shx2=1.0
shy2=0.7
shz2=0.7
req2=1.0
rhos2=0.3
rhof=1.0
ndiv=2
tend=100.0
dt=0.05
tprint=1
logevery=100
nbody=2
impulse_scheme=1
energy_projection=0
impulse_pair_metric_correction=0
