cex1=-1.5
cey1=0.0
cez1=0.0
oriw1=1.0
orii1=2.0
orij1=0.0
orik1=0.0
lvx1=1.8064398201778018
lvy1=1.1169589577556
lvz1=0.12292730219556744
avx1=-2.2415517647790404
avy1=4.397190207802064
avz1=-3.8882620239103027
shx1=1.0
shy1=0.7
shz1=0.7
req1=1.0
rhos1=0.3
cex2=1.5
cey2=0.0
cez2=0.0
oriw2=1.0
orii2=0.0
orij2=1.0
orik2=0.0
lvx2=1.5872317062678076
lvy2=0.9814180647186107
lvz2=0.10801030260258794
avx2=5.492997141308243
avy2=-3.012879406018153
avz2=0.4774491540767431
shx2=1.0
shy2=0.7
shz2=0.7
req2=1.0
rhos2=0.3
rhof=1.0
ndiv=2
tend=100.0
dt=0.05
tprint=1
logevery=100
nbody=2
impulse_scheme=1
energy_projection=0
impulse_pair_metric_correction=0
