cex1=-5.5
cey1=0.0
cez1=0.0
oriw1=0.31583826726136893
orii1=-0.3235571074903575
orij1=-0.8011974925321408
orik1=-0.3919688317787776
lvx1=-1.0177121615589506
lvy1=-0.6166421393636011
lvz1=0.5088756633876382
avx1=-1.752412088491301
avy1=-1.7267549248546468
avz1=-5.781503861968546
shx1=1.0
shy1=0.7
shz1=0.7
req1=1.0
rhos1=4.0
cex2=5.5
cey2=0.0
cez2=0.0
oriw2=0.29971867056333723
orii2=-0.6120481495686191
orij2=0.39211256915895226
orik2=-0.6179106037550585
lvx2=-0.9558665703651993
lvy2=-0.5791692672643789
lvz2=0.47795167777061276
avx2=-4.037478174982268
avy2=-0.5303617732263102
avz2=-4.784966455514556
shx2=1.0
shy2=0.7
shz2=0.7
req2=1.0
rhos2=4.0
rhof=1.0
ndiv=2
tend=100.0
dt=0.05
tprint=1
logevery=100
nbody=2
impulse_scheme=1
energy_projection=0
impulse_pair_metric_correction=0
