cex1=-4.0
cey1=0.0
cez1=0.0
oriw1=0.4961351497716545
orii1=-0.8667805715203851
orij1=-0.02087578977391788
orik1=0.04588633126724728
lvx1=-4.198860355743667
lvy1=3.7146688058198913
lvz1=-0.8621872170633563
avx1=2.173164646292097
avy1=5.369874041729557
avz1=-2.433151413377855
shx1=1.1
shy1=1.0
shz1=0.9090909090909091
req1=1.0
rhos1=1.0
cex2=4.0
cey2=0.0
cez2=0.0
oriw2=0.3551504400133876
orii2=0.7786225804312937
orij2=0.07770175743779283
orik2=0.5114464576980556
lvx2=-4.1601930800928
lvy2=3.6804604467660273
lvz2=-0.8542473410112179
avx2=-5.129481487134241
avy2=0.1034000461221554
avz2=-3.6271401555449256
shx2=1.0
shy2=1.0
shz2=1.0
req2=1.0
rhos2=1.0
rhof=1.0
ndiv=2
tend=100.0
dt=0.05
tprint=1
logevery=100
nbody=2
impulse_scheme=1
energy_projection=0
impulse_pair_metric_correction=0
