cex1=-5.5
cey1=0.0
cez1=0.0
oriw1=0.13898849394811855
orii1=0.6964561670407148
orij1=0.2426851941678205
orik1=0.660859215319509
lvx1=9.015447031996862
lvy1=-1.4157694642474528
lvz1=-1.9934864800113166
avx1=-2.3431503105131624
avy1=-5.2570657175904305
avz1=-2.5201833797632505
shx1=1.0
shy1=0.8
shz1=0.6
req1=1.0
rhos1=10.0
cex2=5.5
cey2=0.0
cez2=0.0
oriw2=-0.021804408045095394
orii2=-0.9767164745993039
orij2=-0.022773380417490583
orik2=0.2122047812384786
lvx2=9.11762893088367
lvy2=-1.431815924476139
lvz2=-2.0160808375855765
avx2=0.44157369694585036
avy2=-5.948550895510293
avz2=1.974379020868766
shx2=1.0
shy2=0.8
shz2=0.6
req2=1.0
rhos2=10.0
rhof=1.0
ndiv=2
tend=100.0
dt=0.05
tprint=1
logevery=100
nbody=2
impulse_scheme=1
energy_projection=0
impulse_pair_metric_correction=0
