cex1=-5.5
cey1=0.0
cez1=0.0
oriw1=0.08326518504980514
orii1=-0.426253272324629
orij1=-0.8538028111626668
orik1=-0.28704671473802806
lvx1=-1.1745988326145895
lvy1=-1.5887237966145704
lvz1=0.2332466794732654
avx1=-4.3432826249514775
avy1=-4.534837151928638
avz1=-0.2226334423212415
shx1=1.0
shy1=0.7
shz1=0.7
req1=1.0
rhos1=0.03
cex2=5.5
cey2=0.0
cez2=0.0
oriw2=-0.3487642623369862
orii2=-0.26626743574965406
orij2=-0.17567066351781224
orik2=-0.8812519276319646
lvx2=-1.264783933778692
lvy2=-1.7107052019600628
lvz2=0.2511552409330652
avx2=-1.8656912218643058
avy2=-5.884326050387535
avz2=-1.1714609689385898
shx2=1.0
shy2=0.7
shz2=0.7
req2=1.0
rhos2=0.03
rhof=1.0
ndiv=2
tend=100.0
dt=0.05
tprint=1
logevery=100
nbody=2
impulse_scheme=1
energy_projection=0
impulse_pair_metric_correction=0
