cex1=-5.5
cey1=0.0
cez1=0.0
oriw1=0.10619651376276953
orii1=-0.618741535706097
orij1=-0.7197733731055022
orik1=-0.2963233096214708
lvx1=-3.4142161604733627
lvy1=-6.2428719429329815
lvz1=-7.216373259882572
avx1=-0.4128624378975484
avy1=-2.443379055126885
avz1=5.773894786424322
shx1=1.0
shy1=0.8
shz1=0.6
req1=1.0
rhos1=0.03
cex2=5.5
cey2=0.0
cez2=0.0
oriw2=-0.14133435612086698
orii2=-0.06372214651591072
orij2=-0.9016637783779294
orik2=0.4036911177924787
lvx2=-3.387419483905953
lvy2=-6.193874394903294
lvz2=-7.159735129446225
avx2=0.43562491051080093
avy2=3.0727724454752496
avz2=-5.46321499119593
shx2=1.0
shy2=0.8
shz2=0.6
req2=1.0
rhos2=0.03
rhof=1.0
ndiv=2
tend=100.0
dt=0.05
tprint=1
logevery=100
nbody=2
impulse_scheme=1
energy_projection=0
impulse_pair_metric_correction=0
