cex1=-4.0
cey1=0.0
cez1=0.0
oriw1=-0.12471208217719039
orii1=0.6172651773052624
orij1=-0.5272475821065922
orik1=0.5704739999404751
lvx1=3.495240100532627
lvy1=-3.7261631079120274
lvz1=2.3852123999100665
avx1=-0.06498869291245529
avy1=5.730373560880131
avz1=-2.5762400755591344
shx1=1.03
shy1=1.0
shz1=0.970873786407767
req1=1.0
rhos1=1.0
cex2=4.0
cey2=0.0
cez2=0.0
oriw2=-0.0985383916660423
orii2=-0.14790184065484732
orij2=0.8893130382137545
orik2=-0.4213520510948047
lvx2=3.4865263122962746
lvy2=-3.7168736183998465
lvz2=2.3792659598505206
avx2=-1.024456906280964
avy2=-6.130052826847145
avz2=0.9226906261548341
shx2=1.03
shy2=1.0
shz2=0.970873786407767
req2=1.0
rhos2=1.0
rhof=1.0
ndiv=2
tend=100.0
dt=0.05
tprint=1
logevery=100
nbody=2
impulse_scheme=1
energy_projection=0
impulse_pair_metric_correction=0
