cex1=-4.0
cey1=0.0
cez1=0.0
oriw1=0.008440065028415643
orii1=0.0022226766866020606
orij1=0.9815231803839124
orik1=-0.191144111548624
lvx1=2.543970768174483
lvy1=1.0030087043461997
lvz1=-7.8117580590159355
avx1=-2.312946969464481
avy1=2.846560486190045
avz1=5.1015475416057825
shx1=2.0
shy1=1.0
shz1=0.5
req1=1.0
rhos1=1.0
cex2=4.0
cey2=0.0
cez2=0.0
oriw2=0.6883006162772859
orii2=-0.11929352066030169
orij2=-0.38604374118744234
orik2=-0.6024794996103864
lvx2=2.602674380445291
lvy2=1.0261537163961758
lvz2=-7.992018941722109
avx2=-0.8315031326632397
avy2=-4.553557903488492
avz2=4.248779891251857
shx2=2.0
shy2=1.0
shz2=0.5
req2=1.0
rhos2=1.0
rhof=1.0
ndiv=2
tend=100.0
dt=0.05
tprint=1
logevery=100
nbody=2
impulse_scheme=1
energy_projection=0
impulse_pair_metric_correction=0
