cex1=-4.0
cey1=0.0
cez1=0.0
oriw1=-0.2580899091792245
orii1=0.17140694995335107
orij1=-0.8814562295017443
orik1=0.35643256271013907
lvx1=-0.6121290931169108
lvy1=-4.952175371170046
lvz1=-3.11072955135076
avx1=-2.501051663678801
avy1=-5.503312196922473
avz1=1.7136840558198836
shx1=1.2100000000000002
shy1=0.9090909090909091
shz1=0.9090909090909091
req1=1.0
rhos1=1.0
cex2=4.0
cey2=0.0
cez2=0.0
oriw2=-0.35800009737179134
orii2=0.46049989302932204
orij2=-0.7570675888212307
orik2=-0.29432030979560153
lvx2=-0.5850384286072466
lvy2=-4.733009637859987
lvz2=-2.973059684645296
avx2=-2.1966969595370327
avy2=-5.8603815423369925
avz2=0.5557591659649715
shx2=1.0
shy2=1.0
shz2=1.0
req2=1.0
rhos2=1.0
rhof=1.0
ndiv=2
tend=100.0
dt=0.05
tprint=1
logevery=100
nbody=2
impulse_scheme=1
energy_projection=0
impulse_pair_metric_correction=0
