cex1=-4.0
cey1=0.0
cez1=0.0
oriw1=-0.7722315661899969
orii1=-0.2999236745874673
orij1=0.5585685026993951
orik1=0.04129679641148146
lvx1=-3.024342759340547
lvy1=0.4182711566183621
lvz1=-1.441452126931522
avx1=-3.253152363058227
avy1=-4.455634967581143
avz1=3.0071139557313584
shx1=1.0
shy1=0.8
shz1=0.6
req1=1.0
rhos1=1.0
cex2=4.0
cey2=0.0
cez2=0.0
oriw2=0.2570718115769214
orii2=-0.16238383827575828
orij2=0.5538127776248375
orik2=0.7751367492893462
lvx2=-2.7730742768754912
lvy2=0.38352034722091266
lvz2=-1.3216933835280176
avx2=5.637921169413003
avy2=-1.0955391050397383
avz2=2.5479514440371274
shx2=1.0
shy2=0.8
shz2=0.6
req2=1.0
rhos2=1.0
rhof=1.0
ndiv=2
tend=100.0
dt=0.05
tprint=1
logevery=100
nbody=2
impulse_scheme=1
energy_projection=0
impulse_pair_metric_correction=0
