cex1=-4.0
cey1=0.0
cez1=0.0
oriw1=1.0
orii1=2.0
orij1=0.0
orik1=0.0
lvx1=-1.0793176699904286
lvy1=-0.7733471784552864
lvz1=1.3033917001845876
avx1=-5.5642624669380325
avy1=2.115057896608613
avz1=-2.010952733749768
shx1=1.0
shy1=0.7
shz1=0.7
req1=1.0
rhos1=0.03
cex2=4.0
cey2=0.0
cez2=0.0
oriw2=1.0
orii2=0.0
orij2=1.0
orik2=0.0
lvx2=-1.2617401119029166
lvy2=-0.9040555738262221
lvz2=1.5236863394062827
avx2=-0.16771363929137426
avy2=5.595542426466538
avz2=-2.853102643293095
shx2=1.0
shy2=0.7
shz2=0.7
req2=1.0
rhos2=0.03
rhof=1.0
ndiv=2
tend=100.0
dt=0.05
tprint=1
logevery=100
nbody=2
impulse_scheme=1
energy_projection=1
