cex1=-1.5
cey1=0.0
cez1=0.0
oriw1=0.4310808824448146
orii1=-0.09077301583613645
orij1=0.5381763486412959
orik1=0.7185372294806546
lvx1=-2.278168892199837
lvy1=-5.036355099619393
lvz1=-0.1661231047543745
avx1=4.478793012446864
avy1=1.1148066903478708
avz1=-4.263336346005345
shx1=1.0
shy1=0.8
shz1=0.6
req1=1.0
rhos1=0.03
cex2=1.5
cey2=0.0
cez2=0.0
oriw2=0.11714286350212195
orii2=0.7677063620521745
orij2=0.6189902556987156
orik2=-0.11728407626433222
lvx2=-2.5340203890530977
lvy2=-5.6019668044117985
lvz2=-0.18477968687119742
avx2=-1.2024699503151655
avy2=0.32625513749425306
avz2=-6.158412231103491
shx2=1.0
shy2=0.8
shz2=0.6
req2=1.0
rhos2=0.03
rhof=1.0
ndiv=2
tend=100.0
dt=0.05
tprint=1
logevery=100
nbody=2
impulse_scheme=1
energy_projection=0
impulse_pair_metric_correction=0
