cex1=-4.0
cey1=0.0
cez1=0.0
oriw1=-0.8062056434212803
orii1=0.18633769635753009
orij1=0.5567070203159701
orik1=-0.07340311275935293
lvx1=-1.3910477914619392
lvy1=-2.318457353029335
lvz1=-4.926684442573591
avx1=-3.7724630827046277
avy1=4.13614846482551
avz1=-2.8529310841500735
shx1=1.00020001
shy1=0.9999000099990001
shz1=0.9999000099990001
req1=1.0
rhos1=1.0
cex2=4.0
cey2=0.0
cez2=0.0
oriw2=-0.17939344991580145
orii2=0.9593876444782466
orij2=0.0759996944283902
orik2=-0.20400339261046535
lvx2=-3.3674387424160934
lvy2=-5.612505307977455
lvz2=-11.926483162843134
avx2=-3.369538008904365
avy2=-0.9748414718405561
avz2=5.2128989358787665
shx2=4.0
shy2=0.5
shz2=0.5
req2=1.0
rhos2=1.0
rhof=1.0
ndiv=2
tend=100.0
dt=0.05
tprint=1
logevery=100
nbody=2
impulse_scheme=1
energy_projection=0
impulse_pair_metric_correction=0
