cex1=-4.0
cey1=0.0
cez1=0.0
oriw1=-0.05297253862720932
orii1=0.11014353833032958
orij1=-0.7729241004691252
orik1=0.6226159699441204
lvx1=0.7092183708854403
lvy1=0.3321041050145212
lvz1=-6.335404385588537
avx1=4.84221470467432
avy1=-0.3283181635701893
avz1=3.9904362595665055
shx1=1.3
shy1=1.3
shz1=0.5917159763313609
req1=1.0
rhos1=1.0
cex2=4.0
cey2=0.0
cez2=0.0
oriw2=-0.3602346089499919
orii2=0.8639123445490826
orij2=0.14727681550841365
orik2=-0.3196811334189965
lvx2=0.7194499410915718
lvy2=0.3368952195790781
lvz2=-6.426802377259923
avx2=-2.7668135952219406
avy2=3.699989494407448
avz2=4.258313970919359
shx2=1.3
shy2=1.3
shz2=0.5917159763313609
req2=1.0
rhos2=1.0
rhof=1.0
ndiv=2
tend=100.0
dt=0.05
tprint=1
logevery=100
nbody=2
impulse_scheme=1
energy_projection=0
impulse_pair_metric_correction=0
