cex1=-4.0
cey1=0.0
cez1=0.0
oriw1=-0.7302017797068572
orii1=-0.36148542879776907
orij1=-0.05392460840535538
orik1=0.5772571197379558
lvx1=-5.000738575865572
lvy1=2.5368710189432577
lvz1=0.4039366911785166
avx1=3.382032991982979
avy1=2.6308980022840243
avz1=-4.595502817654888
shx1=1.003
shy1=1.0
shz1=0.9970089730807579
req1=1.0
rhos1=1.0
cex2=4.0
cey2=0.0
cez2=0.0
oriw2=-0.24555288850313686
orii2=-0.3976295446778113
orij2=0.30733966940642954
orik2=-0.828937182032649
lvx2=-7.731359976781208
lvy2=3.9221132567841126
lvz2=0.624503744787431
avx2=-1.0759529899747233
avy2=-2.361792071635432
avz2=5.722122069484528
shx2=2.0
shy2=1.0
shz2=0.5
req2=1.0
rhos2=1.0
rhof=1.0
ndiv=2
tend=100.0
dt=0.05
tprint=1
logevery=100
nbody=2
impulse_scheme=1
energy_projection=0
impulse_pair_metric_correction=0
