cex1=-1.5
cey1=0.0
cez1=0.0
oriw1=-0.3334768842741828
orii1=-0.8476530526529314
orij1=-0.4042433766276251
orik1=-0.0828538619235459
lvx1=-9.07140500427526
lvy1=0.8987179770978767
lvz1=2.3975723982741677
avx1=2.6575338288456147
avy1=0.5491006015256813
avz1=5.666958627191726
shx1=1.0
shy1=0.7
shz1=0.7
req1=1.0
rhos1=0.1
cex2=1.5
cey2=0.0
cez2=0.0
oriw2=0.40800935903364177
orii2=-0.0957648478815487
orij2=0.7615751887380192
orik2=-0.49432852309959924
lvx2=-8.987255008585747
lvy2=0.890381108237625
lvz2=2.3753315538972513
avx2=3.0103155650517794
avy2=3.4686544577599414
avz2=4.287756296226094
shx2=1.0
shy2=0.7
shz2=0.7
req2=1.0
rhos2=0.1
rhof=1.0
ndiv=2
tend=100.0
dt=0.05
tprint=1
logevery=100
nbody=2
impulse_scheme=1
energy_projection=0
impulse_pair_metric_correction=0
