cex1=-4.0
cey1=0.0
cez1=0.0
oriw1=-0.4486780469142119
orii1=-0.4906900066399662
orij1=-0.5703903657245261
orik1=-0.48225113612054815
lvx1=5.319240078944453
lvy1=1.0485564411409556
lvz1=-1.4901919445069518
avx1=0.023095319602718736
avy1=6.116369388993688
avz1=-1.4380228468111567
shx1=1.0020009999999997
shy1=0.9990009990009991
shz1=0.9990009990009991
req1=1.0
rhos1=1.0
cex2=4.0
cey2=0.0
cez2=0.0
oriw2=-0.7990281778162689
orii2=0.49654194605652113
orij2=-0.28815349851493527
orik2=0.17879493324929205
lvx2=5.319039743454744
lvy2=1.0485169499608236
lvz2=-1.490135820262035
avx2=0.9961167228616324
avy2=3.888437173700286
avz2=-4.833862371331912
shx2=1.0020009999999997
shy2=0.9990009990009991
shz2=0.9990009990009991
req2=1.0
rhos2=1.0
rhof=1.0
ndiv=2
tend=100.0
dt=0.05
tprint=1
logevery=100
nbody=2
impulse_scheme=1
energy_projection=0
impulse_pair_metric_correction=0
