cex1=-1.5
cey1=0.0
cez1=0.0
oriw1=-0.37988068734094926
orii1=0.556696277365506
orij1=0.5826575893184951
orik1=-0.45419164651313815
lvx1=6.5551173722658165
lvy1=2.583484707718561
lvz1=5.958129553518625
avx1=3.402280195446036
avy1=-4.010819219518693
avz1=3.4374752747289072
shx1=1.0
shy1=0.7
shz1=0.7
req1=1.0
rhos1=0.03
cex2=1.5
cey2=0.0
cez2=0.0
oriw2=-0.29647469805874854
orii2=0.5483217825568862
orij2=0.7439418269158239
orik2=-0.2408246963036785
lvx2=5.671150022139158
lvy2=2.2350979433812905
lvz2=5.154666900749269
avx2=6.137905036339686
avy2=-0.2886240731929896
avz2=-1.311958655448732
shx2=1.0
shy2=0.7
shz2=0.7
req2=1.0
rhos2=0.03
rhof=1.0
ndiv=2
tend=100.0
dt=0.05
tprint=1
logevery=100
nbody=2
impulse_scheme=1
energy_projection=0
impulse_pair_metric_correction=0
