cex1=-2.5
cey1=0.0
cez1=0.0
oriw1=1.0
orii1=1.0
orij1=1.0
orik1=0.0
lvx1=0.17256455694739484
lvy1=0.19055329588454303
lvz1=0.7233059392818764
avx1=-0.3305687486339077
avy1=-6.120211474488441
avz1=1.3828063546006983
shx1=1.0
shy1=0.8
shz1=0.6
req1=1.0
rhos1=1.0
cex2=2.5
cey2=0.0
cez2=0.0
oriw2=1.0
orii2=-1.0
orij2=0.0
orik2=1.0
lvx2=0.18138564250116132
lvy2=0.20029392255368078
lvz2=0.7602796011091881
avx2=-2.743942112224307
avy2=0.45439962458964556
avz2=5.634067826206233
shx2=1.0
shy2=0.8
shz2=0.6
req2=1.0
rhos2=1.0
rhof=1.0
ndiv=2
tend=100.0
dt=0.05
tprint=1
logevery=100
nbody=2
impulse_scheme=1
energy_projection=0
impulse_pair_metric_correction=0
