cex1=-2.5
cey1=0.0
cez1=0.0
oriw1=-0.35092377410955194
orii1=-0.7044700081294897
orij1=0.1573782452589095
orik1=0.5964952642980256
lvx1=0.5726753120859834
lvy1=0.48626382395317164
lvz1=-1.1588196477161676
avx1=0.24990146241256744
avy1=1.1891723496494848
avz1=-6.1645629193212566
shx1=1.0
shy1=0.8
shz1=0.6
req1=1.0
rhos1=0.03
cex2=2.5
cey2=0.0
cez2=0.0
oriw2=-0.3273513609950022
orii2=0.6762317226923743
orij2=0.04121138177150257
orik2=-0.6586754631012962
lvx2=0.5085347193042845
lvy2=0.43180146236987843
lvz2=-1.0290299089882045
avx2=3.618221007699984
avy2=-4.494439995305495
avz2=2.4873486833160925
shx2=1.0
shy2=0.8
shz2=0.6
req2=1.0
rhos2=0.03
rhof=1.0
ndiv=2
tend=100.0
dt=0.05
tprint=1
logevery=100
nbody=2
impulse_scheme=1
energy_projection=0
impulse_pair_metric_correction=0
