cex1=-4.0
cey1=0.0
cez1=0.0
oriw1=-0.7417339355316802
orii1=-0.29599960020863636
orij1=-0.5807180519460301
orik1=-0.1580555272713375
lvx1=-3.5756299605753754
lvy1=3.190012875564343
lvz1=-2.9376232241337776
avx1=3.8351212150775784
avy1=-2.602998888511057
avz1=4.242011274905986
shx1=1.003
shy1=1.0
shz1=0.9970089730807579
req1=1.0
rhos1=1.0
cex2=4.0
cey2=0.0
cez2=0.0
oriw2=0.31185565182872355
orii2=0.45422341453244003
orij2=-0.6708953177035702
orik2=-0.4963130209821205
lvx2=-3.218534736472951
lvy2=2.8714289126684838
lvz2=-2.6442452081990035
avx2=-5.955905155077455
avy2=0.7106881942236084
avz2=1.8709713195745177
shx2=2.0
shy2=1.0
shz2=0.5
req2=1.0
rhos2=1.0
rhof=1.0
ndiv=2
tend=100.0
dt=0.05
tprint=1
logevery=100
nbody=2
impulse_scheme=1
energy_projection=0
impulse_pair_metric_correction=0
