cex1=-4.0
cey1=0.0
cez1=0.0
oriw1=-0.5280224239816855
orii1=-0.30732129019535726
orij1=0.7184121307099282
orik1=0.33261081584035607
lvx1=-1.666828064878507
lvy1=3.3682597712067692
lvz1=-4.177315341820686
avx1=0.3949056539145505
avy1=-6.250981602599603
avz1=0.49769080042236763
shx1=1.0003
shy1=1.0003
shz1=0.9994002698920407
req1=1.0
rhos1=1.0
cex2=4.0
cey2=0.0
cez2=0.0
oriw2=-0.02583707025100216
orii2=-0.6168113872750198
orij2=-0.15523931624368117
orik2=0.7712178116595237
lvx2=-1.6671284820516281
lvy2=3.368866842265941
lvz2=-4.178068231271414
avx2=-0.4899878208921179
avy2=4.814036572328603
avz2=-4.007914846902002
shx2=1.0003
shy2=1.0003
shz2=0.9994002698920407
req2=1.0
rhos2=1.0
rhof=1.0
ndiv=2
tend=100.0
dt=0.05
tprint=1
logevery=100
nbody=2
impulse_scheme=1
energy_projection=0
impulse_pair_metric_correction=0
