cex1=-2.5
cey1=0.0
cez1=0.0
oriw1=0.9403715315679606
orii1=0.032632389067279846
orij1=-0.32029138803418195
orik1=0.10977220299978878
lvx1=-3.36493331282167
lvy1=4.682645842757398
lvz1=1.0108046012762983
avx1=0.6933516091500113
avy1=3.639514505457238
avz1=-5.074604941767672
shx1=1.0
shy1=0.7
shz1=0.7
req1=1.0
rhos1=4.0
cex2=2.5
cey2=0.0
cez2=0.0
oriw2=0.32767787036257734
orii2=-0.5680087884804945
orij2=-0.23814694643057763
orik2=0.7164351061955009
lvx2=-2.8947834514687036
lvy2=4.0283846467483375
lvz2=0.8695745681775181
avx2=-5.507681923669083
avy2=-0.15479012004125156
avz2=-3.019916795341201
shx2=1.0
shy2=0.7
shz2=0.7
req2=1.0
rhos2=4.0
rhof=1.0
ndiv=2
tend=100.0
dt=0.05
tprint=1
logevery=100
nbody=2
impulse_scheme=1
energy_projection=0
impulse_pair_metric_correction=0
