cex1=-2.5
cey1=0.0
cez1=0.0
oriw1=0.6555726782982632
orii1=-0.1925906500732331
orij1=0.6174302375384257
orik1=0.3897604478990328
lvx1=1.013207113791623
lvy1=0.36668629086388627
lvz1=0.2021752671176499
avx1=-5.897151827896795
avy1=1.301598879600355
avz1=-1.734317813929738
shx1=1.0
shy1=0.7
shz1=0.7
req1=1.0
rhos1=10.0
cex2=2.5
cey2=0.0
cez2=0.0
oriw2=0.07209764407597084
orii2=0.032132357937332864
orij2=0.7103609092286599
orik2=0.6993974692061112
lvx2=1.1908150090271905
lvy2=0.4309637514596336
lvz2=0.23761513244496668
avx2=2.0141644310359603
avy2=-5.716636813008224
avz2=-1.6557846470076354
shx2=1.0
shy2=0.7
shz2=0.7
req2=1.0
rhos2=10.0
rhof=1.0
ndiv=2
tend=100.0
dt=0.05
tprint=1
logevery=100
nbody=2
impulse_scheme=1
energy_projection=0
impulse_pair_metric_correction=0
