cex1=-4.0
cey1=0.0
cez1=0.0
oriw1=-0.5844205794387632
orii1=-0.1953697155415606
orij1=-0.4487264148558324
orik1=0.6472463713210769
lvx1=-4.286317259403808
lvy1=-0.25714456712154066
lvz1=2.95107256379103
avx1=-5.947882645155653
avy1=-1.4352512926850447
avz1=1.4286928888531398
shx1=1.2100000000000002
shy1=0.9090909090909091
shz1=0.9090909090909091
req1=1.0
rhos1=1.0
cex2=4.0
cey2=0.0
cez2=0.0
oriw2=0.677228890083991
orii2=0.6133023051154545
orij2=0.40486783294461676
orik2=-0.03610195039614215
lvx2=-4.623219442692651
lvy2=-0.27735598891820007
lvz2=3.1830252470889735
avx2=4.224412080248476
avy2=-1.357814178544828
avz2=-4.4484942213237515
shx2=1.0
shy2=1.0
shz2=1.0
req2=1.0
rhos2=1.0
rhof=1.0
ndiv=2
tend=100.0
dt=0.05
tprint=1
logevery=100
nbody=2
impulse_scheme=1
energy_projection=0
impulse_pair_metric_correction=0
