cex1=-1.5
cey1=0.0
cez1=0.0
oriw1=-0.6107634014331194
orii1=-0.3369256672612696
orij1=-0.6429351141803665
orik1=0.31635992344839403
lvx1=1.759872658406338
lvy1=-1.1130987457372912
lvz1=0.6281576754263375
avx1=0.18180002710565044
avy1=1.6505644773680084
avz1=6.0597857437827525
shx1=1.0
shy1=0.7
shz1=0.7
req1=1.0
rhos1=4.0
cex2=1.5
cey2=0.0
cez2=0.0
oriw2=-0.06907032012730824
orii2=0.8521311716782998
orij2=-0.14353812424593726
orik2=0.4984963029147126
lvx2=1.4551671119649374
lvy2=-0.9203760734785758
lvz2=0.5193980291940538
avx2=6.0419132355896705
avy2=-1.6094649753745642
avz2=0.6191320949574021
shx2=1.0
shy2=0.7
shz2=0.7
req2=1.0
rhos2=4.0
rhof=1.0
ndiv=2
tend=100.0
dt=0.05
tprint=1
logevery=100
nbody=2
impulse_scheme=1
energy_projection=0
impulse_pair_metric_correction=0
