cex1=-4.0
cey1=0.0
cez1=0.0
oriw1=1.0
orii1=1.0
orij1=1.0
orik1=0.0
lvx1=0.9323924224085232
lvy1=0.50447455232922
lvz1=-0.24078090660584298
avx1=0.34119102595832623
avy1=-4.1761782183904
avz1=4.682044614952373
shx1=1.0
shy1=0.7
shz1=0.7
req1=1.0
rhos1=0.1
cex2=4.0
cey2=0.0
cez2=0.0
oriw2=1.0
orii2=-1.0
orij2=0.0
orik2=1.0
lvx2=0.9261807018682059
lvy2=0.5011136767327882
lvz2=-0.2391767926433805
avx2=1.2831804290343864
avy2=4.376378019780073
avz2=-4.3219418111407295
shx2=1.0
shy2=0.7
shz2=0.7
req2=1.0
rhos2=0.1
rhof=1.0
ndiv=2
tend=100.0
dt=0.05
tprint=1
logevery=100
nbody=2
impulse_scheme=1
energy_projection=1
