cex1=-4.0
cey1=0.0
cez1=0.0
oriw1=0.4080397517911254
orii1=-0.7125873860865635
orij1=-0.5099827836699157
orik1=-0.2562037051036532
lvx1=0.7169259998669384
lvy1=-0.09653053105325052
lvz1=-0.3923800554581795
avx1=1.019920435212907
avy1=2.535235126759209
avz1=-5.657805472286827
shx1=1.0
shy1=0.8
shz1=0.6
req1=1.0
rhos1=4.0
cex2=4.0
cey2=0.0
cez2=0.0
oriw2=0.02822483598356585
orii2=0.35172866210036846
orij2=0.7819012409786344
orik2=0.5139268004753762
lvx2=0.7120594137602838
lvy2=-0.09587526936462586
lvz2=-0.3897165290596732
avx2=-2.23160560737037
avy2=0.6569318201585059
avz2=5.836676674373336
shx2=1.0
shy2=0.8
shz2=0.6
req2=1.0
rhos2=4.0
rhof=1.0
ndiv=2
tend=100.0
dt=0.05
tprint=1
logevery=100
nbody=2
impulse_scheme=1
energy_projection=0
impulse_pair_metric_correction=0
