cex1=-2.5
cey1=0.0
cez1=0.0
oriw1=-0.8675325823574707
orii1=-0.4896887887451631
orij1=0.07438811726866541
orik1=-0.04537087980959503
lvx1=0.9546259041453923
lvy1=0.546593768634502
lvz1=-0.03451829324926768
avx1=5.843804661308307
avy1=0.5533703080488828
avz1=-2.241014499506554
shx1=1.0
shy1=0.7
shz1=0.7
req1=1.0
rhos1=0.03
cex2=2.5
cey2=0.0
cez2=0.0
oriw2=0.5587735555645089
orii2=-0.05965986661667592
orij2=-0.78713393525497
orik2=-0.25423017501292394
lvx2=0.9580958549781232
lvy2=0.5485805715217931
lvz2=-0.0346437631112153
avx2=-5.792992034013242
avy2=-0.34131581192305205
avz2=-2.4089758020262173
shx2=1.0
shy2=0.7
shz2=0.7
req2=1.0
rhos2=0.03
rhof=1.0
ndiv=2
tend=100.0
dt=0.05
tprint=1
logevery=100
nbody=2
impulse_scheme=1
energy_projection=0
impulse_pair_metric_correction=0
