cex1=-4.0
cey1=0.0
cez1=0.0
oriw1=-0.2347986957807663
orii1=0.6089210105495844
orij1=-0.18954300715133768
orik1=0.7335926824955059
lvx1=4.794665240418034
lvy1=3.3651137334079673
lvz1=1.841776451635532
avx1=0.19508868763050538
avy1=-2.0303100918804406
avz1=5.942911654999127
shx1=1.0
shy1=0.8
shz1=0.6
req1=1.0
rhos1=0.1
cex2=4.0
cey2=0.0
cez2=0.0
oriw2=0.4605403630906994
orii2=-0.7797892816316746
orij2=0.21137740878323052
orik2=0.3676286730829502
lvx2=4.077641822057739
lvy2=2.861874147052824
lvz2=1.5663459927841306
avx2=5.124393628519211
avy2=2.647810975646173
avz2=2.4916068272495973
shx2=1.0
shy2=0.8
shz2=0.6
req2=1.0
rhos2=0.1
rhof=1.0
ndiv=2
tend=100.0
dt=0.05
tprint=1
logevery=100
nbody=2
impulse_scheme=1
energy_projection=0
impulse_pair_metric_correction=0
