cex1=-4.0
cey1=0.0
cez1=0.0
oriw1=1.0
orii1=1.0
orij1=1.0
orik1=0.0
lvx1=-1.3519931678014878
lvy1=-0.3933775695354864
lvz1=1.3611392828612188
avx1=4.675164787613614
avy1=-2.9086164392352183
avz1=3.026747796303125
shx1=1.0
shy1=0.7
shz1=0.7
req1=1.0
rhos1=10.0
cex2=4.0
cey2=0.0
cez2=0.0
oriw2=1.0
orii2=-1.0
orij2=0.0
orik2=1.0
lvx2=-1.3027122352730987
lvy2=-0.37903872972168456
lvz2=1.3115249691517037
avx2=5.34302243522178
avy2=-3.2977488396391585
avz2=0.23533264060206124
shx2=1.0
shy2=0.7
shz2=0.7
req2=1.0
rhos2=10.0
rhof=1.0
ndiv=2
tend=100.0
dt=0.05
tprint=1
logevery=100
nbody=2
impulse_scheme=1
energy_projection=0
impulse_pair_metric_correction=0
