cex1=-1.5
cey1=0.0
cez1=0.0
oriw1=1.0
orii1=1.0
orij1=1.0
orik1=0.0
lvx1=4.888513193933559
lvy1=-5.892614227448819
lvz1=4.0979040189199045
avx1=-0.6759995816214298
avy1=-6.240986323320162
avz1=-0.2674544487118685
shx1=1.0
shy1=0.7
shz1=0.7
req1=1.0
rhos1=0.1
cex2=1.5
cey2=0.0
cez2=0.0
oriw2=1.0
orii2=-1.0
orij2=0.0
orik2=1.0
lvx2=4.8628407997392005
lvy2=-5.861668721262997
lvz2=4.076383568187582
avx2=-1.2885764539730795
avy2=-4.190326401550954
avz2=4.50101688233766
shx2=1.0
shy2=0.7
shz2=0.7
req2=1.0
rhos2=0.1
rhof=1.0
ndiv=2
tend=100.0
dt=0.05
tprint=1
logevery=100
nbody=2
impulse_scheme=1
energy_projection=1
