cex1=-4.0
cey1=0.0
cez1=0.0
oriw1=-0.44859932933889385
orii1=-0.42003986967086077
orij1=-0.7797263384874565
orik1=-0.11979977743103391
lvx1=1.8035137579656246
lvy1=4.058339881385725
lvz1=-3.4434772592904275
avx1=-1.1622707480189323
avy1=5.323356184633036
avz1=3.1288054020961664
shx1=1.0003
shy1=1.0003
shz1=0.9994002698920407
req1=1.0
rhos1=1.0
cex2=4.0
cey2=0.0
cez2=0.0
oriw2=-0.1963692347616352
orii2=0.34844244696257576
orij2=-0.14528146853293517
orik2=0.904942141628279
lvx2=1.8035826863888778
lvy2=4.058494986922245
lvz2=-3.443608865415938
avx2=0.17806059755131104
avy2=-5.974736803440133
avz2=1.936293406892428
shx2=1.0
shy2=1.0
shz2=1.0
req2=1.0
rhos2=1.0
rhof=1.0
ndiv=2
tend=100.0
dt=0.05
tprint=1
logevery=100
nbody=2
impulse_scheme=1
energy_projection=0
impulse_pair_metric_correction=0
