cex1=-4.0
cey1=0.0
cez1=0.0
oriw1=0.550502807486496
orii1=-0.7387392117655778
orij1=0.34454611316429956
orik1=0.1802748231252286
lvx1=-4.179077761619605
lvy1=-1.8266286446757671
lvz1=3.283515028178246
avx1=4.693071669697258
avy1=4.028491345877496
avz1=-1.106685765532626
shx1=1.0
shy1=1.0
shz1=1.0
req1=1.0
rhos1=1.0
cex2=4.0
cey2=0.0
cez2=0.0
oriw2=-0.3608661295914653
orii2=-0.6618665941449403
orij2=0.4157866165836143
orik2=0.50875312042149
lvx2=-4.179077761619606
lvy2=-1.8266286446757674
lvz2=3.2835150281782464
avx2=-4.333918554889735
avy2=-3.039186499127925
avz2=3.3851016214374505
shx2=1.0
shy2=1.0
shz2=1.0
req2=1.0
rhos2=1.0
rhof=1.0
ndiv=2
tend=100.0
dt=0.05
tprint=1
logevery=100
nbody=2
impulse_scheme=1
energy_projection=0
impulse_pair_metric_correction=0
