cex1=-2.5
cey1=0.0
cez1=0.0
oriw1=-0.33516974265059885
orii1=0.7144886925563851
orij1=-0.4236791408297392
orik1=0.4445932269461295
lvx1=7.722571226290454
lvy1=-5.476344394806443
lvz1=-0.6487819951172032
avx1=-1.2830385820024146
avy1=5.505353828385754
avz1=-2.7428650761072775
shx1=1.0
shy1=0.8
shz1=0.6
req1=1.0
rhos1=0.03
cex2=2.5
cey2=0.0
cez2=0.0
oriw2=-0.6942726796815232
orii2=0.44366809648515404
orij2=0.02769272000215934
orik2=-0.5660187096447953
lvx2=8.18986405530714
lvy2=-5.80771802541885
lvz2=-0.6880397973478001
avx2=-1.5634256257436607
avy2=-1.975494675538815
avz2=-5.756000234889091
shx2=1.0
shy2=0.8
shz2=0.6
req2=1.0
rhos2=0.03
rhof=1.0
ndiv=2
tend=100.0
dt=0.05
tprint=1
logevery=100
nbody=2
impulse_scheme=1
energy_projection=0
impulse_pair_metric_correction=0
