cex1=-4.0
cey1=0.0
cez1=0.0
oriw1=-0.08119133330000054
orii1=0.7240975628117736
orij1=0.2741900911249775
orik1=0.6276228810805852
lvx1=0.6459238048505174
lvy1=-0.8605612331961622
lvz1=0.5759452372279926
avx1=-4.5323497724843484
avy1=2.216290225490988
avz1=-3.7449006369477424
shx1=1.0
shy1=0.8
shz1=0.6
req1=1.0
rhos1=10.0
cex2=4.0
cey2=0.0
cez2=0.0
oriw2=0.6476938359726407
orii2=-0.3922393742278848
orij2=-0.07716212817318278
orik2=-0.6486038653324143
lvx2=0.6249358728808566
lvy2=-0.8325991106014882
lvz2=0.5572311112483986
avx2=-4.341881491805561
avy2=4.499134272715091
avz2=0.6198979847960451
shx2=1.0
shy2=0.8
shz2=0.6
req2=1.0
rhos2=10.0
rhof=1.0
ndiv=2
tend=100.0
dt=0.05
tprint=1
logevery=100
nbody=2
impulse_scheme=1
energy_projection=0
impulse_pair_metric_correction=0
