cex1=-5.5
cey1=0.0
cez1=0.0
oriw1=0.835006844861373
orii1=0.0927580600281044
orij1=0.3626461998787672
orik1=-0.403295481065641
lvx1=0.31522245286408646
lvy1=-0.03553309399982969
lvz1=-0.6676483783754769
avx1=4.396158744317739
avy1=2.759460158485914
avz1=-3.540845313317853
shx1=1.0
shy1=0.8
shz1=0.6
req1=1.0
rhos1=10.0
cex2=5.5
cey2=0.0
cez2=0.0
oriw2=-0.7859386109334952
orii2=0.5142419892884382
orij2=-0.32371491207478237
orik2=0.11429930882124256
lvx2=0.3070679968711754
lvy2=-0.03461389218320493
lvz2=-0.6503770537260597
avx2=4.095923870521862
avy2=-4.754594270904763
avz2=0.30928719715865216
shx2=1.0
shy2=0.8
shz2=0.6
req2=1.0
rhos2=10.0
rhof=1.0
ndiv=2
tend=100.0
dt=0.05
tprint=1
logevery=100
nbody=2
impulse_scheme=1
energy_projection=0
impulse_pair_metric_correction=0
