cex1=-5.5
cey1=0.0
cez1=0.0
oriw1=-0.35238948602033643
orii1=-0.1358901938248495
orij1=0.8475592463425068
orik1=0.3728254676170739
lvx1=-1.8357746688014187
lvy1=0.5289848489055643
lvz1=0.24186454855170117
avx1=4.995114489449406
avy1=0.6729431572970541
avz1=3.7515858445059083
shx1=1.0
shy1=0.7
shz1=0.7
req1=1.0
rhos1=1.0
cex2=5.5
cey2=0.0
cez2=0.0
oriw2=0.0742496262223872
orii2=0.45194526563421966
orij2=-0.5495301613467194
orik2=-0.6987482176341483
lvx2=-1.9276971237348168
lvy2=0.5554726236637375
lvz2=0.25397539387606016
avx2=3.9588633132547697
avy2=-4.848132152131404
avz2=0.5490296046595537
shx2=1.0
shy2=0.7
shz2=0.7
req2=1.0
rhos2=1.0
rhof=1.0
ndiv=2
tend=100.0
dt=0.05
tprint=1
logevery=100
nbody=2
impulse_scheme=1
energy_projection=0
impulse_pair_metric_correction=0
