cex1=-4.0
cey1=0.0
cez1=0.0
oriw1=-0.1419078220948298
orii1=-0.339679082755515
orij1=-0.24954536184419085
orik1=0.8956603168326294
lvx1=4.247633001933692
lvy1=-0.5330004989391658
lvz1=3.6375542853709875
avx1=4.8370944337900825
avy1=-3.5468903003931858
avz1=-1.8709634523237433
shx1=1.0020009999999997
shy1=0.9990009990009991
shz1=0.9990009990009991
req1=1.0
rhos1=1.0
cex2=4.0
cey2=0.0
cez2=0.0
oriw2=-0.5043087372416774
orii2=-0.49293344963398567
orij2=0.4723927065716489
orik2=-0.5287101687612559
lvx2=4.249035092574213
lvy2=-0.5331764357516483
lvz2=3.638754996641379
avx2=-3.8366095194106427
avy2=-4.233035984737596
avz2=2.615387419072305
shx2=1.0020009999999997
shy2=0.9990009990009991
shz2=0.9990009990009991
req2=1.0
rhos2=1.0
rhof=1.0
ndiv=2
tend=100.0
dt=0.05
tprint=1
logevery=100
nbody=2
impulse_scheme=1
energy_projection=0
impulse_pair_metric_correction=0
