cex1=-2.5
cey1=0.0
cez1=0.0
oriw1=0.25219452726809605
orii1=0.04525566811414732
orij1=-0.07603711079680513
orik1=0.9636224378361258
lvx1=-0.049441032399910385
lvy1=-0.34449310900504926
lvz1=0.5908170550995641
avx1=-5.421011989588889
avy1=1.8455448784351376
avz1=2.5855387668284506
shx1=1.0
shy1=0.7
shz1=0.7
req1=1.0
rhos1=0.03
cex2=2.5
cey2=0.0
cez2=0.0
oriw2=0.5984830502399802
orii2=0.14355689611346734
orij2=0.26986954741733726
orik2=-0.7405267608469515
lvx2=-0.05678448539147782
lvy2=-0.3956605063893741
lvz2=0.6785708308631102
avx2=1.399468219798246
avy2=-3.4850329184896536
avz2=-5.0373060124609905
shx2=1.0
shy2=0.7
shz2=0.7
req2=1.0
rhos2=0.03
rhof=1.0
ndiv=2
tend=100.0
dt=0.05
tprint=1
logevery=100
nbody=2
impulse_scheme=1
energy_projection=0
impulse_pair_metric_correction=0
