cex1=-2.5
cey1=0.0
cez1=0.0
oriw1=-0.09379171301432469
orii1=0.5402134937079159
orij1=-0.4828172883173661
orik1=-0.6828323087607905
lvx1=-4.023664142608482
lvy1=-6.1625044495257955
lvz1=3.201385470473051
avx1=-6.281580992225446
avy1=0.07874939188149796
avz1=-0.11813710571919658
shx1=1.0
shy1=0.8
shz1=0.6
req1=1.0
rhos1=10.0
cex2=2.5
cey2=0.0
cez2=0.0
oriw2=-0.04813367810026415
orii2=-0.6758123483868876
orij2=-0.5671093674785614
orik2=0.46834579545289623
lvx2=-4.9381616566426425
lvy2=-7.563117124832816
lvz2=3.9289956661676477
avx2=-0.25417441059132817
avy2=4.319156053392619
avz2=-4.556172073111361
shx2=1.0
shy2=0.8
shz2=0.6
req2=1.0
rhos2=10.0
rhof=1.0
ndiv=2
tend=100.0
dt=0.05
tprint=1
logevery=100
nbody=2
impulse_scheme=1
energy_projection=0
impulse_pair_metric_correction=0
