cex1=-4.0
cey1=0.0
cez1=0.0
oriw1=-0.3708645874231302
orii1=0.8353980580295356
orij1=0.4053579600970005
orik1=-0.01595200996585157
lvx1=0.7029753880610844
lvy1=-0.35411751089425186
lvz1=-0.1794412320199915
avx1=1.5141241712228293
avy1=3.454916173570218
avz1=5.024878091265412
shx1=1.0
shy1=0.8
shz1=0.6
req1=1.0
rhos1=0.1
cex2=4.0
cey2=0.0
cez2=0.0
oriw2=0.3097577221857834
orii2=-0.23016588124088047
orij2=-0.18968020896176002
orik2=-0.9028262507188783
lvx2=0.7114332204596775
lvy2=-0.3583780676753526
lvz2=-0.18160017512326024
avx2=0.9348973282051073
avy2=3.1618128190229218
avz2=5.348581521070302
shx2=1.0
shy2=0.8
shz2=0.6
req2=1.0
rhos2=0.1
rhof=1.0
ndiv=2
tend=100.0
dt=0.05
tprint=1
logevery=100
nbody=2
impulse_scheme=1
energy_projection=0
impulse_pair_metric_correction=0
