cex1=-1.5
cey1=0.0
cez1=0.0
oriw1=0.046068966970388384
orii1=-0.20413511847280943
orij1=0.8182983559216579
orik1=0.5353450330247634
lvx1=-0.3277059578775498
lvy1=-0.5539394231504029
lvz1=1.1367801211321062
avx1=-0.9772063738099251
avy1=1.3781688715193923
avz1=-6.051787824182012
shx1=1.0
shy1=0.7
shz1=0.7
req1=1.0
rhos1=10.0
cex2=1.5
cey2=0.0
cez2=0.0
oriw2=0.785951688942034
orii2=0.5739414232875083
orij2=-0.20218306114526294
orik2=0.10951344698165595
lvx2=-0.31186575788871584
lvy2=-0.5271638609933048
lvz2=1.0818320067350167
avx2=3.4271785392593306
avy2=-5.026609461246152
avz2=-1.5703700801111762
shx2=1.0
shy2=0.7
shz2=0.7
req2=1.0
rhos2=10.0
rhof=1.0
ndiv=2
tend=100.0
dt=0.05
tprint=1
logevery=100
nbody=2
impulse_scheme=1
energy_projection=0
impulse_pair_metric_correction=0
