cex1=-4.0
cey1=0.0
cez1=0.0
oriw1=0.5239016423479201
orii1=0.3847278045605054
orij1=0.4522704278295973
orik1=0.6107070047527197
lvx1=5.788201265747485
lvy1=3.5761293431398777
lvz1=5.11456402885661
avx1=5.200364002695173
avy1=-2.616921179006077
avz1=2.363547204246006
shx1=1.0
shy1=0.7
shz1=0.7
req1=1.0
rhos1=10.0
cex2=4.0
cey2=0.0
cez2=0.0
oriw2=-0.5125794440543463
orii2=-0.797060010515687
orij2=0.30166641515238335
orik2=0.10466626552418927
lvx2=5.403466917954365
lvy2=3.3384285916821477
lvz2=4.77460548810359
avx2=6.196080836153109
avy2=-0.5104360930532105
avz2=0.9090956336503871
shx2=1.0
shy2=0.7
shz2=0.7
req2=1.0
rhos2=10.0
rhof=1.0
ndiv=2
tend=100.0
dt=0.05
tprint=1
logevery=100
nbody=2
impulse_scheme=1
energy_projection=0
impulse_pair_metric_correction=0
