cex1=-4.0
cey1=0.0
cez1=0.0
oriw1=-0.7177477143332185
orii1=0.09747110644701222
orij1=0.35287483415639465
orik1=0.5922980275136266
lvx1=5.167467292769877
lvy1=-0.9891198677905035
lvz1=1.1739753619465516
avx1=-6.075346853316117
avy1=1.5961475021068587
avz1=-0.14453846469858567
shx1=1.1
shy1=1.0
shz1=0.9090909090909091
req1=1.0
rhos1=1.0
cex2=4.0
cey2=0.0
cez2=0.0
oriw2=-0.134689645857525
orii2=0.2103178297028365
orij2=0.9030451187180203
orik2=-0.34947764358742595
lvx2=5.50787213565498
lvy2=-1.054277743808579
lvz2=1.2513105197701027
avx2=0.9921037926203059
avy2=-4.997753467071504
avz2=-3.676493975433741
shx2=1.1
shy2=1.0
shz2=0.9090909090909091
req2=1.0
rhos2=1.0
rhof=1.0
ndiv=2
tend=100.0
dt=0.05
tprint=1
logevery=100
nbody=2
impulse_scheme=1
energy_projection=0
impulse_pair_metric_correction=0
