cex1=-1.5
cey1=0.0
cez1=0.0
oriw1=1.0
orii1=1.0
orij1=1.0
orik1=0.0
lvx1=0.6102889600379772
lvy1=0.28720905567352956
lvz1=0.16884884317256402
avx1=5.192507657815747
avy1=-3.515677448596326
avz1=0.3953402399370608
shx1=1.0
shy1=0.7
shz1=0.7
req1=1.0
rhos1=10.0
cex2=1.5
cey2=0.0
cez2=0.0
oriw2=1.0
orii2=-1.0
orij2=0.0
orik2=1.0
lvx2=0.6952511883523925
lvy2=0.327193264728505
lvz2=0.19235537025009725
avx2=0.8014342798617745
avy2=2.1670539917155116
avz2=5.842944266070808
shx2=1.0
shy2=0.7
shz2=0.7
req2=1.0
rhos2=10.0
rhof=1.0
ndiv=2
tend=100.0
dt=0.05
tprint=1
logevery=100
nbody=2
impulse_scheme=1
energy_projection=0
impulse_pair_metric_correction=0
