cex1=-2.5
cey1=0.0
cez1=0.0
oriw1=0.9187872142653072
orii1=0.3851473300595952
orij1=-0.08607362350963614
orik1=-0.009106063171490604
lvx1=-0.10300535587431438
lvy1=-0.16888908846802272
lvz1=0.7133297185552918
avx1=3.1446353125978725
avy1=5.353836829797648
avz1=0.9623500168972766
shx1=1.0
shy1=0.8
shz1=0.6
req1=1.0
rhos1=0.3
cex2=2.5
cey2=0.0
cez2=0.0
oriw2=0.38457700360477115
orii2=-0.031189354078767776
orij2=-0.6184361844579459
orik2=0.6845907085577649
lvx2=-0.0934592518977062
lvy2=-0.15323715672772034
lvz2=0.6472213147239188
avx2=5.839562238703489
avy2=-2.265704001318478
avz2=0.49448543262179756
shx2=1.0
shy2=0.8
shz2=0.6
req2=1.0
rhos2=0.3
rhof=1.0
ndiv=2
tend=100.0
dt=0.05
tprint=1
logevery=100
nbody=2
impulse_scheme=1
energy_projection=0
impulse_pair_metric_correction=0
