cex1=-4.0
cey1=0.0
cez1=0.0
oriw1=-0.28103952351192485
orii1=-0.25676210221724116
orij1=0.36735259826626754
orik1=-0.8486118533441513
lvx1=0.8313583577689113
lvy1=-0.3462509775007236
lvz1=-0.8733849089655843
avx1=2.1070009718132785
avy1=-5.617881356082736
avz1=1.865039832848973
shx1=1.0
shy1=0.8
shz1=0.6
req1=1.0
rhos1=0.3
cex2=4.0
cey2=0.0
cez2=0.0
oriw2=-0.0077768028533283795
orii2=-0.7497346174676827
orij2=0.0678629974536881
orik2=-0.6582037209592245
lvx2=0.7593428178116784
lvy2=-0.31625735216164275
lvz2=-0.7977288633844096
avx2=5.140180475134428
avy2=3.5676769516520537
avz2=-0.5732743287946425
shx2=1.0
shy2=0.8
shz2=0.6
req2=1.0
rhos2=0.3
rhof=1.0
ndiv=2
tend=100.0
dt=0.05
tprint=1
logevery=100
nbody=2
impulse_scheme=1
energy_projection=0
impulse_pair_metric_correction=0
