cex1=-4.0
cey1=0.0
cez1=0.0
oriw1=0.2115150845182383
orii1=-0.6161137402322894
orij1=0.7169501495651354
orik1=0.24828957118000697
lvx1=3.6698059983542306
lvy1=-3.783302459854357
lvz1=-1.9845821340883405
avx1=-0.05409454408924236
avy1=4.787859157050579
avz1=4.068402152799565
shx1=1.01
shy1=1.0
shz1=0.9900990099009901
req1=1.0
rhos1=1.0
cex2=4.0
cey2=0.0
cez2=0.0
oriw2=-0.5892593990615268
orii2=0.4240033855764922
orij2=0.6643303413106922
orik2=-0.1779316926557495
lvx2=3.661890474128679
lvy2=-3.775142131410021
lvz2=-1.9803015241686288
avx2=3.34907555602146
avy2=1.496184942230264
avz2=5.10132739030347
shx2=1.0
shy2=1.0
shz2=1.0
req2=1.0
rhos2=1.0
rhof=1.0
ndiv=2
tend=100.0
dt=0.05
tprint=1
logevery=100
nbody=2
impulse_scheme=1
energy_projection=0
impulse_pair_metric_correction=0
