cex1=-4.0
cey1=0.0
cez1=0.0
oriw1=-0.6228907174492543
orii1=-0.05236965302211369
orij1=0.589189832759224
orik1=-0.5119764784939387
lvx1=5.44177112632398
lvy1=0.6863317393968527
lvz1=-1.2242588924280184
avx1=1.5796645211657396
avy1=2.2099343141597747
avz1=-5.665621583906466
shx1=1.0
shy1=1.0
shz1=1.0
req1=1.0
rhos1=1.0
cex2=4.0
cey2=0.0
cez2=0.0
oriw2=-0.1284409618293615
orii2=0.8146598492629986
orij2=-0.5060814640916499
orik2=0.25241592862969064
lvx2=5.44177112632398
lvy2=0.6863317393968527
lvz2=-1.2242588924280184
avx2=-1.1663541819302636
avy2=-0.8991351378061543
avz2=-6.108157785340317
shx2=1.0
shy2=1.0
shz2=1.0
req2=1.0
rhos2=1.0
rhof=1.0
ndiv=2
tend=100.0
dt=0.05
tprint=1
logevery=100
nbody=2
impulse_scheme=1
energy_projection=0
impulse_pair_metric_correction=0
