cex1=-4.0
cey1=0.0
cez1=0.0
oriw1=0.5910803550822996
orii1=-0.5190997174312241
orij1=-0.4727248881560837
orik1=-0.3971028548328807
lvx1=1.1018630173062347
lvy1=-2.2525647463747216
lvz1=-4.970935017831962
avx1=-5.0717864206574
avy1=-2.9177005278104735
avz1=2.2896339745922543
shx1=1.1
shy1=1.1
shz1=0.8264462809917354
req1=1.0
rhos1=1.0
cex2=4.0
cey2=0.0
cez2=0.0
oriw2=0.1571701895541696
orii2=-0.9784139637335988
orij2=0.026112993072134823
orik2=0.13161215247624078
lvx2=1.1357918328341248
lvy2=-2.321926230101819
lvz2=-5.124001174488598
avx2=5.002616926294507
avy2=-0.11874872351628461
avz2=3.799755286037825
shx2=1.1
shy2=1.1
shz2=0.8264462809917354
req2=1.0
rhos2=1.0
rhof=1.0
ndiv=2
tend=100.0
dt=0.05
tprint=1
logevery=100
nbody=2
impulse_scheme=1
energy_projection=0
impulse_pair_metric_correction=0
