cex1=-1.5
cey1=0.0
cez1=0.0
oriw1=1.0
orii1=2.0
orij1=0.0
orik1=0.0
lvx1=-4.015903613061829
lvy1=-6.178495742287547
lvz1=1.5542660933471264
avx1=-5.3329831628801285
avy1=3.3164914161158534
avz1=0.19645069514857713
shx1=1.0
shy1=0.8
shz1=0.6
req1=1.0
rhos1=1.0
cex2=1.5
cey2=0.0
cez2=0.0
oriw2=1.0
orii2=0.0
orij2=1.0
orik2=0.0
lvx2=-4.168168008793313
lvy2=-6.412755578023919
lvz2=1.6131966380792497
avx2=5.113729493470436
avy2=2.0592682631624633
avz2=-3.014565058561497
shx2=1.0
shy2=0.8
shz2=0.6
req2=1.0
rhos2=1.0
rhof=1.0
ndiv=2
tend=100.0
dt=0.05
tprint=1
logevery=100
nbody=2
impulse_scheme=1
energy_projection=1
