cex1=-4.0
cey1=0.0
cez1=0.0
oriw1=-0.2481425507666743
orii1=0.14029402918956935
orij1=-0.388468081813258
orik1=0.8762621806771604
lvx1=5.0534887656754135
lvy1=2.4334369068437156
lvz1=-0.3610431942604276
avx1=-0.47551722894547993
avy1=4.81995174566147
avz1=4.002544957752305
shx1=1.001
shy1=1.001
shz1=0.9980029960049943
req1=1.0
rhos1=1.0
cex2=4.0
cey2=0.0
cez2=0.0
oriw2=-0.35929972186016484
orii2=0.38722437299451506
orij2=-0.3568612781009383
orik2=-0.770461564922208
lvx2=5.052930271371992
lvy2=2.4331679717152874
lvz2=-0.3610032930007962
avx2=4.552927376707692
avy2=-4.140849725129027
avz2=-1.2659516028197542
shx2=1.0
shy2=1.0
shz2=1.0
req2=1.0
rhos2=1.0
rhof=1.0
ndiv=2
tend=100.0
dt=0.05
tprint=1
logevery=100
nbody=2
impulse_scheme=1
energy_projection=0
impulse_pair_metric_correction=0
