cex1=-1.5
cey1=0.0
cez1=0.0
oriw1=1.0
orii1=2.0
orij1=0.0
orik1=0.0
lvx1=1.545348462318103
lvy1=2.841021612420516
lvz1=-0.022377951981720667
avx1=4.442125425660413
avy1=0.916455655852057
avz1=-4.348108593160422
shx1=1.0
shy1=0.7
shz1=0.7
req1=1.0
rhos1=4.0
cex2=1.5
cey2=0.0
cez2=0.0
oriw2=1.0
orii2=0.0
orij2=1.0
orik2=0.0
lvx2=1.5057950112810419
lvy2=2.7683051915082104
lvz2=-0.021805184577085624
avx2=-4.956205221325457
avy2=3.8059002787238243
avz2=0.6554162622895711
shx2=1.0
shy2=0.7
shz2=0.7
req2=1.0
rhos2=4.0
rhof=1.0
ndiv=2
tend=100.0
dt=0.05
tprint=1
logevery=100
nbody=2
impulse_scheme=1
energy_projection=0
impulse_pair_metric_correction=0
