cex1=-2.5
cey1=0.0
cez1=0.0
oriw1=-0.33628960375099326
orii1=-0.30615352401095824
orij1=0.7507253596103832
orik1=-0.4791562966115882
lvx1=-1.146069710381166
lvy1=-4.368097015929926
lvz1=3.3717667382201393
avx1=2.9815756978634114
avy1=3.1712261266660287
avz1=4.531219351986673
shx1=1.0
shy1=0.7
shz1=0.7
req1=1.0
rhos1=0.3
cex2=2.5
cey2=0.0
cez2=0.0
oriw2=0.6221266095649651
orii2=-0.15081353762788283
orij2=0.008617488146836072
orik2=-0.7682053745173902
lvx2=-1.141118854431629
lvy2=-4.349227466456991
lvz2=3.357201191931672
avx2=-3.131692325940383
avy2=1.1788481746110453
avz2=5.318010695854207
shx2=1.0
shy2=0.7
shz2=0.7
req2=1.0
rhos2=0.3
rhof=1.0
ndiv=2
tend=100.0
dt=0.05
tprint=1
logevery=100
nbody=2
impulse_scheme=1
energy_projection=0
impulse_pair_metric_correction=0
