cex1=-1.5
cey1=0.0
cez1=0.0
oriw1=0.5475208246428849
orii1=0.23386480929142447
orij1=-0.5979543363025432
orik1=0.5366365709252826
lvx1=-0.7825444323099584
lvy1=-0.1695374170510397
lvz1=1.6323019716048812
avx1=5.896651605424148
avy1=1.15824091977797
avz1=-1.8347739425766156
shx1=1.0
shy1=0.7
shz1=0.7
req1=1.0
rhos1=0.3
cex2=1.5
cey2=0.0
cez2=0.0
oriw2=-0.8927232373348661
orii2=0.212595589165697
orij2=0.35497339847956993
orik2=0.17844389415586853
lvx2=-0.8427684424750594
lvy2=-0.1825848846532405
lvz2=1.7579226603116789
avx2=4.678926404427924
avy2=-2.5955630052455043
avz2=3.2937999320094624
shx2=1.0
shy2=0.7
shz2=0.7
req2=1.0
rhos2=0.3
rhof=1.0
ndiv=2
tend=100.0
dt=0.05
tprint=1
logevery=100
nbody=2
impulse_scheme=1
energy_projection=0
impulse_pair_metric_correction=0
