cex1=-4.0
cey1=0.0
cez1=0.0
oriw1=-0.35972804280672865
orii1=-0.2741552591499809
orij1=-0.824468952910906
orik1=-0.3401258219906884
lvx1=3.0642491762364905
lvy1=2.870091828285663
lvz1=3.7357307138801907
avx1=5.856172229472955
avy1=-1.2968610745081728
avz1=1.8713139171535866
shx1=1.0
shy1=1.0
shz1=1.0
req1=1.0
rhos1=1.0
cex2=4.0
cey2=0.0
cez2=0.0
oriw2=0.2371776502850282
orii2=-0.007785811693661345
orij2=-0.6261541381590686
orik2=0.7427093230920275
lvx2=4.462454297164349
lvy2=4.179703697634666
lvz2=5.440330279431855
avx2=1.4055969856816484
avy2=5.975536869532094
avz2=-1.3400275516058155
shx2=2.0
shy2=2.0
shz2=0.25
req2=1.0
rhos2=1.0
rhof=1.0
ndiv=2
tend=100.0
dt=0.05
tprint=1
logevery=100
nbody=2
impulse_scheme=1
energy_projection=0
impulse_pair_metric_correction=0
