cex1=-1.5
cey1=0.0
cez1=0.0
oriw1=0.8599275325885317
orii1=-0.010124152504924796
orij1=0.48804480366373726
orik1=0.14911207143984326
lvx1=0.7329648551519391
lvy1=0.270452935088702
lvz1=-0.07992987570592569
avx1=-1.6096072431539994
avy1=-3.9188595663190844
avz1=-4.640056230975333
shx1=1.0
shy1=0.7
shz1=0.7
req1=1.0
rhos1=0.3
cex2=1.5
cey2=0.0
cez2=0.0
oriw2=0.5300923896596654
orii2=-0.7507297039438339
orij2=0.22912181120629113
orik2=-0.3207961434787791
lvx2=0.7395567051271364
lvy2=0.27288522793456693
lvz2=-0.08064871746960127
avx2=-0.744135792721944
avy2=-0.28013161611793636
avz2=-6.232672444786319
shx2=1.0
shy2=0.7
shz2=0.7
req2=1.0
rhos2=0.3
rhof=1.0
ndiv=2
tend=100.0
dt=0.05
tprint=1
logevery=100
nbody=2
impulse_scheme=1
energy_projection=0
impulse_pair_metric_correction=0
