cex1=-4.0
cey1=0.0
cez1=0.0
oriw1=-0.23900635876866816
orii1=-0.746335197642709
orij1=-0.15586755572960964
orik1=-0.6013027842099504
lvx1=4.95719530913577
lvy1=-0.12950992292787533
lvz1=2.644044005936544
avx1=-5.157604410361452
avy1=-2.180409267101889
avz1=2.850149080050681
shx1=1.0001
shy1=1.0001
shz1=0.9998000299960006
req1=1.0
rhos1=1.0
cex2=4.0
cey2=0.0
cez2=0.0
oriw2=0.8154172231927602
orii2=-0.3027224539677274
orij2=0.34298681365998546
orik2=-0.35470257066975974
lvx2=4.957060448517985
lvy2=-0.12950639960730267
lvz2=2.643972074655678
avx2=-5.342682592316395
avy2=-3.1577822419479964
avz2=-0.9811073511877734
shx2=1.0001
shy2=1.0001
shz2=0.9998000299960006
req2=1.0
rhos2=1.0
rhof=1.0
ndiv=2
tend=100.0
dt=0.05
tprint=1
logevery=100
nbody=2
impulse_scheme=1
energy_projection=0
impulse_pair_metric_correction=0
