cex1=-1.5
cey1=0.0
cez1=0.0
oriw1=1.0
orii1=1.0
orij1=1.0
orik1=0.0
lvx1=-4.727705997930613
lvy1=-5.718454498844633
lvz1=-1.8489127039695117
avx1=5.125149392794535
avy1=3.613303756458041
avz1=-0.39407774545316054
shx1=1.0
shy1=0.7
shz1=0.7
req1=1.0
rhos1=1.0
cex2=1.5
cey2=0.0
cez2=0.0
oriw2=1.0
orii2=-1.0
orij2=0.0
orik2=1.0
lvx2=-4.6231442281443655
lvy2=-5.591980533859702
lvz2=-1.808020655142459
avx2=5.492135495443786
avy2=-2.685571332500365
avz2=1.4500248005106986
shx2=1.0
shy2=0.7
shz2=0.7
req2=1.0
rhos2=1.0
rhof=1.0
ndiv=2
tend=100.0
dt=0.05
tprint=1
logevery=100
nbody=2
impulse_scheme=1
energy_projection=1
