cex1=-4.0
cey1=0.0
cez1=0.0
oriw1=0.4413422870934554
orii1=0.3683137402362348
orij1=-0.2682470677111481
orik1=0.7730494712763757
lvx1=-3.7299432543907036
lvy1=-2.295156234589531
lvz1=3.5002166098810803
avx1=-3.811462257622064
avy1=4.303439949281237
avz1=2.5360555329113468
shx1=1.03
shy1=1.0
shz1=0.970873786407767
req1=1.0
rhos1=1.0
cex2=4.0
cey2=0.0
cez2=0.0
oriw2=0.5567509565919844
orii2=-0.30724857530378086
orij2=-0.672693299583181
orik2=-0.3782993655870965
lvx2=-3.738891896368384
lvy2=-2.300662627053278
lvz2=3.508614106344139
avx2=5.396307701189371
avy2=-3.1112932934926847
avz2=0.8234894293852029
shx2=1.0
shy2=1.0
shz2=1.0
req2=1.0
rhos2=1.0
rhof=1.0
ndiv=2
tend=100.0
dt=0.05
tprint=1
logevery=100
nbody=2
impulse_scheme=1
energy_projection=0
impulse_pair_metric_correction=0
