cex1=-5.5
cey1=0.0
cez1=0.0
oriw1=0.11343864313892359
orii1=-0.4547119530990427
orij1=-0.6834398403625904
orik1=0.55971305019341
lvx1=2.223843368638333
lvy1=1.2168340591533924
lvz1=-9.237081677949623
avx1=1.8772663082867305
avy1=-0.7714903751298559
avz1=5.946351100734882
shx1=1.0
shy1=0.7
shz1=0.7
req1=1.0
rhos1=0.3
cex2=5.5
cey2=0.0
cez2=0.0
oriw2=0.2857480725910681
orii2=0.618917035304102
orij2=0.3980163781569099
orik2=0.6138995888088917
lvx2=2.12316642726563
lvy2=1.161746037685088
lvz2=-8.81890423629139
avx2=-3.663199366919509
avy2=-2.1185294979100258
avz2=4.644482831171091
shx2=1.0
shy2=0.7
shz2=0.7
req2=1.0
rhos2=0.3
rhof=1.0
ndiv=2
tend=100.0
dt=0.05
tprint=1
logevery=100
nbody=2
impulse_scheme=1
energy_projection=0
impulse_pair_metric_correction=0
