cex1=-5.5
cey1=0.0
cez1=0.0
oriw1=-0.18399405618925022
orii1=-0.18581159312887574
orij1=0.13652485713227192
orik1=0.9555004984462064
lvx1=1.1670425151241173
lvy1=-1.4861901952857735
lvz1=-0.9895913061717252
avx1=-2.1064113626549408
avy1=-1.8881643776401802
avz1=5.610372898359453
shx1=1.0
shy1=0.7
shz1=0.7
req1=1.0
rhos1=1.0
cex2=5.5
cey2=0.0
cez2=0.0
oriw2=-0.1308816483729835
orii2=-0.9171194168990023
orij2=0.19504970996651397
orik2=0.3220521384931071
lvx2=1.1844280927387103
lvy2=-1.5083301556174158
lvz2=-1.004333371038441
avx2=1.052671390795342
avy2=3.7112054438856417
avz2=4.9595619464456755
shx2=1.0
shy2=0.7
shz2=0.7
req2=1.0
rhos2=1.0
rhof=1.0
ndiv=2
tend=100.0
dt=0.05
tprint=1
logevery=100
nbody=2
impulse_scheme=1
energy_projection=0
impulse_pair_metric_correction=0
