cex1=-4.0
cey1=0.0
cez1=0.0
oriw1=0.0025923076367656826
orii1=0.57833584715732
orij1=-0.6637141009780938
orik1=0.47434641349627815
lvx1=-4.740328147764959
lvy1=0.6103061805324842
lvz1=2.940625510437765
avx1=-5.391823370900811
avy1=3.2059313019187763
avz1=-0.35869601160681674
shx1=1.003
shy1=1.003
shz1=0.9940268924035474
req1=1.0
rhos1=1.0
cex2=4.0
cey2=0.0
cez2=0.0
oriw2=-0.24187307730717666
orii2=-0.7332195302847003
orij2=-0.15153617350969686
orik2=-0.6171898597685148
lvx2=-4.749289737966139
lvy2=0.6114599643459018
lvz2=2.9461847628646467
avx2=-4.75875528505733
avy2=0.27781378536150536
avz2=4.093346460044579
shx2=1.003
shy2=1.003
shz2=0.9940268924035474
req2=1.0
rhos2=1.0
rhof=1.0
ndiv=2
tend=100.0
dt=0.05
tprint=1
logevery=100
nbody=2
impulse_scheme=1
energy_projection=0
impulse_pair_metric_correction=0
