cex1=-4.0
cey1=0.0
cez1=0.0
oriw1=0.5833209570004938
orii1=-0.25204274091113343
orij1=0.683050399827606
orik1=-0.3600739773621235
lvx1=-0.8483333131585786
lvy1=-0.4988792681958817
lvz1=5.520902855864997
avx1=4.909230878845738
avy1=2.9265531797813256
avz1=-2.6102023424356857
shx1=1.01
shy1=1.0
shz1=0.9900990099009901
req1=1.0
rhos1=1.0
cex2=4.0
cey2=0.0
cez2=0.0
oriw2=0.720328179987835
orii2=-0.10984903143038749
orij2=0.1448062281926157
orik2=-0.6693964891496271
lvx2=-0.8501362353231698
lvy2=-0.4999395124137311
lvz2=5.532636166313851
avx2=-5.227176577571843
avy2=-1.1550608129398332
avz2=3.289510168650118
shx2=1.0
shy2=1.0
shz2=1.0
req2=1.0
rhos2=1.0
rhof=1.0
ndiv=2
tend=100.0
dt=0.05
tprint=1
logevery=100
nbody=2
impulse_scheme=1
energy_projection=0
impulse_pair_metric_correction=0
