cex1=-5.5
cey1=0.0
cez1=0.0
oriw1=-0.024712943185572406
orii1=-0.26738912419829114
orij1=0.31150339430873386
orik1=-0.9115141041331807
lvx1=1.19996729374263
lvy1=3.0234009720914816
lvz1=-0.9050391966719875
avx1=3.337817595918909
avy1=-3.8052894677330578
avz1=3.7225211036999393
shx1=1.0
shy1=0.7
shz1=0.7
req1=1.0
rhos1=10.0
cex2=5.5
cey2=0.0
cez2=0.0
oriw2=-0.4863678072310008
orii2=0.6605811465106436
orij2=-0.3687105951182169
orik2=0.4371857751706497
lvx2=1.197312809317848
lvy2=3.016712814145729
lvz2=-0.9030371317291256
avx2=3.406099683854395
avy2=0.08151868601516124
avz2=5.279228850110099
shx2=1.0
shy2=0.7
shz2=0.7
req2=1.0
rhos2=10.0
rhof=1.0
ndiv=2
tend=100.0
dt=0.05
tprint=1
logevery=100
nbody=2
impulse_scheme=1
energy_projection=0
impulse_pair_metric_correction=0
