cex1=-2.5
cey1=0.0
cez1=0.0
oriw1=0.5173614773693863
orii1=0.7600439363999346
orij1=0.29408678404885397
orik1=-0.26111928294107445
lvx1=-0.17054620774102094
lvy1=1.0972434480869881
lvz1=0.42471290622649643
avx1=-4.53880795606418
avy1=-2.7113852391478788
avz1=3.39500074039122
shx1=1.0
shy1=0.7
shz1=0.7
req1=1.0
rhos1=1.0
cex2=2.5
cey2=0.0
cez2=0.0
oriw2=0.027469730757806236
orii2=0.055116316757597004
orij2=-0.7117571522574723
orik2=0.6997209170301424
lvx2=-0.1699626504989515
lvy2=1.093489014793363
lvz2=0.42325966786070884
avx2=4.609555139168847
avy2=-3.578614382783801
avz2=-2.328934976046436
shx2=1.0
shy2=0.7
shz2=0.7
req2=1.0
rhos2=1.0
rhof=1.0
ndiv=2
tend=100.0
dt=0.05
tprint=1
logevery=100
nbody=2
impulse_scheme=1
energy_projection=0
impulse_pair_metric_correction=0
