cex1=-4.0
cey1=0.0
cez1=0.0
oriw1=-0.7043661748970299
orii1=-0.52173514175977
orij1=0.4752386892099593
orik1=-0.0762162829836183
lvx1=3.2480856471819006
lvy1=-4.500909819308667
lvz1=0.8852898531363722
avx1=-2.2502448407993674
avy1=-2.9005362424836503
avz1=-5.099186726023287
shx1=1.0003
shy1=1.0003
shz1=0.9994002698920407
req1=1.0
rhos1=1.0
cex2=4.0
cey2=0.0
cez2=0.0
oriw2=0.009773712983747074
orii2=-0.256879200440146
orij2=-0.9504030985910157
orik2=0.17507570106767775
lvx2=3.2471718922541197
lvy2=-4.499643618545008
lvz2=0.8850408024481554
avx2=-6.169766106762899
avy2=-0.3252821657670694
avz2=1.1430639985718614
shx2=1.0003
shy2=1.0003
shz2=0.9994002698920407
req2=1.0
rhos2=1.0
rhof=1.0
ndiv=2
tend=100.0
dt=0.05
tprint=1
logevery=100
nbody=2
impulse_scheme=1
energy_projection=0
impulse_pair_metric_correction=0
