cex1=-4.0
cey1=0.0
cez1=0.0
oriw1=0.22702458629447528
orii1=-0.7085191825796163
orij1=-0.23681443008218542
orik1=0.6248034337608783
lvx1=-0.7321584709283522
lvy1=5.411451711384922
lvz1=0.6594190950419929
avx1=5.731522939983428
avy1=2.574494762437293
avz1=-0.006253877525122601
shx1=1.0609
shy1=0.970873786407767
shz1=0.970873786407767
req1=1.0
rhos1=1.0
cex2=4.0
cey2=0.0
cez2=0.0
oriw2=0.6348712586297987
orii2=-0.3799140995385302
orij2=-0.37709359325794756
orik2=-0.5571392858715426
lvx2=-0.748055006061624
lvy2=5.528944488792742
lvz2=0.6737363217464712
avx2=3.524578693401463
avy2=4.325983099066686
avz2=2.8881885092506105
shx2=1.0
shy2=1.0
shz2=1.0
req2=1.0
rhos2=1.0
rhof=1.0
ndiv=2
tend=100.0
dt=0.05
tprint=1
logevery=100
nbody=2
impulse_scheme=1
energy_projection=0
impulse_pair_metric_correction=0
