cex1=-4.0
cey1=0.0
cez1=0.0
oriw1=-0.5867027479667181
orii1=0.04822531447429001
orij1=0.25320875403340243
orik1=0.7676845259955482
lvx1=0.7041629438943502
lvy1=-0.004370324409176802
lvz1=0.15237294707828064
avx1=4.522029438074877
avy1=0.043401698479256394
avz1=4.362084783462004
shx1=1.0
shy1=0.7
shz1=0.7
req1=1.0
rhos1=10.0
cex2=4.0
cey2=0.0
cez2=0.0
oriw2=-0.8944216302370992
orii2=0.09361510983560273
orij2=0.4126260696499906
orik2=-0.1448650586569406
lvx2=0.7588913059527818
lvy2=-0.004709991099467899
lvz2=0.1642155495439701
avx2=-2.2639815405736097
avy2=-1.0787905668795057
avz2=5.760990895767079
shx2=1.0
shy2=0.7
shz2=0.7
req2=1.0
rhos2=10.0
rhof=1.0
ndiv=2
tend=100.0
dt=0.05
tprint=1
logevery=100
nbody=2
impulse_scheme=1
energy_projection=0
impulse_pair_metric_correction=0
