cex1=-4.0
cey1=0.0
cez1=0.0
oriw1=-0.3069260813773331
orii1=0.23912902351671828
orij1=0.11146167043335538
orik1=-0.9144342440583147
lvx1=-4.8972916322896
lvy1=-1.4737124752497959
lvz1=-2.355812666735119
avx1=2.933763494549648
avy1=-4.963272720606836
avz1=-2.49747337589118
shx1=1.0201
shy1=0.9900990099009901
shz1=0.9900990099009901
req1=1.0
rhos1=1.0
cex2=4.0
cey2=0.0
cez2=0.0
oriw2=-0.7631726646556247
orii2=-0.08804070570531065
orij2=0.17589633261516327
orik2=0.6155296891571357
lvx2=-11.37507107450988
lvy2=-3.4230316281003126
lvz2=-5.471909482714254
avx2=-3.685202791348354
avy2=4.706130101035973
avz2=1.9365013460152496
shx2=4.0
shy2=0.5
shz2=0.5
req2=1.0
rhos2=1.0
rhof=1.0
ndiv=2
tend=100.0
dt=0.05
tprint=1
logevery=100
nbody=2
impulse_scheme=1
energy_projection=0
impulse_pair_metric_correction=0
