cex1=-4.0
cey1=0.0
cez1=0.0
oriw1=-0.9332382036579436
orii1=0.2753420991624289
orij1=0.20956462439106924
orik1=-0.09662221207337342
lvx1=4.706209228828642
lvy1=1.3646684897219727
lvz1=-2.736951732484202
avx1=-4.956250275613411
avy1=2.325501705187836
avz1=3.083187089524066
shx1=1.0060089999999997
shy1=0.9970089730807579
shz1=0.9970089730807579
req1=1.0
rhos1=1.0
cex2=4.0
cey2=0.0
cez2=0.0
oriw2=0.5835480889118803
orii2=0.6187294617432919
orij2=-0.35745563472324715
orik2=-0.3858379845255639
lvx2=4.712263623239803
lvy2=1.3664240940471375
lvz2=-2.7404727372817077
avx2=4.314716440866838
avy2=3.3538442287896078
avz2=-3.100543263411346
shx2=1.0
shy2=1.0
shz2=1.0
req2=1.0
rhos2=1.0
rhof=1.0
ndiv=2
tend=100.0
dt=0.05
tprint=1
logevery=100
nbody=2
impulse_scheme=1
energy_projection=0
impulse_pair_metric_correction=0
