cex1=-4.0
cey1=0.0
cez1=0.0
oriw1=0.10934436334375383
orii1=-0.12086290848046646
orij1=0.08434412483660837
orik1=0.9830168036021246
lvx1=0.7732428288503215
lvy1=3.271867678337318
lvz1=-4.4929439129544875
avx1=-4.821570054148618
avy1=-4.028291892159574
avz1=0.0611902676588272
shx1=1.003
shy1=1.003
shz1=0.9940268924035474
req1=1.0
rhos1=1.0
cex2=4.0
cey2=0.0
cez2=0.0
oriw2=0.02182186655590515
orii2=-0.8544952859825786
orij2=-0.13201557887795487
orik2=0.5019297752744759
lvx2=0.774385860146124
lvy2=3.2767042536181066
lvz2=-4.499585520624394
avx2=5.088698370397271
avy2=1.2020933783295464
avz2=3.4840404718157116
shx2=1.0
shy2=1.0
shz2=1.0
req2=1.0
rhos2=1.0
rhof=1.0
ndiv=2
tend=100.0
dt=0.05
tprint=1
logevery=100
nbody=2
impulse_scheme=1
energy_projection=0
impulse_pair_metric_correction=0
