cex1=-4.0
cey1=0.0
cez1=0.0
oriw1=-0.7493461832357551
orii1=0.19332734838531618
orij1=-0.5993861481390276
orik1=-0.2045509214239046
lvx1=2.0516468667740266
lvy1=-5.15840527684937
lvz1=0.873684468250777
avx1=-3.5584780842749772
avy1=5.1750345178009365
avz1=-0.18619631484259025
shx1=1.0001
shy1=1.0
shz1=0.9999000099990001
req1=1.0
rhos1=1.0
cex2=4.0
cey2=0.0
cez2=0.0
oriw2=-0.1700774688807858
orii2=-0.8086681696887049
orij2=-0.534694502490101
orik2=-0.1767236116603795
lvx2=2.0516316827268724
lvy2=-5.158367099972914
lvz2=0.8736780021934946
avx2=4.394508963732501
avy2=-4.396129743381865
avz2=-0.9169252158084856
shx2=1.0001
shy2=1.0
shz2=0.9999000099990001
req2=1.0
rhos2=1.0
rhof=1.0
ndiv=2
tend=100.0
dt=0.05
tprint=1
logevery=100
nbody=2
impulse_scheme=1
energy_projection=0
impulse_pair_metric_correction=0
