cex1=-4.0
cey1=0.0
cez1=0.0
oriw1=-0.6570329305459869
orii1=-0.5715988159195942
orij1=0.024265787228251505
orik1=-0.4909110850120045
lvx1=-0.4060633694973593
lvy1=5.324936427535713
lvz1=-1.7501139009051927
avx1=-1.3697109812559867
avy1=6.018112940098223
avz1=1.1767013522583027
shx1=1.0
shy1=1.0
shz1=1.0
req1=1.0
rhos1=1.0
cex2=4.0
cey2=0.0
cez2=0.0
oriw2=-0.6098892834259326
orii2=-0.09475664700577252
orij2=-0.7845428499889405
orik2=-0.059571438975877515
lvx2=-0.4060633694973593
lvy2=5.324936427535713
lvz2=-1.7501139009051927
avx2=0.8667159283714303
avy2=2.1050654469430823
avz2=-5.8562719001042804
shx2=1.0
shy2=1.0
shz2=1.0
req2=1.0
rhos2=1.0
rhof=1.0
ndiv=2
tend=100.0
dt=0.05
tprint=1
logevery=100
nbody=2
impulse_scheme=1
energy_projection=0
impulse_pair_metric_correction=0
