cex1=-5.5
cey1=0.0
cez1=0.0
oriw1=-0.020072761372373404
orii1=0.05811487272233661
orij1=0.9961549322251436
orik1=-0.062410710802504855
lvx1=-8.105166459646899
lvy1=-2.8057711913563312
lvz1=-1.719699309383363
avx1=-4.340115412535399
avy1=4.542132913687886
avz1=-0.10413647114883376
shx1=1.0
shy1=0.8
shz1=0.6
req1=1.0
rhos1=10.0
cex2=5.5
cey2=0.0
cez2=0.0
oriw2=-0.11727462038953151
orii2=0.1895132662030545
orij2=-0.91489880656335
orik2=-0.3365881149038086
lvx2=-8.914433289268784
lvy2=-3.085915660686857
lvz2=-1.8914040627572066
avx2=0.8820362628597086
avy2=5.174964353915683
avz2=-3.4525604369887506
shx2=1.0
shy2=0.8
shz2=0.6
req2=1.0
rhos2=10.0
rhof=1.0
ndiv=2
tend=100.0
dt=0.05
tprint=1
logevery=100
nbody=2
impulse_scheme=1
energy_projection=0
impulse_pair_metric_correction=0
