cex1=-4.0
cey1=0.0
cez1=0.0
oriw1=0.03641283585070946
orii1=-0.5840918001217229
orij1=0.4657926943825485
orik1=0.6637379304181135
lvx1=5.440898940176064
lvy1=-1.1154709874593283
lvz1=-0.830619319142764
avx1=4.9263499234109585
avy1=-3.1509796497544027
avz1=2.298003760506039
shx1=1.003
shy1=1.0
shz1=0.9970089730807579
req1=1.0
rhos1=1.0
cex2=4.0
cey2=0.0
cez2=0.0
oriw2=-0.7912425144813179
orii2=0.019769981662472166
orij2=-0.3877001888040298
orik2=0.4724753905799398
lvx2=7.203967771968913
lvy2=-1.476928193774411
lvz2=-1.0997731940387048
avx2=3.690368690760595
avy2=-3.286656847840565
avz2=3.88039731150743
shx2=2.0
shy2=1.0
shz2=0.5
req2=1.0
rhos2=1.0
rhof=1.0
ndiv=2
tend=100.0
dt=0.05
tprint=1
logevery=100
nbody=2
impulse_scheme=1
energy_projection=0
impulse_pair_metric_correction=0
