cex1=-2.5
cey1=0.0
cez1=0.0
oriw1=0.04984936723989135
orii1=0.677932289021266
orij1=0.7162856072334389
orik1=-0.15766350547413552
lvx1=1.316782278923178
lvy1=-1.497647343760058
lvz1=-5.0538503135954755
avx1=-4.0510886909637485
avy1=-3.9003201887537453
avz1=-2.802606010038338
shx1=1.0
shy1=0.7
shz1=0.7
req1=1.0
rhos1=4.0
cex2=2.5
cey2=0.0
cez2=0.0
oriw2=0.44730721179838506
orii2=-0.8400194564985136
orij2=0.23060555317884912
orik2=-0.20274281693853757
lvx2=1.2863616209106636
lvy2=-1.4630482924232397
lvz2=-4.937094905737123
avx2=-4.574868724109552
avy2=-0.10332509872210664
avz2=4.305614669881147
shx2=1.0
shy2=0.7
shz2=0.7
req2=1.0
rhos2=4.0
rhof=1.0
ndiv=2
tend=100.0
dt=0.05
tprint=1
logevery=100
nbody=2
impulse_scheme=1
energy_projection=0
impulse_pair_metric_correction=0
