cex1=-1.5
cey1=0.0
cez1=0.0
oriw1=-0.6120306622747885
orii1=-0.6801424583036667
orij1=0.40249181114291654
orik1=0.028723628096455442
lvx1=1.679033999520581
lvy1=-0.6857362042635035
lvz1=-0.02734558013557946
avx1=5.928376383914565
avy1=1.3519884851140296
avz1=-1.5826870161597237
shx1=1.0
shy1=0.7
shz1=0.7
req1=1.0
rhos1=4.0
cex2=1.5
cey2=0.0
cez2=0.0
oriw2=0.41194459310376713
orii2=-0.7837760748649248
orij2=-0.011891453326905018
orik2=0.46460231383375333
lvx2=2.0133771692220255
lvy2=-0.822285682224022
lvz2=-0.03279085875558659
avx2=0.16829701806202452
avy2=-4.4568891595941995
avz2=-4.425633597255942
shx2=1.0
shy2=0.7
shz2=0.7
req2=1.0
rhos2=4.0
rhof=1.0
ndiv=2
tend=100.0
dt=0.05
tprint=1
logevery=100
nbody=2
impulse_scheme=1
energy_projection=0
impulse_pair_metric_correction=0
