cex1=-4.0
cey1=0.0
cez1=0.0
oriw1=-0.5046700295495897
orii1=-0.41021791578839456
orij1=-0.6378237719990348
orik1=0.4125654599134119
lvx1=4.263967200121886
lvy1=-1.9735569151721428
lvz1=-3.078302049079458
avx1=-6.176798019215708
avy1=0.9613384728312042
avz1=0.6335709706299054
shx1=1.001
shy1=1.001
shz1=0.9980029960049943
req1=1.0
rhos1=1.0
cex2=4.0
cey2=0.0
cez2=0.0
oriw2=-0.22958368401368795
orii2=0.7383837620763619
orij2=-0.3742979062514696
orik2=-0.5118416056871771
lvx2=4.26716131980868
lvy2=-1.9750352982599815
lvz2=-3.08060799204651
avx2=0.5587635302070684
avy2=4.3625077770301255
avz2=4.487173588910912
shx2=1.001
shy2=1.001
shz2=0.9980029960049943
req2=1.0
rhos2=1.0
rhof=1.0
ndiv=2
tend=100.0
dt=0.05
tprint=1
logevery=100
nbody=2
impulse_scheme=1
energy_projection=0
impulse_pair_metric_correction=0
