cex1=-4.0
cey1=0.0
cez1=0.0
oriw1=0.4277991739840276
orii1=0.6657639683027154
orij1=-0.4440629765555962
orik1=0.4201836242656163
lvx1=-0.6569378555964619
lvy1=-5.249000780148069
lvz1=1.8970782870916667
avx1=3.2384639320199913
avy1=-4.653320388185269
avz1=-2.7087595556384017
shx1=1.0001
shy1=1.0
shz1=0.9999000099990001
req1=1.0
rhos1=1.0
cex2=4.0
cey2=0.0
cez2=0.0
oriw2=-0.17169347778520372
orii2=-0.05633556411947195
orij2=0.9069710242773766
orik2=0.3804618443715596
lvx2=-0.6569634438743268
lvy2=-5.249205233110144
lvz2=1.8971521798745654
avx2=-0.9840284649454437
avy2=-3.151928633268532
avz2=-5.345601133204433
shx2=1.0001
shy2=1.0
shz2=0.9999000099990001
req2=1.0
rhos2=1.0
rhof=1.0
ndiv=2
tend=100.0
dt=0.05
tprint=1
logevery=100
nbody=2
impulse_scheme=1
energy_projection=0
impulse_pair_metric_correction=0
