cex1=-5.5
cey1=0.0
cez1=0.0
oriw1=-0.838267585225409
orii1=-0.045139231415593
orij1=0.5165591224405858
orik1=-0.16863148689074417
lvx1=-0.5559409487131882
lvy1=0.9261311874311602
lvz1=0.635540726755981
avx1=3.1714134789926143
avy1=-4.246377068363862
avz1=3.3747349440948597
shx1=1.0
shy1=0.7
shz1=0.7
req1=1.0
rhos1=0.03
cex2=5.5
cey2=0.0
cez2=0.0
oriw2=-0.1491274210635
orii2=-0.8454699746068489
orij2=0.3410208409484352
orik2=-0.38294427840622713
lvx2=-0.5288377064480417
lvy2=0.880980424566228
lvz2=0.6045568348039578
avx2=4.48028593302049
avy2=1.1627505613896643
avz2=4.248937125296651
shx2=1.0
shy2=0.7
shz2=0.7
req2=1.0
rhos2=0.03
rhof=1.0
ndiv=2
tend=100.0
dt=0.05
tprint=1
logevery=100
nbody=2
impulse_scheme=1
energy_projection=0
impulse_pair_metric_correction=0
