cex1=-4.0
cey1=0.0
cez1=0.0
oriw1=0.014923727445793561
orii1=0.7132177472026361
orij1=0.3516693494032419
orik1=-0.6061570721559066
lvx1=1.2944953724913473
lvy1=2.598933670654603
lvz1=-4.811155985705257
avx1=1.9470999710968333
avy1=-5.473600678238524
avz1=2.3930973490643686
shx1=1.0003
shy1=1.0003
shz1=0.9994002698920407
req1=1.0
rhos1=1.0
cex2=4.0
cey2=0.0
cez2=0.0
oriw2=-0.31993240950878954
orii2=-0.9465469396132289
orij2=-0.04111373192437009
orik2=-0.001343689689461349
lvx2=1.9231749389831807
lvy2=3.861121646084455
lvz2=-7.147723210041155
avx2=3.3646053641273714
avy2=-4.963628374363731
avz2=1.8762307185562284
shx2=2.0
shy2=2.0
shz2=0.25
req2=1.0
rhos2=1.0
rhof=1.0
ndiv=2
tend=100.0
dt=0.05
tprint=1
logevery=100
nbody=2
impulse_scheme=1
energy_projection=0
impulse_pair_metric_correction=0
