cex1=-4.0
cey1=0.0
cez1=0.0
oriw1=-0.2035571187999195
orii1=0.947930869862499
orij1=-0.06828798358547941
orik1=-0.2352197199331528
lvx1=0.1554720307466281
lvy1=0.4677007610015029
lvz1=-0.5240860656057016
avx1=-4.552253527596445
avy1=-4.249219207020608
avz1=-0.8363860086887587
shx1=1.0
shy1=0.7
shz1=0.7
req1=1.0
rhos1=1.0
cex2=4.0
cey2=0.0
cez2=0.0
oriw2=0.07049387398522756
orii2=0.5239479702743548
orij2=0.28321555024170425
orik2=0.8001862847345157
lvx2=0.17127851125211713
lvy2=0.5152508118091653
lvz2=-0.5773686794585771
avx2=0.7115304712990865
avy2=-6.238880669585304
avz2=-0.22024982053380548
shx2=1.0
shy2=0.7
shz2=0.7
req2=1.0
rhos2=1.0
rhof=1.0
ndiv=2
tend=100.0
dt=0.05
tprint=1
logevery=100
nbody=2
impulse_scheme=1
energy_projection=0
impulse_pair_metric_correction=0
