cex1=-4.0
cey1=0.0
cez1=0.0
oriw1=0.6003472946501603
orii1=0.39737485637731423
orij1=0.3347165005528628
orik1=0.6079812608814419
lvx1=-6.673559228226692
lvy1=1.6355907164430763
lvz1=-4.174162117933399
avx1=-2.94619196692159
avy1=2.082934947480152
avz1=5.143904402588562
shx1=2.0
shy1=1.0
shz1=0.5
req1=1.0
rhos1=1.0
cex2=4.0
cey2=0.0
cez2=0.0
oriw2=0.06492887129904872
orii2=-0.3331055786659673
orij2=0.00929904883030371
orik2=-0.940605359768003
lvx2=-4.664959768040637
lvy2=1.1433126804233307
lvz2=-2.9178280553917872
avx2=-2.9381822483765103
avy2=-3.3062305585349345
avz2=4.462548842701037
shx2=1.0
shy2=1.0
shz2=1.0
req2=1.0
rhos2=1.0
rhof=1.0
ndiv=2
tend=100.0
dt=0.05
tprint=1
logevery=100
nbody=2
impulse_scheme=1
energy_projection=0
impulse_pair_metric_correction=0
