cex1=-1.5
cey1=0.0
cez1=0.0
oriw1=-0.30993801033959967
orii1=0.8124813609340776
orij1=-0.4562647609016178
orik1=0.18877217973215435
lvx1=-1.8685316717571618
lvy1=-0.4335873438078022
lvz1=-0.19660705338454745
avx1=-4.780994067434266
avy1=-4.021619735630463
avz1=0.6686464188966796
shx1=1.0
shy1=0.8
shz1=0.6
req1=1.0
rhos1=4.0
cex2=1.5
cey2=0.0
cez2=0.0
oriw2=-0.05545983174662294
orii2=0.3126374592585294
orij2=0.8206617817093311
orik2=-0.47507501110106165
lvx2=-1.9705989307918925
lvy2=-0.457271754622736
lvz2=-0.20734657862202158
avx2=-3.759899042966776
avy2=4.223108549229809
avz2=2.7398779119656154
shx2=1.0
shy2=0.8
shz2=0.6
req2=1.0
rhos2=4.0
rhof=1.0
ndiv=2
tend=100.0
dt=0.05
tprint=1
logevery=100
nbody=2
impulse_scheme=1
energy_projection=0
impulse_pair_metric_correction=0
