cex1=-2.5
cey1=0.0
cez1=0.0
oriw1=0.011003875018710385
orii1=0.4473377013985206
orij1=-0.4255082484639659
orik1=-0.7865816080555078
lvx1=0.7093996782023849
lvy1=0.04699481388990285
lvz1=2.077792979725314
avx1=-1.0930986678367427
avy1=4.161579232233877
avz1=4.578734672436334
shx1=1.0
shy1=0.8
shz1=0.6
req1=1.0
rhos1=0.1
cex2=2.5
cey2=0.0
cez2=0.0
oriw2=-0.700058414405972
orii2=0.03748389833119943
orij2=0.5469596992501932
orik2=0.45754591155580315
lvx2=0.6681936930350368
lvy2=0.04426508668027595
lvz2=1.9571028957935934
avx2=3.7753816145622277
avy2=3.360221214843018
avz2=3.732803859848767
shx2=1.0
shy2=0.8
shz2=0.6
req2=1.0
rhos2=0.1
rhof=1.0
ndiv=2
tend=100.0
dt=0.05
tprint=1
logevery=100
nbody=2
impulse_scheme=1
energy_projection=0
impulse_pair_metric_correction=0
