cex1=-2.5
cey1=0.0
cez1=0.0
oriw1=-0.9933185856341317
orii1=-0.09168019300074545
orij1=-0.04652743697671558
orik1=-0.05242258343054138
lvx1=3.663055258333356
lvy1=-4.394962380007743
lvz1=1.2529992873049978
avx1=-0.6111364727822621
avy1=-6.253277742526422
avz1=-0.038043275573342646
shx1=1.0
shy1=0.7
shz1=0.7
req1=1.0
rhos1=1.0
cex2=2.5
cey2=0.0
cez2=0.0
oriw2=0.6470896492965231
orii2=-0.6606032166508722
orij2=-0.3497118353801976
orik2=-0.1502664570648987
lvx2=3.6671999510706925
lvy2=-4.3999352148061925
lvz2=1.2544170374287957
avx2=0.3364182937262213
avy2=-4.9163257192620655
avz2=-3.8980741088550515
shx2=1.0
shy2=0.7
shz2=0.7
req2=1.0
rhos2=1.0
rhof=1.0
ndiv=2
tend=100.0
dt=0.05
tprint=1
logevery=100
nbody=2
impulse_scheme=1
energy_projection=0
impulse_pair_metric_correction=0
