cex1=-1.5
cey1=0.0
cez1=0.0
oriw1=0.4206635731097169
orii1=0.34417954033970516
orij1=-0.4013258707020629
orik1=-0.737238189308819
lvx1=0.3995733824906744
lvy1=-1.3261339050785017
lvz1=-2.6798217019589963
avx1=5.741789131123937
avy1=-2.539488143352909
avz1=0.24753817449931897
shx1=1.0
shy1=0.8
shz1=0.6
req1=1.0
rhos1=1.0
cex2=1.5
cey2=0.0
cez2=0.0
oriw2=0.3124795629618345
orii2=-0.7437822514698835
orij2=0.42337762559414216
orik2=0.4121842685933541
lvx2=0.4640399783660542
lvy2=-1.540090445432714
lvz2=-3.112180288012448
avx2=-3.5706109111868405
avy2=-0.7467662789776446
avz2=5.1158083867413175
shx2=1.0
shy2=0.8
shz2=0.6
req2=1.0
rhos2=1.0
rhof=1.0
ndiv=2
tend=100.0
dt=0.05
tprint=1
logevery=100
nbody=2
impulse_scheme=1
energy_projection=0
impulse_pair_metric_correction=0
