cex1=-4.0
cey1=0.0
cez1=0.0
oriw1=-0.8459758056090337
orii1=-0.28863710314157076
orij1=0.06245274455228369
orik1=0.4439743390243133
lvx1=1.515076009537072
lvy1=-4.745044570493311
lvz1=-2.6034772396062054
avx1=1.8148247012714163
avy1=-2.6087563108839698
avz1=5.420260087711254
shx1=1.0003
shy1=1.0
shz1=0.9997000899730081
req1=1.0
rhos1=1.0
cex2=4.0
cey2=0.0
cez2=0.0
oriw2=-0.02175146670486768
orii2=0.3425406462493156
orij2=0.8285891268434055
orik2=-0.4423040111056773
lvx2=1.5149043534809652
lvy2=-4.744506963381922
lvz2=-2.6031822691675597
avx2=-2.907298918985168
avy2=-5.130455100083823
avz2=2.1689769630056004
shx2=1.0003
shy2=1.0
shz2=0.9997000899730081
req2=1.0
rhos2=1.0
rhof=1.0
ndiv=2
tend=100.0
dt=0.05
tprint=1
logevery=100
nbody=2
impulse_scheme=1
energy_projection=0
impulse_pair_metric_correction=0
