cex1=-5.5
cey1=0.0
cez1=0.0
oriw1=0.19578001177228005
orii1=0.007416202193043271
orij1=0.8246175856431013
orik1=0.5306797757439229
lvx1=-5.092688267043381
lvy1=-8.11903206244467
lvz1=-1.541829943144485
avx1=-0.7070226715057506
avy1=-4.464892579076478
avz1=-4.363859622357495
shx1=1.0
shy1=0.7
shz1=0.7
req1=1.0
rhos1=0.3
cex2=5.5
cey2=0.0
cez2=0.0
oriw2=0.43719341126016814
orii2=0.1895547968705557
orij2=0.7442795025684308
orik2=-0.4679518374689313
lvx2=-4.970594047057336
lvy2=-7.924383021559751
lvz2=-1.5048654728317077
avx2=-2.437267229579195
avy2=-5.088891252178179
avz2=2.764295910260187
shx2=1.0
shy2=0.7
shz2=0.7
req2=1.0
rhos2=0.3
rhof=1.0
ndiv=2
tend=100.0
dt=0.05
tprint=1
logevery=100
nbody=2
impulse_scheme=1
energy_projection=0
impulse_pair_metric_correction=0
