cex1=-2.5
cey1=0.0
cez1=0.0
oriw1=-0.0890361300465845
orii1=0.2624116897629743
orij1=0.5317696229247404
orik1=-0.8002710420579691
lvx1=-0.057195645990192924
lvy1=-1.5327697718174553
lvz1=-1.0122647768252173
avx1=5.843048603658871
avy1=-2.302865868846185
avz1=0.18441640312311744
shx1=1.0
shy1=0.8
shz1=0.6
req1=1.0
rhos1=0.03
cex2=2.5
cey2=0.0
cez2=0.0
oriw2=0.9215367737865653
orii2=-0.36705374958007847
orij2=0.010752738456764256
orik2=0.12619785296879796
lvx2=-0.05890627421425826
lvy2=-1.5786124087397606
lvz2=-1.042539960669829
avx2=-5.269999834937131
avy2=3.298595825411949
avz2=-0.9081767034530814
shx2=1.0
shy2=0.8
shz2=0.6
req2=1.0
rhos2=0.03
rhof=1.0
ndiv=2
tend=100.0
dt=0.05
tprint=1
logevery=100
nbody=2
impulse_scheme=1
energy_projection=0
impulse_pair_metric_correction=0
