cex1=-5.5
cey1=0.0
cez1=0.0
oriw1=-0.6955773217164645
orii1=0.24724695617076461
orij1=0.6617468441605923
orik1=0.1308902075081972
lvx1=-0.3149503252436691
lvy1=3.2224261817543467
lvz1=4.691855619356616
avx1=0.19796313769017487
avy1=5.956361067584431
avz1=1.9902238650558262
shx1=1.0
shy1=0.8
shz1=0.6
req1=1.0
rhos1=1.0
cex2=5.5
cey2=0.0
cez2=0.0
oriw2=-0.14203714745389723
orii2=0.045913558915767615
orij2=0.8677071474438421
orik2=-0.4741325765286734
lvx2=-0.311131576617016
lvy2=3.183354510542244
lvz2=4.634967228500024
avx2=2.9666628310146863
avy2=4.490776135823177
avz2=-3.2419529529828788
shx2=1.0
shy2=0.8
shz2=0.6
req2=1.0
rhos2=1.0
rhof=1.0
ndiv=2
tend=100.0
dt=0.05
tprint=1
logevery=100
nbody=2
impulse_scheme=1
energy_projection=0
impulse_pair_metric_correction=0
