cex1=-4.0
cey1=0.0
cez1=0.0
oriw1=0.5282223749340942
orii1=-0.04391877850060629
orij1=-0.8103973046454653
orik1=-0.24961665036083752
lvx1=-0.8079828341111377
lvy1=-5.393685096496655
lvz1=1.3557503100119745
avx1=0.5207100589144423
avy1=-6.2445361033406925
avz1=0.4615706803701826
shx1=1.0
shy1=1.0
shz1=1.0
req1=1.0
rhos1=1.0
cex2=4.0
cey2=0.0
cez2=0.0
oriw2=0.021327225116207892
orii2=-0.5645370751597862
orij2=-0.030979869936147215
orik2=-0.824550354979983
lvx2=-1.519477608169411
lvy2=-10.143264663115895
lvz2=2.54959901542732
avx2=-2.1808961258113624
avy2=2.1298581823262928
avz2=5.494161793754909
shx2=2.0
shy2=2.0
shz2=0.25
req2=1.0
rhos2=1.0
rhof=1.0
ndiv=2
tend=100.0
dt=0.05
tprint=1
logevery=100
nbody=2
impulse_scheme=1
energy_projection=0
impulse_pair_metric_correction=0
