cex1=-4.0
cey1=0.0
cez1=0.0
oriw1=0.8018495087884643
orii1=-0.09668868420444708
orij1=-0.3813326598699614
orik1=-0.4497488922932567
lvx1=-0.23042087329823932
lvy1=6.087074233175865
lvz1=1.1060595044043822
avx1=4.2182691164264
avy1=0.16870420442918901
avz1=4.653618179134229
shx1=1.6900000000000002
shy1=0.7692307692307692
shz1=0.7692307692307692
req1=1.0
rhos1=1.0
cex2=4.0
cey2=0.0
cez2=0.0
oriw2=0.3201817836146657
orii2=0.25038912571352195
orij2=-0.043424199855004585
orik2=0.9126353324481263
lvx2=-0.5921679821715312
lvy2=15.64341986206514
lvz2=2.842507345404595
avx2=-0.7413649487606907
avy2=-0.966220437533287
avz2=6.1640257691868445
shx2=4.0
shy2=0.5
shz2=0.5
req2=1.0
rhos2=1.0
rhof=1.0
ndiv=2
tend=100.0
dt=0.05
tprint=1
logevery=100
nbody=2
impulse_scheme=1
energy_projection=0
impulse_pair_metric_correction=0
