cex1=-5.5
cey1=0.0
cez1=0.0
oriw1=0.2220494217970368
orii1=0.8507606195104098
orij1=-0.42751371952248024
orik1=0.21007722910853363
lvx1=6.869641990837494
lvy1=3.492507267033178
lvz1=5.798459631010016
avx1=-0.5666839740606249
avy1=-5.181861627480748
avz1=3.5079334303180363
shx1=1.0
shy1=0.8
shz1=0.6
req1=1.0
rhos1=1.0
cex2=5.5
cey2=0.0
cez2=0.0
oriw2=0.8517682807874037
orii2=0.4877681279827087
orij2=-0.07841955387996992
orik2=0.17442311411616587
lvx2=6.821365921138423
lvy2=3.467963844759836
lvz2=5.757711242423356
avx2=-2.48871467124144
avy2=4.034950624682178
avz2=4.123577372365158
shx2=1.0
shy2=0.8
shz2=0.6
req2=1.0
rhos2=1.0
rhof=1.0
ndiv=2
tend=100.0
dt=0.05
tprint=1
logevery=100
nbody=2
impulse_scheme=1
energy_projection=0
impulse_pair_metric_correction=0
