cex1=-4.0
cey1=0.0
cez1=0.0
oriw1=0.697072727745779
orii1=-0.6150107678389601
orij1=0.23273081226497436
orik1=0.2858106658221083
lvx1=0.9248061760537327
lvy1=-2.3677879021070267
lvz1=5.012467322011237
avx1=-0.9561145481592949
avy1=-3.1072914755455323
avz1=-5.376709240897972
shx1=1.0001
shy1=1.0001
shz1=0.9998000299960006
req1=1.0
rhos1=1.0
cex2=4.0
cey2=0.0
cez2=0.0
oriw2=0.23032809201251336
orii2=-0.6059746240230104
orij2=-0.7549109810895873
orik2=-0.09926296237974665
lvx2=1.332733682029844
lvy2=-3.4122076287447616
lvz2=7.223442276979532
avx2=-6.151309441102266
avy2=-0.8499003444484448
avz2=0.9578513291059193
shx2=2.0
shy2=2.0
shz2=0.25
req2=1.0
rhos2=1.0
rhof=1.0
ndiv=2
tend=100.0
dt=0.05
tprint=1
logevery=100
nbody=2
impulse_scheme=1
energy_projection=0
impulse_pair_metric_correction=0
