cex1=-4.0
cey1=0.0
cez1=0.0
oriw1=0.5088560924968764
orii1=-0.19432788270596413
orij1=-0.5467468133392624
orik1=0.6359009932648236
lvx1=4.814355230855746
lvy1=-2.845723535419459
lvz1=-0.5516138988015357
avx1=-5.37874670094085
avy1=3.215784229176851
avz1=0.4541291918086818
shx1=1.0001
shy1=1.0
shz1=0.9999000099990001
req1=1.0
rhos1=1.0
cex2=4.0
cey2=0.0
cez2=0.0
oriw2=-0.42478215566692423
orii2=0.8582571899230411
orij2=0.16503972140634426
orik2=0.23604365386614876
lvx2=5.37462987061604
lvy2=-3.176897005637428
lvz2=-0.6158084302845953
avx2=-4.825570509357461
avy2=3.9450805839629286
avz2=-0.7928594135253245
shx2=2.0
shy2=1.0
shz2=0.5
req2=1.0
rhos2=1.0
rhof=1.0
ndiv=2
tend=100.0
dt=0.05
tprint=1
logevery=100
nbody=2
impulse_scheme=1
energy_projection=0
impulse_pair_metric_correction=0
