cex1=-5.5
cey1=0.0
cez1=0.0
oriw1=-0.3559842930414639
orii1=-0.2947124599320449
orij1=-0.06271719864652119
orik1=-0.8845825580817795
lvx1=0.18646231711591404
lvy1=0.6900305718538203
lvz1=-0.027294963456122347
avx1=4.547397491621234
avy1=3.9909694358067216
avz1=1.6946258053065664
shx1=1.0
shy1=0.8
shz1=0.6
req1=1.0
rhos1=0.1
cex2=5.5
cey2=0.0
cez2=0.0
oriw2=0.6788562917457124
orii2=0.10964468775891366
orij2=0.5084182487565618
orik2=-0.5183078833423447
lvx2=0.18297945191844248
lvy2=0.6771417292121885
lvz2=-0.026785130264311858
avx2=4.899202349329767
avy2=3.814494727700444
avz2=0.9622182273396418
shx2=1.0
shy2=0.8
shz2=0.6
req2=1.0
rhos2=0.1
rhof=1.0
ndiv=2
tend=100.0
dt=0.05
tprint=1
logevery=100
nbody=2
impulse_scheme=1
energy_projection=0
impulse_pair_metric_correction=0
