cex1=-1.5
cey1=0.0
cez1=0.0
oriw1=-0.0633671807694167
orii1=-0.036979236915403384
orij1=0.6601246980330909
orik1=-0.7475643915310648
lvx1=0.34400530504782006
lvy1=-0.7118526328890435
lvz1=0.017905446862566145
avx1=-1.007199400857469
avy1=-5.628701567532652
avz1=-2.6041669752389636
shx1=1.0
shy1=0.7
shz1=0.7
req1=1.0
rhos1=10.0
cex2=1.5
cey2=0.0
cez2=0.0
oriw2=0.22973727339694575
orii2=-0.9314155970316048
orij2=0.2034282724716844
orik2=-0.19571077838888284
lvx2=0.3033771224772125
lvy2=-0.6277804447337958
lvz2=0.01579075341608129
avx2=-5.140429144053601
avy2=-3.0603300553023627
avz2=-1.9206211942845028
shx2=1.0
shy2=0.7
shz2=0.7
req2=1.0
rhos2=10.0
rhof=1.0
ndiv=2
tend=100.0
dt=0.05
tprint=1
logevery=100
nbody=2
impulse_scheme=1
energy_projection=0
impulse_pair_metric_correction=0
