cex1=-1.5
cey1=0.0
cez1=0.0
oriw1=-0.23164088455587867
orii1=0.4783883870637884
orij1=0.554466419303332
orik1=0.6403546217445603
lvx1=-0.749684447757983
lvy1=0.8321680044799149
lvz1=2.708247211259553
avx1=6.281519067726466
avy1=0.027598047253324463
avz1=0.1420357487890775
shx1=1.0
shy1=0.8
shz1=0.6
req1=1.0
rhos1=4.0
cex2=1.5
cey2=0.0
cez2=0.0
oriw2=-0.3640325011497377
orii2=-0.5279582402597409
orij2=-0.6452877971523181
orik2=-0.41514346134175434
lvx2=-0.9233885467240442
lvy2=1.0249837869586165
lvz2=3.335756082513417
avx2=1.1935602666354932
avy2=3.741880771896623
avz2=4.904300131841114
shx2=1.0
shy2=0.8
shz2=0.6
req2=1.0
rhos2=4.0
rhof=1.0
ndiv=2
tend=100.0
dt=0.05
tprint=1
logevery=100
nbody=2
impulse_scheme=1
energy_projection=0
impulse_pair_metric_correction=0
