cex1=-4.0
cey1=0.0
cez1=0.0
oriw1=1.0
orii1=2.0
orij1=0.0
orik1=0.0
lvx1=-0.3724556165633288
lvy1=0.8111583712155997
lvz1=-0.5999334241771188
avx1=2.9992559504513743
avy1=2.842507988112228
avz1=-4.733183884612727
shx1=1.0
shy1=0.8
shz1=0.6
req1=1.0
rhos1=1.0
cex2=4.0
cey2=0.0
cez2=0.0
oriw2=1.0
orii2=0.0
orij2=1.0
orik2=0.0
lvx2=-0.36008713869827746
lvy2=0.7842214855485116
lvz2=-0.580010880530425
avx2=-4.014172507464555
avy2=-2.2453930631647103
avz2=4.280542801627494
shx2=1.0
shy2=0.8
shz2=0.6
req2=1.0
rhos2=1.0
rhof=1.0
ndiv=2
tend=100.0
dt=0.05
tprint=1
logevery=100
nbody=2
impulse_scheme=1
energy_projection=1
