cex1=-4.0
cey1=0.0
cez1=0.0
oriw1=0.044071319193042226
orii1=0.9828574751098323
orij1=-0.067489761593347
orik1=-0.16581325195949628
lvx1=-0.29142659265462845
lvy1=0.8381425742335711
lvz1=0.9945475640123127
avx1=2.4940586773533444
avy1=1.7555972376478806
avz1=-5.493265627788179
shx1=1.0
shy1=0.8
shz1=0.6
req1=1.0
rhos1=10.0
cex2=4.0
cey2=0.0
cez2=0.0
oriw2=-0.5266624833216313
orii2=-0.54186211104589
orij2=0.10658193194860281
orik2=-0.6462602982208387
lvx2=-0.2871647274849107
lvy2=0.825885454483978
lvz2=0.9800031547870538
avx2=-3.1733143071711276
avy2=0.7031380840141934
avz2=-5.377182417127887
shx2=1.0
shy2=0.8
shz2=0.6
req2=1.0
rhos2=10.0
rhof=1.0
ndiv=2
tend=100.0
dt=0.05
tprint=1
logevery=100
nbody=2
impulse_scheme=1
energy_projection=0
impulse_pair_metric_correction=0
