cex1=-4.0
cey1=0.0
cez1=0.0
oriw1=0.021738424143870158
orii1=-0.9343617119830159
orij1=0.22922454718840068
orik1=-0.27194069033923884
lvx1=1.0950725090626445
lvy1=5.664114129068582
lvz1=-1.137181642207064
avx1=3.1178115958102843
avy1=4.71701482936798
avz1=2.739970721907613
shx1=1.3
shy1=1.0
shz1=0.7692307692307692
req1=1.0
rhos1=1.0
cex2=4.0
cey2=0.0
cez2=0.0
oriw2=0.3091890892993125
orii2=0.3684406174919799
orij2=0.7931897918200863
orik2=0.37350177053502515
lvx2=1.5899137359260813
lvy2=8.223613305175181
lvz2=-1.651051138828799
avx2=0.284142370962519
avy2=4.455004128124526
avz2=4.421608184334594
shx2=2.0
shy2=1.0
shz2=0.5
req2=1.0
rhos2=1.0
rhof=1.0
ndiv=2
tend=100.0
dt=0.05
tprint=1
logevery=100
nbody=2
impulse_scheme=1
energy_projection=0
impulse_pair_metric_correction=0
