cex1=-5.5
cey1=0.0
cez1=0.0
oriw1=-0.26800894076382453
orii1=-0.43969172266921164
orij1=0.8408893773694393
orik1=-0.16657566363088816
lvx1=-5.4909741656824576
lvy1=-1.2706673304464537
lvz1=1.2323175374153321
avx1=-1.9470060761129377
avy1=5.665698029047457
avz1=1.8940567012590972
shx1=1.0
shy1=0.7
shz1=0.7
req1=1.0
rhos1=0.1
cex2=5.5
cey2=0.0
cez2=0.0
oriw2=-0.5612926898073093
orii2=-0.3770681974603813
orij2=0.584937907241313
orik2=-0.44790371231438536
lvx2=-5.228125192153879
lvy2=-1.2098414016720032
lvz2=1.173327385577561
avx2=3.770235473290683
avy2=0.10075452229874321
avz2=5.0252950765636
shx2=1.0
shy2=0.7
shz2=0.7
req2=1.0
rhos2=0.1
rhof=1.0
ndiv=2
tend=100.0
dt=0.05
tprint=1
logevery=100
nbody=2
impulse_scheme=1
energy_projection=0
impulse_pair_metric_correction=0
