cex1=-2.5
cey1=0.0
cez1=0.0
oriw1=0.4499198988381531
orii1=-0.011569449716765146
orij1=-0.59692798316478
orik1=-0.6641650513069364
lvx1=0.27984023527615226
lvy1=-0.6796891024944941
lvz1=-0.189329204358793
avx1=-2.100431137053627
avy1=5.651002616134826
avz1=-1.7699649926736942
shx1=1.0
shy1=0.8
shz1=0.6
req1=1.0
rhos1=0.03
cex2=2.5
cey2=0.0
cez2=0.0
oriw2=0.3678288223542837
orii2=0.17649700825846262
orij2=-0.7413757599397665
orik2=0.5328346329725637
lvx2=0.30329936907083616
lvy2=-0.7366677481080249
lvz2=-0.20520075739658616
avx2=-1.122567234454635
avy2=2.4666427012440306
avz2=5.668680110297798
shx2=1.0
shy2=0.8
shz2=0.6
req2=1.0
rhos2=0.03
rhof=1.0
ndiv=2
tend=100.0
dt=0.05
tprint=1
logevery=100
nbody=2
impulse_scheme=1
energy_projection=0
impulse_pair_metric_correction=0
