cex1=-4.0
cey1=0.0
cez1=0.0
oriw1=-0.24437372580591302
orii1=-0.310160477308049
orij1=0.5653622485016055
orik1=-0.7241874677326227
lvx1=3.7759749360315045
lvy1=-4.136389915978257
lvz1=-2.4492763929112447
avx1=1.0344797579186127
avy1=-1.7189637731225875
avz1=5.95427852737057
shx1=1.1
shy1=1.1
shz1=0.8264462809917354
req1=1.0
rhos1=1.0
cex2=4.0
cey2=0.0
cez2=0.0
oriw2=0.5720148945153302
orii2=0.4042550068505882
orij2=0.18116111209399216
orik2=-0.690331443115345
lvx2=6.853846924450309
lvy2=-7.5080432958992285
lvz2=-4.445730111314336
avx2=0.9543848399651823
avy2=-1.0648493144945614
avz2=-6.118305575812843
shx2=2.0
shy2=2.0
shz2=0.25
req2=1.0
rhos2=1.0
rhof=1.0
ndiv=2
tend=100.0
dt=0.05
tprint=1
logevery=100
nbody=2
impulse_scheme=1
energy_projection=0
impulse_pair_metric_correction=0
