cex1=-4.0
cey1=0.0
cez1=0.0
oriw1=0.6403904484862645
orii1=-0.34072974242417975
orij1=0.13230410802299689
orik1=0.6754990296923841
lvx1=-0.825905020764023
lvy1=-0.37480041058178837
lvz1=-1.0143104191109034
avx1=1.2707532718862355
avy1=-2.1428073782558927
avz1=5.768186913237119
shx1=1.0
shy1=0.8
shz1=0.6
req1=1.0
rhos1=0.03
cex2=4.0
cey2=0.0
cez2=0.0
oriw2=0.7053974137997856
orii2=-0.22118591759312908
orij2=-0.5664406761635907
orik2=0.3641925848371896
lvx2=-0.7190669873105815
lvy2=-0.3263167014416526
lvz2=-0.8831005005794753
avx2=4.221074204565548
avy2=-4.637544166288558
avz2=-0.39259937548564666
shx2=1.0
shy2=0.8
shz2=0.6
req2=1.0
rhos2=0.03
rhof=1.0
ndiv=2
tend=100.0
dt=0.05
tprint=1
logevery=100
nbody=2
impulse_scheme=1
energy_projection=0
impulse_pair_metric_correction=0
