cex1=-4.0
cey1=0.0
cez1=0.0
oriw1=-0.2696929461300858
orii1=-0.9028944117359834
orij1=0.16420277415789825
orik1=0.2916930664627759
lvx1=-2.4254092006315178
lvy1=-0.9033072386957107
lvz1=-4.987506399167185
avx1=4.65541258516354
avy1=-2.7130028181017867
avz1=-3.231898354718188
shx1=1.001
shy1=1.0
shz1=0.9990009990009991
req1=1.0
rhos1=1.0
cex2=4.0
cey2=0.0
cez2=0.0
oriw2=-0.8086987946378543
orii2=6.667255904696867e-05
orij2=-0.15385422622821343
orik2=-0.5677456579999262
lvx2=-2.4257525583991852
lvy2=-0.9034351171406823
lvz2=-4.988212465204619
avx2=-3.2211995477547877
avy2=-5.356664680817196
avz2=0.6390888632947609
shx2=1.0
shy2=1.0
shz2=1.0
req2=1.0
rhos2=1.0
rhof=1.0
ndiv=2
tend=100.0
dt=0.05
tprint=1
logevery=100
nbody=2
impulse_scheme=1
energy_projection=0
impulse_pair_metric_correction=0
