cex1=-4.0
cey1=0.0
cez1=0.0
oriw1=0.694736759097955
orii1=-0.32780654883041815
orij1=-0.5602645274731252
orik1=-0.30981827150327435
lvx1=3.0233559536907304
lvy1=0.6277883965337591
lvz1=4.701393358215603
avx1=-3.316219880011059
avy1=2.7898507252877724
avz1=-4.549487470296865
shx1=1.003
shy1=1.003
shz1=0.9940268924035474
req1=1.0
rhos1=1.0
cex2=4.0
cey2=0.0
cez2=0.0
oriw2=-0.08885600188679274
orii2=-0.8648662976208825
orij2=0.2898200504635431
orik2=-0.4001440197198386
lvx2=3.023296171926405
lvy2=0.6277759830771424
lvz2=4.70130039609204
avx2=-0.010782197140360683
avy2=4.3537360482958
avz2=-4.530263101669917
shx2=1.003
shy2=1.003
shz2=0.9940268924035474
req2=1.0
rhos2=1.0
rhof=1.0
ndiv=2
tend=100.0
dt=0.05
tprint=1
logevery=100
nbody=2
impulse_scheme=1
energy_projection=0
impulse_pair_metric_correction=0
