cex1=-4.0
cey1=0.0
cez1=0.0
oriw1=-0.42707159835317426
orii1=-0.06936311837087894
orij1=-0.8012558609235214
orik1=0.41326462832625654
lvx1=-1.2788112795798476
lvy1=0.22507532930785226
lvz1=1.7366424697575282
avx1=-0.8570245877689493
avy1=1.9125682327307718
avz1=-5.923344428231908
shx1=1.0
shy1=0.7
shz1=0.7
req1=1.0
rhos1=0.1
cex2=4.0
cey2=0.0
cez2=0.0
oriw2=-0.5122242676669602
orii2=-0.7919485865272007
orij2=-0.2482784391565929
orik2=0.2209107343715585
lvx2=-1.273846459340086
lvy2=0.22420150330376368
lvz2=1.7299001788341053
avx2=1.2738279020010546
avy2=0.22839259663476652
avz2=6.148464597136707
shx2=1.0
shy2=0.7
shz2=0.7
req2=1.0
rhos2=0.1
rhof=1.0
ndiv=2
tend=100.0
dt=0.05
tprint=1
logevery=100
nbody=2
impulse_scheme=1
energy_projection=0
impulse_pair_metric_correction=0
