cex1=-4.0
cey1=0.0
cez1=0.0
oriw1=-0.453496300968364
orii1=0.5163764587629442
orij1=0.6612076846334767
orik1=0.300833601223482
lvx1=-0.8497448754653697
lvy1=5.537349946020175
lvz1=0.4538246131928439
avx1=1.7428302747815063
avy1=4.903616110755999
avz1=-3.5207256746296873
shx1=1.001
shy1=1.0
shz1=0.9990009990009991
req1=1.0
rhos1=1.0
cex2=4.0
cey2=0.0
cez2=0.0
oriw2=-0.38153721913217303
orii2=-0.509187160038118
orij2=0.30545257486840444
orik2=0.7084183163749127
lvx2=-0.849643548170265
lvy2=5.536689648196347
lvz2=0.4537704971612743
avx2=-4.2303502337140095
avy2=4.534236972244857
avz2=-1.0115579983377345
shx2=1.0
shy2=1.0
shz2=1.0
req2=1.0
rhos2=1.0
rhof=1.0
ndiv=2
tend=100.0
dt=0.05
tprint=1
logevery=100
nbody=2
impulse_scheme=1
energy_projection=0
impulse_pair_metric_correction=0
