cex1=-1.5
cey1=0.0
cez1=0.0
oriw1=0.45365531472713455
orii1=-0.6418930800564108
orij1=-0.05967191622677571
orik1=0.615312434141667
lvx1=-3.693003311205782
lvy1=-6.563433309408826
lvz1=-6.005938157381819
avx1=-2.838191224649651
avy1=3.108514449818633
avz1=4.664785749844029
shx1=1.0
shy1=0.8
shz1=0.6
req1=1.0
rhos1=0.1
cex2=1.5
cey2=0.0
cez2=0.0
oriw2=0.7862703369832283
orii2=-0.30433248189355216
orij2=-0.3530506329095687
orik2=-0.40560565608352206
lvx2=-3.6634757960884765
lvy2=-6.510955187963081
lvz2=-5.957917504598328
avx2=-0.3940111252306304
avy2=5.563801345561525
avz2=-2.892626388713151
shx2=1.0
shy2=0.8
shz2=0.6
req2=1.0
rhos2=0.1
rhof=1.0
ndiv=2
tend=100.0
dt=0.05
tprint=1
logevery=100
nbody=2
impulse_scheme=1
energy_projection=0
impulse_pair_metric_correction=0
