cex1=-4.0
cey1=0.0
cez1=0.0
oriw1=0.44863829849013676
orii1=0.1730036855901287
orij1=-0.3256423008354108
orik1=0.8140948923846205
lvx1=-3.026714486491375
lvy1=-4.618214031679385
lvz1=-2.3708959950254926
avx1=0.4882668265781323
avy1=-0.27120008948944163
avz1=-6.258311563183929
shx1=1.2100000000000002
shy1=0.9090909090909091
shz1=0.9090909090909091
req1=1.0
rhos1=1.0
cex2=4.0
cey2=0.0
cez2=0.0
oriw2=0.8356405096895162
orii2=0.2815359734975948
orij2=-0.30742749690228693
orik2=-0.35767410912868935
lvx2=-2.8306246015484686
lvy2=-4.319016647137344
lvz2=-2.217294218263563
avx2=-3.9598527414075377
avy2=4.464779178622578
avz2=1.9656374937569088
shx2=1.0
shy2=1.0
shz2=1.0
req2=1.0
rhos2=1.0
rhof=1.0
ndiv=2
tend=100.0
dt=0.05
tprint=1
logevery=100
nbody=2
impulse_scheme=1
energy_projection=0
impulse_pair_metric_correction=0
