cex1=-5.5
cey1=0.0
cez1=0.0
oriw1=0.4142173213888753
orii1=0.8810786407562695
orij1=0.13805074445345455
orik1=-0.1818417757842151
lvx1=0.6580416269934621
lvy1=-0.5317974317458671
lvz1=0.9840589582266251
avx1=-1.8903176763077998
avy1=-4.500201516720862
avz1=3.9564255327124465
shx1=1.0
shy1=0.8
shz1=0.6
req1=1.0
rhos1=4.0
cex2=5.5
cey2=0.0
cez2=0.0
oriw2=-0.30871130945787423
orii2=0.31175092062152737
orij2=0.8896658819379261
orik2=0.12650418736171098
lvx2=0.5985721242607284
lvy2=-0.48373705452479826
lvz2=0.8951261392303417
avx2=5.265452014902746
avy2=0.2215036940594192
avz2=-3.421164830380447
shx2=1.0
shy2=0.8
shz2=0.6
req2=1.0
rhos2=4.0
rhof=1.0
ndiv=2
tend=100.0
dt=0.05
tprint=1
logevery=100
nbody=2
impulse_scheme=1
energy_projection=0
impulse_pair_metric_correction=0
