cex1=-4.0
cey1=0.0
cez1=0.0
oriw1=0.23237611732326122
orii1=-0.5042051597608614
orij1=0.19463649693986984
orik1=0.8086378243857173
lvx1=2.6515629290945317
lvy1=1.244156109972189
lvz1=-5.238562081104394
avx1=0.06839768894917639
avy1=3.2253554089053376
avz1=5.39173644077202
shx1=1.1
shy1=1.1
shz1=0.8264462809917354
req1=1.0
rhos1=1.0
cex2=4.0
cey2=0.0
cez2=0.0
oriw2=0.6650878847087389
orii2=0.035627327236301326
orij2=0.6033998968360577
orik2=0.4385172330318246
lvx2=2.4828326764557413
lvy2=1.1649851529286053
lvz2=-4.905210044194385
avx2=0.9580550631509775
avy2=-4.6730936337231626
avz2=-4.089345178727794
shx2=1.0
shy2=1.0
shz2=1.0
req2=1.0
rhos2=1.0
rhof=1.0
ndiv=2
tend=100.0
dt=0.05
tprint=1
logevery=100
nbody=2
impulse_scheme=1
energy_projection=0
impulse_pair_metric_correction=0
