cex1=-2.5
cey1=0.0
cez1=0.0
oriw1=-0.9625495026744251
orii1=0.0723745880894739
orij1=-0.24050266495927658
orik1=0.1020727292060993
lvx1=0.5091169570942715
lvy1=-0.22292228698296057
lvz1=1.0186129582695924
avx1=5.343639510863566
avy1=1.9549269715929642
avz1=-2.6649943560978855
shx1=1.0
shy1=0.8
shz1=0.6
req1=1.0
rhos1=0.1
cex2=2.5
cey2=0.0
cez2=0.0
oriw2=0.7090779376977967
orii2=-0.45576714493532583
orij2=-0.4592419851919992
orik2=-0.2803240747860461
lvx2=0.5836189262885579
lvy2=-0.25554376840505577
lvz2=1.1676723643263625
avx2=0.3457041253114108
avy2=4.22961478671827
avz2=-4.6334938241109445
shx2=1.0
shy2=0.8
shz2=0.6
req2=1.0
rhos2=0.1
rhof=1.0
ndiv=2
tend=100.0
dt=0.05
tprint=1
logevery=100
nbody=2
impulse_scheme=1
energy_projection=0
impulse_pair_metric_correction=0
