cex1=-4.0
cey1=0.0
cez1=0.0
oriw1=-0.0995544686862006
orii1=-0.30854969484426664
orij1=0.319685337766005
orik1=-0.8903298705499852
lvx1=-1.2125509041259233
lvy1=5.056850896908517
lvz1=2.1311644388924065
avx1=3.651127618349928
avy1=2.8648670559684777
avz1=-4.235589860988234
shx1=1.0001
shy1=1.0001
shz1=0.9998000299960006
req1=1.0
rhos1=1.0
cex2=4.0
cey2=0.0
cez2=0.0
oriw2=-0.6258945501109591
orii2=-0.28432842167131384
orij2=0.6653954153245024
orik2=0.29096787114118394
lvx2=-1.212546180685855
lvy2=5.056831198162622
lvz2=2.1311561370326926
avx2=1.8813648380963306
avy2=-4.361661927325211
avz2=4.112759314870485
shx2=1.0001
shy2=1.0001
shz2=0.9998000299960006
req2=1.0
rhos2=1.0
rhof=1.0
ndiv=2
tend=100.0
dt=0.05
tprint=1
logevery=100
nbody=2
impulse_scheme=1
energy_projection=0
impulse_pair_metric_correction=0
