cex1=-5.5
cey1=0.0
cez1=0.0
oriw1=-0.12333861595572566
orii1=0.32969627353455766
orij1=0.897160045055493
orik1=0.2668179277851807
lvx1=0.4692879438909378
lvy1=-0.6038462802085479
lvz1=0.11414211517245039
avx1=-2.4581246124273304
avy1=3.855318401385398
avz1=4.309589425696554
shx1=1.0
shy1=0.7
shz1=0.7
req1=1.0
rhos1=0.1
cex2=5.5
cey2=0.0
cez2=0.0
oriw2=-0.8492449428255663
orii2=0.5190638139996793
orij2=-0.0352142984345171
orik2=0.09008738683673499
lvx2=0.4781129150671711
lvy2=-0.6152016241654651
lvz2=0.11628856041892206
avx2=-1.3758918582161164
avy2=-2.480220832665435
avz2=-5.606589321509505
shx2=1.0
shy2=0.7
shz2=0.7
req2=1.0
rhos2=0.1
rhof=1.0
ndiv=2
tend=100.0
dt=0.05
tprint=1
logevery=100
nbody=2
impulse_scheme=1
energy_projection=0
impulse_pair_metric_correction=0
