cex1=-4.0
cey1=0.0
cez1=0.0
oriw1=0.08395384463908495
orii1=0.004741380652151092
orij1=0.8946279064144894
orik1=0.438828190006357
lvx1=-1.6789157200394476
lvy1=-2.6444822700484525
lvz1=4.66545957089573
avx1=-4.1014008666996675
avy1=-2.778429727949705
avz1=-3.86487474335689
shx1=1.003
shy1=1.0
shz1=0.9970089730807579
req1=1.0
rhos1=1.0
cex2=4.0
cey2=0.0
cez2=0.0
oriw2=-0.0691533740038955
orii2=0.8630804459855558
orij2=0.40161821461135894
orik2=0.29835007007479614
lvx2=-2.0400045512163754
lvy2=-3.213238045315997
lvz2=5.668872263534267
avx2=-4.394998283385605
avy2=-3.346734875045353
avz2=-2.993622115356277
shx2=2.0
shy2=1.0
shz2=0.5
req2=1.0
rhos2=1.0
rhof=1.0
ndiv=2
tend=100.0
dt=0.05
tprint=1
logevery=100
nbody=2
impulse_scheme=1
energy_projection=0
impulse_pair_metric_correction=0
