cex1=-2.5
cey1=0.0
cez1=0.0
oriw1=0.23573031161805016
orii1=-0.7918625157165469
orij1=-0.44325093266905274
orik1=0.34772631058856246
lvx1=2.2603024922932797
lvy1=-0.17424588912059136
lvz1=-2.6859490209665386
avx1=1.5569872810677885
avy1=-5.336603827410724
avz1=2.9282875200730856
shx1=1.0
shy1=0.7
shz1=0.7
req1=1.0
rhos1=0.1
cex2=2.5
cey2=0.0
cez2=0.0
oriw2=0.07329116653684177
orii2=0.3881691964210605
orij2=0.4496618972916257
orik2=-0.8010975333763003
lvx2=2.27872868335684
lvy2=-0.17566635742336192
lvz2=-2.707845121163773
avx2=-0.7587646229614362
avy2=-5.234452726122889
avz2=-3.391636553241558
shx2=1.0
shy2=0.7
shz2=0.7
req2=1.0
rhos2=0.1
rhof=1.0
ndiv=2
tend=100.0
dt=0.05
tprint=1
logevery=100
nbody=2
impulse_scheme=1
energy_projection=0
impulse_pair_metric_correction=0
