cex1=-4.0
cey1=0.0
cez1=0.0
oriw1=0.7430367236271415
orii1=-0.09726517721861085
orij1=-0.46372944804411464
orik1=0.4726424776284672
lvx1=-5.038545367475902
lvy1=0.3434086368283476
lvz1=2.4653326695447784
avx1=-3.825159566695341
avy1=4.570104871136029
avz1=1.9901541047103082
shx1=1.0
shy1=1.0
shz1=1.0
req1=1.0
rhos1=1.0
cex2=4.0
cey2=0.0
cez2=0.0
oriw2=0.6756855583940798
orii2=-0.41896172006359905
orij2=0.2025290705707842
orik2=0.571753512339684
lvx2=-5.038545367475902
lvy2=0.3434086368283476
lvz2=2.4653326695447784
avx2=0.4895002120708169
avy2=-6.146072803947105
avz2=-1.2102050385458794
shx2=1.0
shy2=1.0
shz2=1.0
req2=1.0
rhos2=1.0
rhof=1.0
ndiv=2
tend=100.0
dt=0.05
tprint=1
logevery=100
nbody=2
impulse_scheme=1
energy_projection=0
impulse_pair_metric_correction=0
