cex1=-1.5
cey1=0.0
cez1=0.0
oriw1=-0.1148670402285097
orii1=0.40854357821401616
orij1=0.9034247125959489
orik1=0.06100406904590218
lvx1=1.6749528571010475
lvy1=1.0409693084337235
lvz1=0.17353232065625462
avx1=-4.451182804810078
avy1=-0.20722599566944688
avz1=-4.4297230871962325
shx1=1.0
shy1=0.7
shz1=0.7
req1=1.0
rhos1=0.03
cex2=1.5
cey2=0.0
cez2=0.0
oriw2=-0.7459622977813778
orii2=-0.519735265685025
orij2=-0.3011947279626244
orik2=-0.2875712776679273
lvx2=1.612371464898396
lvy2=1.00207549223715
lvz2=0.16704861923577327
avx2=-5.178605575794123
avy2=-1.652922601212065
avz2=-3.1509218919411177
shx2=1.0
shy2=0.7
shz2=0.7
req2=1.0
rhos2=0.03
rhof=1.0
ndiv=2
tend=100.0
dt=0.05
tprint=1
logevery=100
nbody=2
impulse_scheme=1
energy_projection=0
impulse_pair_metric_correction=0
