cex1=-4.0
cey1=0.0
cez1=0.0
oriw1=0.2054955005273638
orii1=-0.3556292807603547
orij1=-0.8402436624719036
orik1=-0.3539632771979075
lvx1=2.6696273238601553
lvy1=-4.89892782328125
lvz1=0.6745523310919872
avx1=5.636990350153678
avy1=0.07124286175247263
avz1=2.774469652254474
shx1=1.0001
shy1=1.0001
shz1=0.9998000299960006
req1=1.0
rhos1=1.0
cex2=4.0
cey2=0.0
cez2=0.0
oriw2=0.326320072814654
orii2=-0.5453674444566776
orij2=-0.4373567685856164
orik2=-0.6362457210680312
lvx2=4.048063056436114
lvy2=-7.428440876495405
lvz2=1.0228507727355638
avx2=-5.698945190712255
avy2=-1.2757448156455304
avz2=2.3179552374816583
shx2=2.0
shy2=2.0
shz2=0.25
req2=1.0
rhos2=1.0
rhof=1.0
ndiv=2
tend=100.0
dt=0.05
tprint=1
logevery=100
nbody=2
impulse_scheme=1
energy_projection=0
impulse_pair_metric_correction=0
