cex1=-1.5
cey1=0.0
cez1=0.0
oriw1=0.6370790530715933
orii1=0.4172230929172232
orij1=-0.5236380423853799
orik1=0.3819140890839132
lvx1=-1.793793461825122
lvy1=0.1727780954202574
lvz1=-0.5950894220103516
avx1=-5.55075077060929
avy1=-1.7583124915119948
avz1=2.3613387451042867
shx1=1.0
shy1=0.8
shz1=0.6
req1=1.0
rhos1=1.0
cex2=1.5
cey2=0.0
cez2=0.0
oriw2=-0.4323655288032728
orii2=-0.4121104957885877
orij2=-0.6124666061127705
orik2=0.5177930524449467
lvx2=-1.9009393491114501
lvy2=0.18309838185870253
lvz2=-0.6306349769992367
avx2=3.379371137319098
avy2=-5.292402005671387
avz2=0.2207925066154746
shx2=1.0
shy2=0.8
shz2=0.6
req2=1.0
rhos2=1.0
rhof=1.0
ndiv=2
tend=100.0
dt=0.05
tprint=1
logevery=100
nbody=2
impulse_scheme=1
energy_projection=0
impulse_pair_metric_correction=0
