cex1=-4.0
cey1=0.0
cez1=0.0
oriw1=0.5647784980633568
orii1=-0.4728875331300138
orij1=0.4800346278155149
orik1=0.47641304057879125
lvx1=0.3816832568058642
lvy1=-2.8946482126037427
lvz1=1.3976432094073905
avx1=-4.927306314479549
avy1=-1.917743632263052
avz1=3.3944556925318556
shx1=1.0
shy1=0.8
shz1=0.6
req1=1.0
rhos1=0.03
cex2=4.0
cey2=0.0
cez2=0.0
oriw2=-0.492879159651445
orii2=0.27067069438707025
orij2=0.8143994298230589
orik2=0.14339134522412095
lvx2=0.3504510284997295
lvy2=-2.657786070421886
lvz2=1.283277407323143
avx2=6.031021095460076
avy2=-1.7431907984424246
avz2=0.25785265307659627
shx2=1.0
shy2=0.8
shz2=0.6
req2=1.0
rhos2=0.03
rhof=1.0
ndiv=2
tend=100.0
dt=0.05
tprint=1
logevery=100
nbody=2
impulse_scheme=1
energy_projection=0
impulse_pair_metric_correction=0
