cex1=-1.5
cey1=0.0
cez1=0.0
oriw1=0.5455998196260348
orii1=-0.30508260301036105
orij1=-0.5578552031829445
orik1=-0.5459331593209708
lvx1=4.986568671958423
lvy1=1.225759584289828
lvz1=-8.880394302933832
avx1=0.4819296347316259
avy1=-0.5513517364837982
avz1=6.240366391022339
shx1=1.0
shy1=0.8
shz1=0.6
req1=1.0
rhos1=0.3
cex2=1.5
cey2=0.0
cez2=0.0
oriw2=-0.7696381899405054
orii2=0.3038286262766621
orij2=0.09327701404623255
orik2=0.5537550190206477
lvx2=4.748799407651703
lvy2=1.1673129902997683
lvz2=-8.456959881577932
avx2=0.23208243633793038
avy2=-4.707373963394336
avz2=-4.155139674650899
shx2=1.0
shy2=0.8
shz2=0.6
req2=1.0
rhos2=0.3
rhof=1.0
ndiv=2
tend=100.0
dt=0.05
tprint=1
logevery=100
nbody=2
impulse_scheme=1
energy_projection=0
impulse_pair_metric_correction=0
