cex1=-1.5
cey1=0.0
cez1=0.0
oriw1=0.891954222984797
orii1=-0.2788580805322736
orij1=0.3350351666800733
orik1=0.12003029663005316
lvx1=-0.8331185819070501
lvy1=-0.6378920186893714
lvz1=-0.20095482531013265
avx1=6.231751440647344
avy1=-0.6071230649996477
avz1=0.5244932509504954
shx1=1.0
shy1=0.7
shz1=0.7
req1=1.0
rhos1=10.0
cex2=1.5
cey2=0.0
cez2=0.0
oriw2=-0.42316297458892965
orii2=-0.3447501847286478
orij2=-0.11660408031771102
orik2=-0.8297492967878146
lvx2=-0.9655634037869227
lvy2=-0.7393007456445602
lvz2=-0.23290156929365702
avx2=-3.5463744064952887
avy2=2.142007633082896
avz2=4.7237114087470715
shx2=1.0
shy2=0.7
shz2=0.7
req2=1.0
rhos2=10.0
rhof=1.0
ndiv=2
tend=100.0
dt=0.05
tprint=1
logevery=100
nbody=2
impulse_scheme=1
energy_projection=0
impulse_pair_metric_correction=0
