cex1=-4.0
cey1=0.0
cez1=0.0
oriw1=-0.9523782953009519
orii1=-0.18783401056142818
orij1=0.08288688133702936
orik1=0.22544119414668556
lvx1=-15.748230055043406
lvy1=-1.2797900526786548
lvz1=-1.8926063817832262
avx1=0.7328075026528413
avy1=6.216259977856231
avz1=-0.5472866306753654
shx1=4.0
shy1=0.5
shz1=0.5
req1=1.0
rhos1=1.0
cex2=4.0
cey2=0.0
cez2=0.0
oriw2=0.07239755122551929
orii2=0.9350588678034633
orij2=-0.3460530214172746
orik2=-0.02590009047530637
lvx2=-14.93180235583934
lvy2=-1.2134425301621121
lvz2=-1.7944889255117917
avx2=2.1439601229960754
avy2=0.5030557883699847
avz2=5.8846229674591335
shx2=4.0
shy2=0.5
shz2=0.5
req2=1.0
rhos2=1.0
rhof=1.0
ndiv=2
tend=100.0
dt=0.05
tprint=1
logevery=100
nbody=2
impulse_scheme=1
energy_projection=0
impulse_pair_metric_correction=0
