cex1=-2.5
cey1=0.0
cez1=0.0
oriw1=-0.7608596277609003
orii1=-0.32773323825221823
orij1=0.0770871128407042
orik1=-0.5547442008909544
lvx1=-1.2299577899568328
lvy1=-2.892376865148132
lvz1=0.9032248527064242
avx1=-4.0618202655793345
avy1=-4.231711783666562
avz1=-2.2522542295362733
shx1=1.0
shy1=0.8
shz1=0.6
req1=1.0
rhos1=4.0
cex2=2.5
cey2=0.0
cez2=0.0
oriw2=0.05928634061595902
orii2=0.6460922570980517
orij2=-0.0952968842874657
orik2=0.754962534818394
lvx2=-1.2617840879992228
lvy2=-2.967219797899791
lvz2=0.9265966331010486
avx2=2.459605213425565
avy2=-5.708267464925695
avz2=0.9189354424104027
shx2=1.0
shy2=0.8
shz2=0.6
req2=1.0
rhos2=4.0
rhof=1.0
ndiv=2
tend=100.0
dt=0.05
tprint=1
logevery=100
nbody=2
impulse_scheme=1
energy_projection=0
impulse_pair_metric_correction=0
