cex1=-1.5
cey1=0.0
cez1=0.0
oriw1=1.0
orii1=2.0
orij1=0.0
orik1=0.0
lvx1=1.0270930752251108
lvy1=0.18900472130041387
lvz1=-0.22097215921305505
avx1=2.0605162888248856
avy1=-1.0969799199890102
avz1=-5.833465975128822
shx1=1.0
shy1=0.7
shz1=0.7
req1=1.0
rhos1=0.1
cex2=1.5
cey2=0.0
cez2=0.0
oriw2=1.0
orii2=0.0
orij2=1.0
orik2=0.0
lvx2=1.0465224502324657
lvy2=0.19258009698630435
lvz2=-0.2251522584183723
avx2=0.053897332840833596
avy2=5.527473352671946
avz2=-2.987063945979668
shx2=1.0
shy2=0.7
shz2=0.7
req2=1.0
rhos2=0.1
rhof=1.0
ndiv=2
tend=100.0
dt=0.05
tprint=1
logevery=100
nbody=2
impulse_scheme=1
energy_projection=1
