cex1=-4.0
cey1=0.0
cez1=0.0
oriw1=0.008863804715173847
orii1=-0.2529359346189143
orij1=0.42624713697832417
orik1=-0.8684804109260089
lvx1=-0.8381064817298719
lvy1=5.525645580897022
lvz1=0.5928824793076701
avx1=-2.7712988157142053
avy1=-3.727149843509232
avz1=4.231627880899688
shx1=1.0006000899999998
shy1=0.9997000899730081
shz1=0.9997000899730081
req1=1.0
rhos1=1.0
cex2=4.0
cey2=0.0
cez2=0.0
oriw2=-0.5876424318943799
orii2=-0.6440371188371891
orij2=0.030708237251812643
orik2=0.4888246781434402
lvx2=-0.8381643343900467
lvy2=5.526027004144553
lvz2=0.5929234046904786
avx2=-1.2744570481569106
avy2=-6.025317399708965
avz2=1.2448803434567521
shx2=1.0006000899999998
shy2=0.9997000899730081
shz2=0.9997000899730081
req2=1.0
rhos2=1.0
rhof=1.0
ndiv=2
tend=100.0
dt=0.05
tprint=1
logevery=100
nbody=2
impulse_scheme=1
energy_projection=0
impulse_pair_metric_correction=0
