cex1=-4.0
cey1=0.0
cez1=0.0
oriw1=0.4535690558241673
orii1=-0.861258057970297
orij1=-0.11627798360618428
orik1=-0.19745657676685757
lvx1=-0.1533562461160579
lvy1=1.179602285855091
lvz1=0.10983486416059514
avx1=4.437000648382207
avy1=1.099781551081969
avz1=4.310675514407579
shx1=1.0
shy1=0.7
shz1=0.7
req1=1.0
rhos1=0.1
cex2=4.0
cey2=0.0
cez2=0.0
oriw2=0.6126849866355863
orii2=0.6344580002789193
orij2=0.46777624277338037
orik2=0.057144901174520625
lvx2=-0.167269589633142
lvy2=1.2866224577248366
lvz2=0.11979970246305421
avx2=1.2423706401506742
avy2=1.614953323192422
avz2=-5.943640177598135
shx2=1.0
shy2=0.7
shz2=0.7
req2=1.0
rhos2=0.1
rhof=1.0
ndiv=2
tend=100.0
dt=0.05
tprint=1
logevery=100
nbody=2
impulse_scheme=1
energy_projection=0
impulse_pair_metric_correction=0
