cex1=-4.0
cey1=0.0
cez1=0.0
oriw1=1.0
orii1=2.0
orij1=0.0
orik1=0.0
lvx1=0.17422685888775286
lvy1=-1.1773969032812992
lvz1=-0.45560172577480007
avx1=2.544116470041848
avy1=5.356723920334825
avz1=2.076390578030044
shx1=1.0
shy1=0.7
shz1=0.7
req1=1.0
rhos1=0.1
cex2=4.0
cey2=0.0
cez2=0.0
oriw2=1.0
orii2=0.0
orij2=1.0
orik2=0.0
lvx2=0.17627392577807754
lvy2=-1.1912306498853793
lvz2=-0.4609547879488088
avx2=-1.974655202799296
avy2=-2.3622116881422794
avz2=5.477144363153038
shx2=1.0
shy2=0.7
shz2=0.7
req2=1.0
rhos2=0.1
rhof=1.0
ndiv=2
tend=100.0
dt=0.05
tprint=1
logevery=100
nbody=2
impulse_scheme=1
energy_projection=0
impulse_pair_metric_correction=0
