cex1=-4.0
cey1=0.0
cez1=0.0
oriw1=-0.5225307203659334
orii1=-0.46159666639816316
orij1=-0.7156525203015557
orik1=0.04161290701204307
lvx1=-4.6031653312537415
lvy1=2.1015607934555307
lvz1=-2.4556170488546645
avx1=-0.9584641467932192
avy1=1.8254804885893468
avz1=5.935266217234824
shx1=1.001
shy1=1.001
shz1=0.9980029960049943
req1=1.0
rhos1=1.0
cex2=4.0
cey2=0.0
cez2=0.0
oriw2=-0.5548796566568186
orii2=0.40316779821097964
orij2=-0.1990156994537544
orik2=0.699969316816855
lvx2=-4.6024953077338475
lvy2=2.101254896304598
lvz2=-2.455259616292463
avx2=2.642522416551877
avy2=-1.05400187870332
avz2=-5.602193581274047
shx2=1.001
shy2=1.001
shz2=0.9980029960049943
req2=1.0
rhos2=1.0
rhof=1.0
ndiv=2
tend=100.0
dt=0.05
tprint=1
logevery=100
nbody=2
impulse_scheme=1
energy_projection=0
impulse_pair_metric_correction=0
