cex1=-4.0
cey1=0.0
cez1=0.0
oriw1=-0.46088945229513256
orii1=-0.49365113427014484
orij1=-0.08764195645298031
orik1=-0.7322624924615395
lvx1=5.321317122720473
lvy1=-0.41217015569930815
lvz1=-1.759668697703823
avx1=5.550209281613529
avy1=-0.017809173285135326
avz1=2.9450428465466127
shx1=1.0
shy1=1.0
shz1=1.0
req1=1.0
rhos1=1.0
cex2=4.0
cey2=0.0
cez2=0.0
oriw2=-0.41379390189400717
orii2=-0.1532277184177381
orij2=-0.8761162001817889
orik2=0.19420678886910883
lvx2=13.383052933100076
lvy2=-1.036603322815666
lvz2=-4.425547055923245
avx2=3.003796418637467
avy2=-5.1687565533473165
avz2=-1.9337994652929589
shx2=4.0
shy2=0.5
shz2=0.5
req2=1.0
rhos2=1.0
rhof=1.0
ndiv=2
tend=100.0
dt=0.05
tprint=1
logevery=100
nbody=2
impulse_scheme=1
energy_projection=0
impulse_pair_metric_correction=0
