cex1=-4.0
cey1=0.0
cez1=0.0
oriw1=-0.3705286690543435
orii1=0.3967315096700784
orij1=-0.534868359056224
orik1=0.6474785348752647
lvx1=4.0560835511351225
lvy1=3.548173222993305
lvz1=1.6042217011100006
avx1=-0.6616873514888426
avy1=3.538633987727905
avz1=5.149626875234167
shx1=1.001
shy1=1.001
shz1=0.9980029960049943
req1=1.0
rhos1=1.0
cex2=4.0
cey2=0.0
cez2=0.0
oriw2=0.47816817276632534
orii2=0.23752422012932517
orij2=0.051139125723426535
orik2=-0.8439918442885056
lvx2=4.054021287795181
lvy2=3.5463692001053904
lvz2=1.6034060552877119
avx2=-1.4209893695711997
avy2=5.317203794369723
avz2=-3.030932302949588
shx2=1.0
shy2=1.0
shz2=1.0
req2=1.0
rhos2=1.0
rhof=1.0
ndiv=2
tend=100.0
dt=0.05
tprint=1
logevery=100
nbody=2
impulse_scheme=1
energy_projection=0
impulse_pair_metric_correction=0
