cex1=-1.5
cey1=0.0
cez1=0.0
oriw1=-0.1410711172088919
orii1=0.6920436141534814
orij1=-0.6966619850435617
orik1=-0.12584377058077556
lvx1=-2.847904307234438
lvy1=1.6448982959729799
lvz1=-1.3343851083386853
avx1=-0.4488670662772503
avy1=-0.5226753716597533
avz1=6.245297944616367
shx1=1.0
shy1=0.7
shz1=0.7
req1=1.0
rhos1=0.03
cex2=1.5
cey2=0.0
cez2=0.0
oriw2=0.27856477931715834
orii2=-0.20893057116776573
orij2=0.5125065545342598
orik2=-0.7849119133475526
lvx2=-2.5273912530407188
lvy2=1.4597757216852532
lvz2=-1.1842087679827937
avx2=4.965790912895545
avy2=-0.6623380391932981
avz2=3.7921822919789916
shx2=1.0
shy2=0.7
shz2=0.7
req2=1.0
rhos2=0.03
rhof=1.0
ndiv=2
tend=100.0
dt=0.05
tprint=1
logevery=100
nbody=2
impulse_scheme=1
energy_projection=0
impulse_pair_metric_correction=0
