cex1=-4.0
cey1=0.0
cez1=0.0
oriw1=-0.7780168249020792
orii1=-0.16675407385778393
orij1=-0.00627042146197667
orik1=0.60567613527017
lvx1=-0.3356179181078169
lvy1=1.18309993073466
lvz1=0.1826063423086665
avx1=2.5632498116831517
avy1=5.484391314725526
avz1=1.6821474115626525
shx1=1.0
shy1=0.8
shz1=0.6
req1=1.0
rhos1=0.03
cex2=4.0
cey2=0.0
cez2=0.0
oriw2=-0.22159536637251617
orii2=-0.43865762383290685
orij2=0.6664835840913843
orik2=-0.560602011049016
lvx2=-0.3419240780816849
lvy2=1.2053300234256232
lvz2=0.18603746068677238
avx2=3.004638797216332
avy2=-4.17140610882521
avz2=-3.6124692909249134
shx2=1.0
shy2=0.8
shz2=0.6
req2=1.0
rhos2=0.03
rhof=1.0
ndiv=2
tend=100.0
dt=0.05
tprint=1
logevery=100
nbody=2
impulse_scheme=1
energy_projection=0
impulse_pair_metric_correction=0
