cex1=-4.0
cey1=0.0
cez1=0.0
oriw1=0.259331553549003
orii1=0.937275928189316
orij1=-0.1396236364834123
orik1=-0.18645701892357014
lvx1=-5.1534902163470235
lvy1=0.047236418322523455
lvz1=-2.3068161372066425
avx1=1.127765861231455
avy1=-5.963049368264956
avz1=-1.6274532245914834
shx1=1.0201
shy1=0.9900990099009901
shz1=0.9900990099009901
req1=1.0
rhos1=1.0
cex2=4.0
cey2=0.0
cez2=0.0
oriw2=0.10558210200193685
orii2=-0.600915935722478
orij2=-0.7917847334200349
orik2=-0.02879919885336421
lvx2=-5.1149937226872195
lvy2=0.04688356299494434
lvz2=-2.2895842556909622
avx2=-4.576387721206069
avy2=4.003254019135385
avz2=1.5839981969144248
shx2=1.0201
shy2=0.9900990099009901
shz2=0.9900990099009901
req2=1.0
rhos2=1.0
rhof=1.0
ndiv=2
tend=100.0
dt=0.05
tprint=1
logevery=100
nbody=2
impulse_scheme=1
energy_projection=0
impulse_pair_metric_correction=0
