cex1=-4.0
cey1=0.0
cez1=0.0
oriw1=-0.691732095000014
orii1=0.09989021582660614
orij1=0.05550580285352985
orik1=-0.7130552288417713
lvx1=3.2188675648464686
lvy1=-9.063532319035795
lvz1=-3.329350283825332
avx1=-0.2584170685375307
avy1=2.0652290127045387
avz1=5.928445609780808
shx1=1.0
shy1=0.8
shz1=0.6
req1=1.0
rhos1=0.3
cex2=4.0
cey2=0.0
cez2=0.0
oriw2=0.22228658219016065
orii2=0.5474863891212849
orij2=-0.550182027507294
orik2=-0.5900398848494203
lvx2=2.9681937554126785
lvy2=-8.357697074942008
lvz2=-3.0700724782702054
avx2=-3.5447785551980555
avy2=-3.106115914806131
avz2=4.155118111769326
shx2=1.0
shy2=0.8
shz2=0.6
req2=1.0
rhos2=0.3
rhof=1.0
ndiv=2
tend=100.0
dt=0.05
tprint=1
logevery=100
nbody=2
impulse_scheme=1
energy_projection=0
impulse_pair_metric_correction=0
