cex1=-4.0
cey1=0.0
cez1=0.0
oriw1=-0.15547395591315086
orii1=-0.37521226833644816
orij1=-0.7860748951004762
orik1=0.4659719541080861
lvx1=3.7491777908759785
lvy1=-2.964253024347668
lvz1=2.941738578149667
avx1=-4.151783084081262
avy1=-3.384789208702478
avz1=3.283948361309198
shx1=1.0201
shy1=0.9900990099009901
shz1=0.9900990099009901
req1=1.0
rhos1=1.0
cex2=4.0
cey2=0.0
cez2=0.0
oriw2=-0.8374245804887932
orii2=0.3600576892873103
orij2=0.3866631446744881
orik2=-0.13989333411098406
lvx2=3.75427953416392
lvy2=-2.9682866708734554
lvz2=2.94574158784488
avx2=6.238374692097122
avy2=0.07614347022749918
avz2=-0.7451851966466375
shx2=1.0
shy2=1.0
shz2=1.0
req2=1.0
rhos2=1.0
rhof=1.0
ndiv=2
tend=100.0
dt=0.05
tprint=1
logevery=100
nbody=2
impulse_scheme=1
energy_projection=0
impulse_pair_metric_correction=0
