cex1=-4.0
cey1=0.0
cez1=0.0
oriw1=0.14480501097835255
orii1=0.75490433179216
orij1=0.47463806970310457
orik1=-0.42880025819197265
lvx1=0.6441830152475593
lvy1=-4.960227302259283
lvz1=2.5617439339655097
avx1=-5.323362552488016
avy1=0.003218909420082749
avz1=-3.3376965676567814
shx1=1.0001
shy1=1.0
shz1=0.9999000099990001
req1=1.0
rhos1=1.0
cex2=4.0
cey2=0.0
cez2=0.0
oriw2=0.47358022437405933
orii2=0.20440359712006373
orij2=-0.19379385758186563
orik2=-0.834496783295019
lvx2=0.6441685844041484
lvy2=-4.960116184359886
lvz2=2.5616865463525254
avx2=-5.950805595015811
avy2=-1.8815463140152293
avz2=-0.7253370546867574
shx2=1.0001
shy2=1.0
shz2=0.9999000099990001
req2=1.0
rhos2=1.0
rhof=1.0
ndiv=2
tend=100.0
dt=0.05
tprint=1
logevery=100
nbody=2
impulse_scheme=1
energy_projection=0
impulse_pair_metric_correction=0
