cex1=-4.0
cey1=0.0
cez1=0.0
oriw1=-0.2269094523869754
orii1=-0.49911249070939223
orij1=0.7690279798113062
orik1=-0.3286256050624343
lvx1=4.899182822540344
lvy1=1.7901916102720432
lvz1=2.098770550249735
avx1=-0.04821706435861154
avy1=1.8428266342097466
avz1=6.006669852364889
shx1=1.001
shy1=1.0
shz1=0.9990009990009991
req1=1.0
rhos1=1.0
cex2=4.0
cey2=0.0
cez2=0.0
oriw2=0.3762383849031936
orii2=0.38015797034627663
orij2=-0.6056023545908775
orik2=-0.5892116626659903
lvx2=5.183895709634812
lvy2=1.8942274546720206
lvz2=2.2207392630647034
avx2=5.153298036068431
avy2=3.5258847508930917
avz2=-0.7000526260433895
shx2=2.0
shy2=1.0
shz2=0.5
req2=1.0
rhos2=1.0
rhof=1.0
ndiv=2
tend=100.0
dt=0.05
tprint=1
logevery=100
nbody=2
impulse_scheme=1
energy_projection=0
impulse_pair_metric_correction=0
