cex1=-4.0
cey1=0.0
cez1=0.0
oriw1=0.016289384345631493
orii1=0.37290310201623855
orij1=0.477883289948287
orik1=-0.7951763915336699
lvx1=-0.9963163476866017
lvy1=0.27136262154790436
lvz1=-0.8007222137186178
avx1=0.9447419756035228
avy1=2.1915431359729047
avz1=5.812316137914405
shx1=1.0
shy1=0.7
shz1=0.7
req1=1.0
rhos1=10.0
cex2=4.0
cey2=0.0
cez2=0.0
oriw2=-0.17036027164566747
orii2=0.3972973540277635
orij2=-0.7588436380251758
orik2=-0.48712269846114575
lvx2=-0.9787180733788732
lvy2=0.26656945132445786
lvz2=-0.7865787850836955
avx2=-2.2135584700902893
avy2=4.718885861989552
avz2=3.5086596764810496
shx2=1.0
shy2=0.7
shz2=0.7
req2=1.0
rhos2=10.0
rhof=1.0
ndiv=2
tend=100.0
dt=0.05
tprint=1
logevery=100
nbody=2
impulse_scheme=1
energy_projection=0
impulse_pair_metric_correction=0
