cex1=-4.0
cey1=0.0
cez1=0.0
oriw1=0.6962121246643013
orii1=0.6068964138524592
orij1=0.3795676401968717
orik1=-0.05379430117421399
lvx1=1.5395435208881043
lvy1=1.3146716610024227
lvz1=5.242355078620335
avx1=-3.4005439622165468
avy1=-4.75845308718373
avz1=2.296049342340372
shx1=1.0001
shy1=1.0001
shz1=0.9998000299960006
req1=1.0
rhos1=1.0
cex2=4.0
cey2=0.0
cez2=0.0
oriw2=-0.6694365435646702
orii2=0.5073861906531717
orij2=0.5421581219428586
orik2=-0.021875522531890144
lvx2=2.7176481668561268
lvy2=2.3206976490537348
lvz2=9.253961629615366
avx2=4.079337802643258
avy2=-1.0432888243033815
avz2=-4.663579003873181
shx2=2.0
shy2=2.0
shz2=0.25
req2=1.0
rhos2=1.0
rhof=1.0
ndiv=2
tend=100.0
dt=0.05
tprint=1
logevery=100
nbody=2
impulse_scheme=1
energy_projection=0
impulse_pair_metric_correction=0
