cex1=-4.0
cey1=0.0
cez1=0.0
oriw1=0.6473175703938603
orii1=0.5316489750248237
orij1=0.48087155755865296
orik1=-0.25902099441079945
lvx1=1.7352228590299534
lvy1=-3.7747462869629316
lvz1=3.4739419642401543
avx1=-5.81110389591575
avy1=2.3703880234414987
avz1=-0.3012469643919012
shx1=1.1
shy1=1.0
shz1=0.9090909090909091
req1=1.0
rhos1=1.0
cex2=4.0
cey2=0.0
cez2=0.0
oriw2=0.4618655510855314
orii2=-0.5646601483390816
orij2=0.5146844468051726
orik2=-0.45048756899053094
lvx2=1.8006903675006083
lvy2=-3.917162134720072
lvz2=3.605008889613416
avx2=-1.735944194691118
avy2=0.45738452993844647
avz2=-6.021271854770271
shx2=1.0
shy2=1.0
shz2=1.0
req2=1.0
rhos2=1.0
rhof=1.0
ndiv=2
tend=100.0
dt=0.05
tprint=1
logevery=100
nbody=2
impulse_scheme=1
energy_projection=0
impulse_pair_metric_correction=0
