cex1=-1.5
cey1=0.0
cez1=0.0
oriw1=-0.2516553096478993
orii1=-0.8544764308996852
orij1=-0.19167999041299838
orik1=-0.41206603286151633
lvx1=-1.1211104012679498
lvy1=0.10509343585498579
lvz1=0.5043703933916718
avx1=-2.7604016204973463
avy1=5.522303048848562
avz1=1.1673772032170848
shx1=1.0
shy1=0.8
shz1=0.6
req1=1.0
rhos1=0.03
cex2=1.5
cey2=0.0
cez2=0.0
oriw2=0.11282708538510479
orii2=0.9841192070775234
orij2=0.12204849754770582
orik2=0.06231853103978424
lvx2=-1.0272489624819745
lvy2=0.09629481880072034
lvz2=0.4621435701000056
avx2=-5.431541284307294
avy2=-3.1449590515865595
avz2=0.29327366923517284
shx2=1.0
shy2=0.8
shz2=0.6
req2=1.0
rhos2=0.03
rhof=1.0
ndiv=2
tend=100.0
dt=0.05
tprint=1
logevery=100
nbody=2
impulse_scheme=1
energy_projection=0
impulse_pair_metric_correction=0
