cex1=-5.5
cey1=0.0
cez1=0.0
oriw1=0.4794117368412246
orii1=-0.0015254691147285693
orij1=-0.44285551419373764
orik1=-0.7576549696735716
lvx1=-0.6046693430672447
lvy1=0.4857872783945824
lvz1=-0.11720873678663489
avx1=-2.245563387702048
avy1=-4.196660208936767
avz1=-4.101695474666099
shx1=1.0
shy1=0.8
shz1=0.6
req1=1.0
rhos1=10.0
cex2=5.5
cey2=0.0
cez2=0.0
oriw2=-0.14460619655246837
orii2=-0.24540793300446043
orij2=-0.6399113313661983
orik2=-0.7137068602208099
lvx2=-0.6257465684504082
lvy2=0.5027205793339977
lvz2=-0.12129433330389218
avx2=1.1423543569911154
avy2=3.4381047491126453
avz2=-5.133505611329349
shx2=1.0
shy2=0.8
shz2=0.6
req2=1.0
rhos2=10.0
rhof=1.0
ndiv=2
tend=100.0
dt=0.05
tprint=1
logevery=100
nbody=2
impulse_scheme=1
energy_projection=0
impulse_pair_metric_correction=0
