cex1=-1.5
cey1=0.0
cez1=0.0
oriw1=1.0
orii1=2.0
orij1=0.0
orik1=0.0
lvx1=-0.2319628803101053
lvy1=0.07453818468746577
lvz1=0.6915159104603557
avx1=-4.137895449163348
avy1=-3.9434452790773826
avz1=2.608731145034497
shx1=1.0
shy1=0.8
shz1=0.6
req1=1.0
rhos1=0.03
cex2=1.5
cey2=0.0
cez2=0.0
oriw2=1.0
orii2=0.0
orij2=1.0
orik2=0.0
lvx2=-0.25130833970228367
lvy2=0.08075459061892482
lvz2=0.7491876075309031
avx2=-3.2039935584693455
avy2=-0.7402544367244551
avz2=5.353957998579568
shx2=1.0
shy2=0.8
shz2=0.6
req2=1.0
rhos2=0.03
rhof=1.0
ndiv=2
tend=100.0
dt=0.05
tprint=1
logevery=100
nbody=2
impulse_scheme=1
energy_projection=0
impulse_pair_metric_correction=0
