cex1=-4.0
cey1=0.0
cez1=0.0
oriw1=-0.0549751388036187
orii1=-0.8753352927979811
orij1=0.47285822998611554
orik1=0.08468148339627499
lvx1=-4.89609999942418
lvy1=-2.7443948178032453
lvz1=0.28148883306303163
avx1=5.136391193129129
avy1=2.1427197402799822
avz1=2.916274203520211
shx1=1.0
shy1=1.0
shz1=1.0
req1=1.0
rhos1=1.0
cex2=4.0
cey2=0.0
cez2=0.0
oriw2=-0.588360408892234
orii2=0.5805032747300354
orij2=-0.5551256313040014
orik2=0.09318535692479903
lvx2=-6.410760718661664
lvy2=-3.5934026054494046
lvz2=0.3685704037815044
avx2=4.053188430613422
avy2=0.7485343641576927
avz2=4.742338817078972
shx2=2.0
shy2=1.0
shz2=0.5
req2=1.0
rhos2=1.0
rhof=1.0
ndiv=2
tend=100.0
dt=0.05
tprint=1
logevery=100
nbody=2
impulse_scheme=1
energy_projection=0
impulse_pair_metric_correction=0
