cex1=-4.0
cey1=0.0
cez1=0.0
oriw1=0.8710419449873961
orii1=0.2872221473108727
orij1=0.28798355705976414
orik1=-0.27541757211534473
lvx1=1.8125885923618974
lvy1=2.111665167389236
lvz1=-4.882430429525899
avx1=2.904504752244454
avy1=1.1448219158436534
avz1=-5.45267388806179
shx1=1.0
shy1=1.0
shz1=1.0
req1=1.0
rhos1=1.0
cex2=4.0
cey2=0.0
cez2=0.0
oriw2=-0.3281651272800292
orii2=0.887835292534618
orij2=-0.05920730806161935
orik2=0.3170972047170203
lvx2=4.889971549337701
lvy2=5.696815390857947
lvz2=-13.171740124929283
avx2=2.0605689289419855
avy2=-2.579555055049444
avz2=-5.345874017539617
shx2=4.0
shy2=0.5
shz2=0.5
req2=1.0
rhos2=1.0
rhof=1.0
ndiv=2
tend=100.0
dt=0.05
tprint=1
logevery=100
nbody=2
impulse_scheme=1
energy_projection=0
impulse_pair_metric_correction=0
