cex1=-4.0
cey1=0.0
cez1=0.0
oriw1=-0.8903484383302824
orii1=-0.05450947226591883
orij1=0.31775049508127534
orik1=0.32147005874843565
lvx1=0.46045987775405123
lvy1=0.8782002780915978
lvz1=5.533225371511225
avx1=2.4672501826103224
avy1=-1.5615562100894163
avz1=-5.563509355029247
shx1=1.0020009999999997
shy1=0.9990009990009991
shz1=0.9990009990009991
req1=1.0
rhos1=1.0
cex2=4.0
cey2=0.0
cez2=0.0
oriw2=0.6157922140898355
orii2=-0.07885182451907283
orij2=-0.18287238861177943
orik2=0.7623254084180678
lvx2=0.46024456035495376
lvy2=0.8777896195111203
lvz2=5.530637958897937
avx2=-4.288594701275846
avy2=4.496344256311176
avz2=-0.9323419014951888
shx2=1.0020009999999997
shy2=0.9990009990009991
shz2=0.9990009990009991
req2=1.0
rhos2=1.0
rhof=1.0
ndiv=2
tend=100.0
dt=0.05
tprint=1
logevery=100
nbody=2
impulse_scheme=1
energy_projection=0
impulse_pair_metric_correction=0
