cex1=-4.0
cey1=0.0
cez1=0.0
oriw1=0.08359966136633064
orii1=0.9565825482921609
orij1=-0.23535347389345937
orik1=0.15023204467952594
lvx1=2.9962682590930263
lvy1=-4.859381357007692
lvz1=0.8427538089796099
avx1=0.3062676173556427
avy1=1.6953008425786504
avz1=-6.042397934931864
shx1=1.03
shy1=1.03
shz1=0.9425959091337544
req1=1.0
rhos1=1.0
cex2=4.0
cey2=0.0
cez2=0.0
oriw2=-0.02884914107349003
orii2=0.16293075163820428
orij2=-0.3585573647750655
orik2=-0.9187262450782019
lvx2=5.56024849578144
lvy2=-9.017673166857625
lvz2=1.5639189129585442
avx2=-1.7780566538658567
avy2=2.058040628066867
avz2=5.664044571966831
shx2=2.0
shy2=2.0
shz2=0.25
req2=1.0
rhos2=1.0
rhof=1.0
ndiv=2
tend=100.0
dt=0.05
tprint=1
logevery=100
nbody=2
impulse_scheme=1
energy_projection=0
impulse_pair_metric_correction=0
