cex1=-5.5
cey1=0.0
cez1=0.0
oriw1=-0.06852247569459118
orii1=0.7571388221315019
orij1=-0.6037287832762546
orik1=-0.23991046369381086
lvx1=2.09833342647882
lvy1=-0.8652118503540572
lvz1=-2.849531478730322
avx1=-0.47354196563755657
avy1=-3.5762030801559117
avz1=5.144409309203625
shx1=1.0
shy1=0.8
shz1=0.6
req1=1.0
rhos1=10.0
cex2=5.5
cey2=0.0
cez2=0.0
oriw2=0.9421329406444592
orii2=0.08841046571757805
orij2=-0.2479451637107168
orik2=0.20758686735121457
lvx2=1.95422892828706
lvy2=-0.8057928285954129
lvz2=-2.6538379351579215
avx2=-2.2651709704292253
avy2=5.520760443050021
avz2=-1.9668813409904238
shx2=1.0
shy2=0.8
shz2=0.6
req2=1.0
rhos2=10.0
rhof=1.0
ndiv=2
tend=100.0
dt=0.05
tprint=1
logevery=100
nbody=2
impulse_scheme=1
energy_projection=0
impulse_pair_metric_correction=0
