cex1=-2.5
cey1=0.0
cez1=0.0
oriw1=-0.34971031980688044
orii1=-0.31816260466650803
orij1=0.47053015822366456
orik1=-0.7450346430968199
lvx1=3.992767766225208
lvy1=-5.324372247355352
lvz1=-5.714557467248644
avx1=-4.6436907441749735
avy1=-3.3705314178803967
avz1=-2.5600921541816177
shx1=1.0
shy1=0.7
shz1=0.7
req1=1.0
rhos1=4.0
cex2=2.5
cey2=0.0
cez2=0.0
oriw2=0.72435356057772
orii2=0.03775530814146391
orij2=0.5081226843253583
orik2=0.4644327654887353
lvx2=4.35749940839812
lvy2=-5.810743393141712
lvz2=-6.236571281062707
avx2=-1.910241278108703
avy2=4.462669735303479
avz2=3.9892323443707105
shx2=1.0
shy2=0.7
shz2=0.7
req2=1.0
rhos2=4.0
rhof=1.0
ndiv=2
tend=100.0
dt=0.05
tprint=1
logevery=100
nbody=2
impulse_scheme=1
energy_projection=0
impulse_pair_metric_correction=0
