cex1=-4.0
cey1=0.0
cez1=0.0
oriw1=-0.3569995734146215
orii1=-0.02548592644825348
orij1=-0.709992309349399
orik1=0.6064756324862194
lvx1=1.0921257766632861
lvy1=0.3060331232483095
lvz1=-1.5196813465730714
avx1=-5.598400360177177
avy1=1.4606978512235518
avz1=2.450039346409847
shx1=1.0
shy1=0.8
shz1=0.6
req1=1.0
rhos1=0.3
cex2=4.0
cey2=0.0
cez2=0.0
oriw2=0.05336948326802285
orii2=-0.8002401714631096
orij2=-0.5205435310249084
orik2=0.29291944035949147
lvx2=1.1546677746067804
lvy2=0.32355850665544245
lvz2=-1.6067078683190577
avx2=4.902453655724576
avy2=-0.5359738574020594
avz2=-3.8932117566363798
shx2=1.0
shy2=0.8
shz2=0.6
req2=1.0
rhos2=0.3
rhof=1.0
ndiv=2
tend=100.0
dt=0.05
tprint=1
logevery=100
nbody=2
impulse_scheme=1
energy_projection=0
impulse_pair_metric_correction=0
