cex1=-5.5
cey1=0.0
cez1=0.0
oriw1=-0.3275525657083622
orii1=0.8332294564878797
orij1=0.43321922089948384
orik1=-0.10372606317616559
lvx1=5.495458139309877
lvy1=1.447839993007026
lvz1=-0.4023850637088335
avx1=2.5609313774285134
avy1=3.6293288521052944
avz1=4.443874454542521
shx1=1.0
shy1=0.7
shz1=0.7
req1=1.0
rhos1=4.0
cex2=5.5
cey2=0.0
cez2=0.0
oriw2=0.8575255344420536
orii2=-0.12142246717286012
orij2=0.22235606017791867
orik2=-0.44773242539230934
lvx2=4.992551748495505
lvy2=1.315343672063108
lvz2=-0.3655615605581329
avx2=5.055398941768253
avy2=-0.7953557924745501
avz2=3.645376291592275
shx2=1.0
shy2=0.7
shz2=0.7
req2=1.0
rhos2=4.0
rhof=1.0
ndiv=2
tend=100.0
dt=0.05
tprint=1
logevery=100
nbody=2
impulse_scheme=1
energy_projection=0
impulse_pair_metric_correction=0
