cex1=-4.0
cey1=0.0
cez1=0.0
oriw1=-0.31822578525702483
orii1=-0.7082399473192083
orij1=0.5099842689834532
orik1=-0.37019531602688865
lvx1=3.3529915658719553
lvy1=-4.4922566474171814
lvz1=6.687259283524374
avx1=4.53390911361945
avy1=-4.187424281192193
avz1=-1.177948913611272
shx1=1.0
shy1=0.8
shz1=0.6
req1=1.0
rhos1=0.03
cex2=4.0
cey2=0.0
cez2=0.0
oriw2=-0.7056494359231912
orii2=0.579737530481444
orij2=0.23676865209551973
orik2=0.3315175330467902
lvx2=3.152491438948311
lvy2=-4.223631448013644
lvz2=6.287378666834162
avx2=-5.894084108752322
avy2=2.1108670148359607
avz2=0.5314419714214267
shx2=1.0
shy2=0.8
shz2=0.6
req2=1.0
rhos2=0.03
rhof=1.0
ndiv=2
tend=100.0
dt=0.05
tprint=1
logevery=100
nbody=2
impulse_scheme=1
energy_projection=0
impulse_pair_metric_correction=0
