cex1=-4.0
cey1=0.0
cez1=0.0
oriw1=0.4899344640333032
orii1=-0.05153551620987049
orij1=-0.8698637625630252
orik1=-0.025403663142921813
lvx1=-1.0664610583135812
lvy1=1.4007068520340826
lvz1=5.4075126147655075
avx1=2.0837663730117044
avy1=1.4265314374823181
avz1=5.753376692424868
shx1=1.0609
shy1=0.970873786407767
shz1=0.970873786407767
req1=1.0
rhos1=1.0
cex2=4.0
cey2=0.0
cez2=0.0
oriw2=0.06941103696501852
orii2=0.24898933893597364
orij2=0.8587572578972584
orik2=0.44240523171912116
lvx2=-2.868817474175387
lvy2=3.767950326912936
lvz2=14.546397695565597
avx2=-1.893366244874492
avy2=-2.581500241241571
avz2=5.406425655791172
shx2=4.0
shy2=0.5
shz2=0.5
req2=1.0
rhos2=1.0
rhof=1.0
ndiv=2
tend=100.0
dt=0.05
tprint=1
logevery=100
nbody=2
impulse_scheme=1
energy_projection=0
impulse_pair_metric_correction=0
