cex1=-1.5
cey1=0.0
cez1=0.0
oriw1=0.7939972547933793
orii1=-0.4758728898959357
orij1=0.09414511528837394
orik1=-0.3664014865008147
lvx1=1.2801937000118597
lvy1=4.477481567111987
lvz1=3.8528018642703756
avx1=-2.022385245339324
avy1=-1.3892095079199802
avz1=5.7843299064711
shx1=1.0
shy1=0.8
shz1=0.6
req1=1.0
rhos1=10.0
cex2=1.5
cey2=0.0
cez2=0.0
oriw2=-0.7473421301346294
orii2=-0.4506208609133948
orij2=-0.48817710003740117
orik2=0.010183282112301463
lvx2=1.1815545921503254
lvy2=4.132490971358938
lvz2=3.5559429290519273
avx2=2.9962478225618647
avy2=-4.83192135125342
avz2=-2.6745939215985746
shx2=1.0
shy2=0.8
shz2=0.6
req2=1.0
rhos2=10.0
rhof=1.0
ndiv=2
tend=100.0
dt=0.05
tprint=1
logevery=100
nbody=2
impulse_scheme=1
energy_projection=0
impulse_pair_metric_correction=0
