cex1=-4.0
cey1=0.0
cez1=0.0
oriw1=-0.5356063256006607
orii1=0.7305027099935644
orij1=0.30957944793378334
orik1=0.2892269352699215
lvx1=-6.867532780201818
lvy1=-2.0389126314221224
lvz1=-5.2617502061140184
avx1=4.365170944353192
avy1=-2.2215685206839213
avz1=-3.9355220160530613
shx1=1.0
shy1=0.7
shz1=0.7
req1=1.0
rhos1=4.0
cex2=4.0
cey2=0.0
cez2=0.0
oriw2=-0.4134162183629403
orii2=0.758908953672964
orij2=-0.0395512863162978
orik2=0.5015774378699853
lvx2=-7.414289080024263
lvy2=-2.2012399710500294
lvz2=-5.6806626693466065
avx2=-1.7644133013555126
avy2=5.04995003943573
avz2=-3.295947193988437
shx2=1.0
shy2=0.7
shz2=0.7
req2=1.0
rhos2=4.0
rhof=1.0
ndiv=2
tend=100.0
dt=0.05
tprint=1
logevery=100
nbody=2
impulse_scheme=1
energy_projection=0
impulse_pair_metric_correction=0
