cex1=-4.0
cey1=0.0
cez1=0.0
oriw1=1.0
orii1=1.0
orij1=1.0
orik1=0.0
lvx1=1.153248381756689
lvy1=7.099458460957402
lvz1=5.309066629974127
avx1=-1.0707537383816534
avy1=-3.144468252727589
avz1=5.333312614472121
shx1=1.0
shy1=0.8
shz1=0.6
req1=1.0
rhos1=0.03
cex2=4.0
cey2=0.0
cez2=0.0
oriw2=1.0
orii2=-1.0
orij2=0.0
orik2=1.0
lvx2=1.136349161211242
lvy2=6.995425959214624
lvz2=5.231269783007178
avx2=-1.5883552045535132
avy2=-3.6200672838100836
avz2=4.883713567482545
shx2=1.0
shy2=0.8
shz2=0.6
req2=1.0
rhos2=0.03
rhof=1.0
ndiv=2
tend=100.0
dt=0.05
tprint=1
logevery=100
nbody=2
impulse_scheme=1
energy_projection=1
