cex1=-2.5
cey1=0.0
cez1=0.0
oriw1=0.487512637788612
orii1=0.4949159415898085
orij1=0.6700442204211762
orik1=0.26159201332770304
lvx1=0.9465119083064788
lvy1=0.6601954966371182
lvz1=0.6212681499809121
avx1=0.45132046629428196
avy1=5.440044857877809
avz1=-3.111372588639709
shx1=1.0
shy1=0.7
shz1=0.7
req1=1.0
rhos1=1.0
cex2=2.5
cey2=0.0
cez2=0.0
oriw2=0.3152021712738815
orii2=-0.8982620055737081
orij2=0.30109951914103666
orik2=0.05578566249464819
lvx2=0.9297609756572889
lvy2=0.6485116602242688
lvz2=0.6102732318545916
avx2=-2.059817888552913
avy2=-2.323014523835996
avz2=-5.46252426927349
shx2=1.0
shy2=0.7
shz2=0.7
req2=1.0
rhos2=1.0
rhof=1.0
ndiv=2
tend=100.0
dt=0.05
tprint=1
logevery=100
nbody=2
impulse_scheme=1
energy_projection=0
impulse_pair_metric_correction=0
