cex1=-4.0
cey1=0.0
cez1=0.0
oriw1=0.2605064869016056
orii1=-0.4673052594791029
orij1=0.041412816579123476
orik1=-0.8438288590516064
lvx1=-2.864422131337219
lvy1=-2.683971699923687
lvz1=-4.010680440609176
avx1=5.059464401595714
avy1=3.7225556506373225
avz1=0.15105297498327713
shx1=1.0060089999999997
shy1=0.9970089730807579
shz1=0.9970089730807579
req1=1.0
rhos1=1.0
cex2=4.0
cey2=0.0
cez2=0.0
oriw2=-0.3529812471365687
orii2=0.7669981459544416
orij2=-0.3987654204681995
orik2=0.3579165024292423
lvx2=-2.864593367578583
lvy2=-2.6841321487698235
lvz2=-4.010920200606994
avx2=5.0075914732870155
avy2=3.0825567859144476
avz2=2.2136596176091308
shx2=1.0060089999999997
shy2=0.9970089730807579
shz2=0.9970089730807579
req2=1.0
rhos2=1.0
rhof=1.0
ndiv=2
tend=100.0
dt=0.05
tprint=1
logevery=100
nbody=2
impulse_scheme=1
energy_projection=0
impulse_pair_metric_correction=0
