cex1=-5.5
cey1=0.0
cez1=0.0
oriw1=0.009901914356193581
orii1=-0.2191236951786289
orij1=-0.7707684679286531
orik1=0.5981661367465254
lvx1=-9.59024225278922
lvy1=1.0716043769767762
lvz1=-0.6557059427534844
avx1=1.1528369311933075
avy1=5.465025953422845
avz1=-2.877998600216641
shx1=1.0
shy1=0.7
shz1=0.7
req1=1.0
rhos1=0.03
cex2=5.5
cey2=0.0
cez2=0.0
oriw2=0.5228416050957148
orii2=0.663484470710776
orij2=-0.10671212008175963
orik2=0.5244402125449902
lvx2=-8.035151904909679
lvy2=0.8978400882908061
lvz2=-0.549380997486681
avx2=-5.941840212354224
avy2=0.1221917694142977
avz2=-2.0391227689119527
shx2=1.0
shy2=0.7
shz2=0.7
req2=1.0
rhos2=0.03
rhof=1.0
ndiv=2
tend=100.0
dt=0.05
tprint=1
logevery=100
nbody=2
impulse_scheme=1
energy_projection=0
impulse_pair_metric_correction=0
