cex1=-2.5
cey1=0.0
cez1=0.0
oriw1=-0.3135495228411019
orii1=-0.6258033368511638
orij1=-0.7139956475012991
orik1=0.01634306156345252
lvx1=-5.062460763323241
lvy1=-6.891500646430122
lvz1=-1.5413228138709631
avx1=4.830256229076069
avy1=3.1269990047121774
avz1=2.5236718468054273
shx1=1.0
shy1=0.7
shz1=0.7
req1=1.0
rhos1=0.03
cex2=2.5
cey2=0.0
cez2=0.0
oriw2=-0.6160493478615862
orii2=-0.060103425515835765
orij2=-0.06149394581345029
orik2=-0.7830001748843157
lvx2=-5.637036122129867
lvy2=-7.673666996306058
lvz2=-1.7162587097168784
avx2=-1.1229273302025424
avy2=-6.1699228971050815
avz2=-0.3866565132259684
shx2=1.0
shy2=0.7
shz2=0.7
req2=1.0
rhos2=0.03
rhof=1.0
ndiv=2
tend=100.0
dt=0.05
tprint=1
logevery=100
nbody=2
impulse_scheme=1
energy_projection=0
impulse_pair_metric_correction=0
