cex1=-2.5
cey1=0.0
cez1=0.0
oriw1=-0.09976958193080031
orii1=-0.47142100896413563
orij1=-0.7228158389476255
orik1=0.4953236576169467
lvx1=-0.08476209298928117
lvy1=-3.373984180993096
lvz1=1.3708535619432725
avx1=-1.405526227915119
avy1=-2.9675845776583953
avz1=-5.356897927107084
shx1=1.0
shy1=0.8
shz1=0.6
req1=1.0
rhos1=4.0
cex2=2.5
cey2=0.0
cez2=0.0
oriw2=0.0903512084528545
orii2=-0.3443478664466298
orij2=0.7349243467027895
orik2=-0.5771892329455227
lvx2=-0.06921392204399973
lvy2=-2.7550839041984925
lvz2=1.119393684415976
avx2=6.024894278567812
avy2=-1.7214126624041708
avz2=0.46454814836878633
shx2=1.0
shy2=0.8
shz2=0.6
req2=1.0
rhos2=4.0
rhof=1.0
ndiv=2
tend=100.0
dt=0.05
tprint=1
logevery=100
nbody=2
impulse_scheme=1
energy_projection=0
impulse_pair_metric_correction=0
