cex1=-2.5
cey1=0.0
cez1=0.0
oriw1=-0.5588936819181454
orii1=0.7774508649960082
orij1=0.27896117709253015
orik1=0.07340753710680957
lvx1=-0.15865954838422772
lvy1=1.3436006870670616
lvz1=-0.06717761524762116
avx1=-0.7785690555746818
avy1=2.9800344073034424
avz1=5.476462613891069
shx1=1.0
shy1=0.8
shz1=0.6
req1=1.0
rhos1=0.3
cex2=2.5
cey2=0.0
cez2=0.0
oriw2=-0.1663097660331161
orii2=-0.05598305157294308
orij2=0.6027259512588036
orik2=-0.7784140205172063
lvx2=-0.13177553460268393
lvy2=1.1159347208150525
lvz2=-0.055794726839577334
avx2=-5.632450772298127
avy2=2.5082481311279774
avz2=-1.209382989250578
shx2=1.0
shy2=0.8
shz2=0.6
req2=1.0
rhos2=0.3
rhof=1.0
ndiv=2
tend=100.0
dt=0.05
tprint=1
logevery=100
nbody=2
impulse_scheme=1
energy_projection=0
impulse_pair_metric_correction=0
