cex1=-4.0
cey1=0.0
cez1=0.0
oriw1=0.6846182205975612
orii1=0.14723183174092228
orij1=-0.00889567612130723
orik1=0.713821789170369
lvx1=1.9730498539138193
lvy1=-3.456351593574554
lvz1=3.967800652635064
avx1=2.5999329004699536
avy1=5.334178917098285
avz1=2.0652607094009943
shx1=1.0
shy1=1.0
shz1=1.0
req1=1.0
rhos1=1.0
cex2=4.0
cey2=0.0
cez2=0.0
oriw2=-0.2197457450993275
orii2=-0.20586272799054023
orij2=0.30801875333440687
orik2=0.9024725992124925
lvx2=1.9730498539138193
lvy2=-3.456351593574554
lvz2=3.967800652635064
avx2=-5.0389095382212865
avy2=1.8115726056605497
avz2=3.2872500611301554
shx2=1.0
shy2=1.0
shz2=1.0
req2=1.0
rhos2=1.0
rhof=1.0
ndiv=2
tend=100.0
dt=0.05
tprint=1
logevery=100
nbody=2
impulse_scheme=1
energy_projection=0
impulse_pair_metric_correction=0
