cex1=-1.5
cey1=0.0
cez1=0.0
oriw1=-0.48666310696018733
orii1=0.16943421009815357
orij1=-0.8507322817189336
orik1=-0.10346812849167156
lvx1=-1.6372284321688582
lvy1=-5.890470374101052
lvz1=-0.6983312190302743
avx1=-0.10982316881160568
avy1=1.7924652078657892
avz1=-6.021081709671466
shx1=1.0
shy1=0.8
shz1=0.6
req1=1.0
rhos1=10.0
cex2=1.5
cey2=0.0
cez2=0.0
oriw2=0.5681401859030814
orii2=0.6379695595158928
orij2=0.40277258404078653
orik2=-0.32861195327957476
lvx2=-1.532707056482905
lvy2=-5.514420181689727
lvz2=-0.6537494500703978
avx2=-2.3456987906864617
avy2=4.341036934816461
avz2=-3.889924564601326
shx2=1.0
shy2=0.8
shz2=0.6
req2=1.0
rhos2=10.0
rhof=1.0
ndiv=2
tend=100.0
dt=0.05
tprint=1
logevery=100
nbody=2
impulse_scheme=1
energy_projection=0
impulse_pair_metric_correction=0
