cex1=-1.5
cey1=0.0
cez1=0.0
oriw1=0.02154368965083752
orii1=0.6376689678158621
orij1=-0.5874779894916141
orik1=0.4977788352107513
lvx1=-4.544021409501287
lvy1=-2.8712858122517555
lvz1=2.169579491163515
avx1=0.36054325627726924
avy1=5.350794452205453
avz1=3.2737478361898553
shx1=1.0
shy1=0.8
shz1=0.6
req1=1.0
rhos1=1.0
cex2=1.5
cey2=0.0
cez2=0.0
oriw2=0.11673316268623406
orii2=0.02251242401060166
orij2=0.7355965467422502
orik2=0.6669065001297503
lvx2=-4.564835662732205
lvy2=-2.884437966392048
lvz2=2.1795174234186887
avx2=-2.7764635346496647
avy2=3.0741753260159967
avz2=4.724310945527672
shx2=1.0
shy2=0.8
shz2=0.6
req2=1.0
rhos2=1.0
rhof=1.0
ndiv=2
tend=100.0
dt=0.05
tprint=1
logevery=100
nbody=2
impulse_scheme=1
energy_projection=0
impulse_pair_metric_correction=0
