cex1=-4.0
cey1=0.0
cez1=0.0
oriw1=-0.5933914606117879
orii1=0.7254404966597209
orij1=0.3215559694117026
orik1=0.13499784744508553
lvx1=-2.6442642246959154
lvy1=-2.8884199857380533
lvz1=-4.224769473362645
avx1=-1.7922477370383745
avy1=5.870374102002216
avz1=1.3434930427731788
shx1=1.3
shy1=1.3
shz1=0.5917159763313609
req1=1.0
rhos1=1.0
cex2=4.0
cey2=0.0
cez2=0.0
oriw2=0.22373727609168542
orii2=0.23780641593906915
orij2=0.8902722310563529
orik2=0.3174981802077473
lvx2=-2.6118978253952028
lvy2=-2.85306506404247
lvz2=-4.173057328089401
avx2=-6.12311036787576
avy2=-1.2990064099554375
avz2=0.5463692653000336
shx2=1.3
shy2=1.3
shz2=0.5917159763313609
req2=1.0
rhos2=1.0
rhof=1.0
ndiv=2
tend=100.0
dt=0.05
tprint=1
logevery=100
nbody=2
impulse_scheme=1
energy_projection=0
impulse_pair_metric_correction=0
