cex1=-5.5
cey1=0.0
cez1=0.0
oriw1=-0.22521481362272677
orii1=0.5405644143395909
orij1=-0.4635437041456044
orik1=-0.6649779214541998
lvx1=1.368560438402206
lvy1=2.265532625516488
lvz1=-5.075231425547487
avx1=2.196871434545956
avy1=-4.788504472376921
avz1=3.4237988291457273
shx1=1.0
shy1=0.8
shz1=0.6
req1=1.0
rhos1=4.0
cex2=5.5
cey2=0.0
cez2=0.0
oriw2=-0.9026879276579763
orii2=0.00605227905172964
orij2=-0.0020703723142102446
orik2=-0.43024828731478826
lvx2=1.3451428244630883
lvy2=2.22676680494903
lvz2=-4.988388486909053
avx2=-1.6137362327398106
avy2=-5.890849680886041
avz2=-1.4738259777548341
shx2=1.0
shy2=0.8
shz2=0.6
req2=1.0
rhos2=4.0
rhof=1.0
ndiv=2
tend=100.0
dt=0.05
tprint=1
logevery=100
nbody=2
impulse_scheme=1
energy_projection=0
impulse_pair_metric_correction=0
