cex1=-2.5
cey1=0.0
cez1=0.0
oriw1=1.0
orii1=2.0
orij1=0.0
orik1=0.0
lvx1=-0.2552773552824271
lvy1=4.775670525224471
lvz1=1.1188286747546428
avx1=5.872798819626911
avy1=2.2307651696005366
avz1=0.11107829060300627
shx1=1.0
shy1=0.7
shz1=0.7
req1=1.0
rhos1=10.0
cex2=2.5
cey2=0.0
cez2=0.0
oriw2=1.0
orii2=0.0
orij2=1.0
orik2=0.0
lvx2=-0.30292556857584846
lvy2=5.667062429348704
lvz2=1.3276610926341101
avx2=1.2213186293647253
avy2=5.972973116517729
avz2=1.5199968944970215
shx2=1.0
shy2=0.7
shz2=0.7
req2=1.0
rhos2=10.0
rhof=1.0
ndiv=2
tend=100.0
dt=0.05
tprint=1
logevery=100
nbody=2
impulse_scheme=1
energy_projection=0
impulse_pair_metric_correction=0
