cex1=-4.0
cey1=0.0
cez1=0.0
oriw1=0.05613464577996809
orii1=0.7193404087397461
orij1=-0.545701626811656
orik1=0.4261549159547555
lvx1=-4.247189208672223
lvy1=-3.6584616609525047
lvz1=-0.3997201327989395
avx1=-0.7194300773611052
avy1=5.560665006793554
avz1=-2.835461629147406
shx1=1.0
shy1=1.0
shz1=1.0
req1=1.0
rhos1=1.0
cex2=4.0
cey2=0.0
cez2=0.0
oriw2=-0.38838021961609925
orii2=-0.6191929583865595
orij2=-0.3801634474283802
orik2=-0.5667774153358797
lvx2=-4.247189208672224
lvy2=-3.658461660952505
lvz2=-0.39972013279893953
avx2=-3.9203505385002986
avy2=-4.699141610900509
avz2=-1.4238459819591534
shx2=1.0
shy2=1.0
shz2=1.0
req2=1.0
rhos2=1.0
rhof=1.0
ndiv=2
tend=100.0
dt=0.05
tprint=1
logevery=100
nbody=2
impulse_scheme=1
energy_projection=0
impulse_pair_metric_correction=0
