cex1=-4.0
cey1=0.0
cez1=0.0
oriw1=0.6628280439528198
orii1=0.1572998218397548
orij1=-0.7008081715823132
orik1=-0.21162149428239813
lvx1=4.350918328303323
lvy1=-2.834787143642604
lvz1=1.9541522140520908
avx1=-1.3633713995823995
avy1=-6.13143606398479
avz1=-0.15851758396113824
shx1=1.03
shy1=1.03
shz1=0.9425959091337544
req1=1.0
rhos1=1.0
cex2=4.0
cey2=0.0
cez2=0.0
oriw2=-0.319304808250816
orii2=0.003777215659788253
orij2=-0.8357218449336898
orik2=0.44676522914210637
lvx2=6.954819686834511
lvy2=-4.53132693995641
lvz2=3.1236569532806113
avx2=-5.295973402173267
avy2=1.4900114782726797
avz2=-3.03495455030984
shx2=2.0
shy2=2.0
shz2=0.25
req2=1.0
rhos2=1.0
rhof=1.0
ndiv=2
tend=100.0
dt=0.05
tprint=1
logevery=100
nbody=2
impulse_scheme=1
energy_projection=0
impulse_pair_metric_correction=0
