cex1=-2.5
cey1=0.0
cez1=0.0
oriw1=-0.2749579869172666
orii1=-0.4397758950611649
orij1=0.14678730274056692
orik1=-0.8422878102571025
lvx1=1.4969230333531864
lvy1=-0.7921171749712418
lvz1=1.0015127415705698
avx1=-4.580562306384922
avy1=4.141147114323173
avz1=-1.1609337359280827
shx1=1.0
shy1=0.7
shz1=0.7
req1=1.0
rhos1=1.0
cex2=2.5
cey2=0.0
cez2=0.0
oriw2=0.3997301056719306
orii2=-0.35593405659510996
orij2=0.8276178384578663
orik2=-0.16904290414443768
lvx2=1.3916113522004292
lvy2=-0.7363900670922676
lvz2=0.9310542155403816
avx2=5.813003827862738
avy2=-1.561073618648515
avz2=1.8029013447136335
shx2=1.0
shy2=0.7
shz2=0.7
req2=1.0
rhos2=1.0
rhof=1.0
ndiv=2
tend=100.0
dt=0.05
tprint=1
logevery=100
nbody=2
impulse_scheme=1
energy_projection=0
impulse_pair_metric_correction=0
