cex1=-2.5
cey1=0.0
cez1=0.0
oriw1=0.5151643901194375
orii1=-0.518757707237006
orij1=-0.49337037383944937
orik1=0.4712555215088675
lvx1=9.054687573526685
lvy1=2.608828255646796
lvz1=0.8589032460906729
avx1=-2.495622655380425
avy1=-5.765655877408596
avz1=-0.08658792995039905
shx1=1.0
shy1=0.7
shz1=0.7
req1=1.0
rhos1=0.3
cex2=2.5
cey2=0.0
cez2=0.0
oriw2=-0.35723035085255617
orii2=0.053471264785832834
orij2=-0.9142619684861394
orik2=-0.18344577741614107
lvx2=9.287918729799186
lvy2=2.676026601877961
lvz2=0.8810269246367576
avx2=0.7312844086115136
avy2=-6.095314402464293
avz2=1.3382014247453575
shx2=1.0
shy2=0.7
shz2=0.7
req2=1.0
rhos2=0.3
rhof=1.0
ndiv=2
tend=100.0
dt=0.05
tprint=1
logevery=100
nbody=2
impulse_scheme=1
energy_projection=0
impulse_pair_metric_correction=0
