cex1=-4.0
cey1=0.0
cez1=0.0
oriw1=-0.2521067160512577
orii1=0.14107334699871493
orij1=-0.8502889605421754
orik1=0.4399422667447828
lvx1=0.8571696919146502
lvy1=-0.06889092499604445
lvz1=-0.7699269093723295
avx1=-5.1028648469100535
avy1=-3.113791323495068
avz1=1.9348104693364427
shx1=1.0
shy1=0.7
shz1=0.7
req1=1.0
rhos1=0.1
cex2=4.0
cey2=0.0
cez2=0.0
oriw2=-0.18714463535512837
orii2=0.657840496349326
orij2=0.30067384328040253
orik2=0.6646939196259136
lvx2=0.9417688417270124
lvy2=-0.07569017809543295
lvz2=-0.8459155526537632
avx2=2.74633294683586
avy2=5.228182833053854
avz2=2.1452685644558063
shx2=1.0
shy2=0.7
shz2=0.7
req2=1.0
rhos2=0.1
rhof=1.0
ndiv=2
tend=100.0
dt=0.05
tprint=1
logevery=100
nbody=2
impulse_scheme=1
energy_projection=0
impulse_pair_metric_correction=0
