cex1=-4.0
cey1=0.0
cez1=0.0
oriw1=-0.15462694680666267
orii1=-0.7684851868913214
orij1=0.5325840745716938
orik1=0.3191789911044784
lvx1=-5.474182268459374
lvy1=0.7273276114401602
lvz1=-0.8223861047208778
avx1=4.280721711193596
avy1=1.28814221559956
avz1=-4.415260906001305
shx1=1.0
shy1=0.8
shz1=0.6
req1=1.0
rhos1=0.1
cex2=4.0
cey2=0.0
cez2=0.0
oriw2=-0.8513712118664166
orii2=-0.3746990612169624
orij2=-0.3654465832433797
orik2=0.03487790022314429
lvx2=-5.604622155019945
lvy2=0.7446585161261905
lvz2=-0.8419820817907046
avx2=-1.2193342265719016
avy2=-5.5762604982011785
avz2=2.6262064854974527
shx2=1.0
shy2=0.8
shz2=0.6
req2=1.0
rhos2=0.1
rhof=1.0
ndiv=2
tend=100.0
dt=0.05
tprint=1
logevery=100
nbody=2
impulse_scheme=1
energy_projection=0
impulse_pair_metric_correction=0
