cex1=-4.0
cey1=0.0
cez1=0.0
oriw1=0.7001689247277435
orii1=0.5716612272917757
orij1=0.37370256561790943
orik1=0.208118501117629
lvx1=-4.576445730679781
lvy1=13.02309944019999
lvz1=-1.8688370948979467
avx1=-3.1515223780489365
avy1=3.885253712270393
avz1=3.8014639149021723
shx1=4.0
shy1=0.5
shz1=0.5
req1=1.0
rhos1=1.0
cex2=4.0
cey2=0.0
cez2=0.0
oriw2=-0.44312158917181604
orii2=0.7904840783078056
orij2=-0.28992378530818436
orik2=0.30777000806491367
lvx2=-2.166518310783085
lvy2=6.1652175204864115
lvz2=-0.8847192830943179
avx2=-5.816278163483212
avy2=-1.1760116731556782
avz2=-2.065507800505088
shx2=4.0
shy2=0.5
shz2=0.5
req2=1.0
rhos2=1.0
rhof=1.0
ndiv=2
tend=100.0
dt=0.05
tprint=1
logevery=100
nbody=2
impulse_scheme=1
energy_projection=0
impulse_pair_metric_correction=0
