cex1=-2.5
cey1=0.0
cez1=0.0
oriw1=-0.3913947458987645
orii1=0.29303146708798417
orij1=0.8568400087666
orik1=0.16360902039911507
lvx1=1.5630401753167555
lvy1=0.2977419282070273
lvz1=9.357427566361615
avx1=0.6029632388761137
avy1=-5.757141861547774
avz1=-2.4433932395207476
shx1=1.0
shy1=0.8
shz1=0.6
req1=1.0
rhos1=0.1
cex2=2.5
cey2=0.0
cez2=0.0
oriw2=-0.1431748527882329
orii2=-0.888866842632184
orij2=0.42296949954211044
orik2=-0.10253536002402769
lvx2=1.5199406224501637
lvy2=0.28953193835647256
lvz2=9.099404163981713
avx2=2.8492536970441082
avy2=5.113512266169079
avz2=2.2830162675671613
shx2=1.0
shy2=0.8
shz2=0.6
req2=1.0
rhos2=0.1
rhof=1.0
ndiv=2
tend=100.0
dt=0.05
tprint=1
logevery=100
nbody=2
impulse_scheme=1
energy_projection=0
impulse_pair_metric_correction=0
