cex1=-4.0
cey1=0.0
cez1=0.0
oriw1=0.2678651795809574
orii1=-0.9458136844403487
orij1=0.01473852160923917
orik1=0.18294123612299076
lvx1=3.888851282123617
lvy1=2.2229539381475805
lvz1=-3.387558739162528
avx1=4.382882671255169
avy1=4.496229282116607
avz1=0.22951979654435997
shx1=1.0060089999999997
shy1=0.9970089730807579
shz1=0.9970089730807579
req1=1.0
rhos1=1.0
cex2=4.0
cey2=0.0
cez2=0.0
oriw2=-0.3254848537522009
orii2=0.4388626498076149
orij2=-0.09263948713551011
orik2=0.8323924014580003
lvx2=11.058203249123089
lvy2=6.321115074385389
lvz2=-9.63274508032771
avx2=-0.5007267358560908
avy2=5.648244824273928
avz2=2.7064775530972205
shx2=4.0
shy2=0.5
shz2=0.5
req2=1.0
rhos2=1.0
rhof=1.0
ndiv=2
tend=100.0
dt=0.05
tprint=1
logevery=100
nbody=2
impulse_scheme=1
energy_projection=0
impulse_pair_metric_correction=0
