cex1=-5.5
cey1=0.0
cez1=0.0
oriw1=-0.41863038420471255
orii1=0.05721352630703175
orij1=-0.9039813981499853
orik1=-0.06551981095002547
lvx1=0.4362167080460373
lvy1=-1.2355973738917245
lvz1=-0.2137612874196473
avx1=2.0593256563394045
avy1=3.0455591978215373
avz1=-5.095308098443542
shx1=1.0
shy1=0.8
shz1=0.6
req1=1.0
rhos1=4.0
cex2=5.5
cey2=0.0
cez2=0.0
oriw2=-0.3224624411949404
orii2=-0.30587785334321477
orij2=0.8474146590038906
orik2=-0.2904222934935715
lvx2=0.3907265569473275
lvy2=-1.1067451080368103
lvz2=-0.19146953865254546
avx2=-4.109313445808953
avy2=-4.725839951096254
avz2=0.5083280093342728
shx2=1.0
shy2=0.8
shz2=0.6
req2=1.0
rhos2=4.0
rhof=1.0
ndiv=2
tend=100.0
dt=0.05
tprint=1
logevery=100
nbody=2
impulse_scheme=1
energy_projection=0
impulse_pair_metric_correction=0
