cex1=-4.0
cey1=0.0
cez1=0.0
oriw1=0.19091182865652295
orii1=-0.7225796250488907
orij1=0.31601386304626605
orik1=0.5844369919040057
lvx1=3.719259727448904
lvy1=2.6190498692219473
lvz1=3.3014588145253443
avx1=-0.6193764251123483
avy1=1.795674426533432
avz1=5.989185570865734
shx1=1.0006000899999998
shy1=0.9997000899730081
shz1=0.9997000899730081
req1=1.0
rhos1=1.0
cex2=4.0
cey2=0.0
cez2=0.0
oriw2=-0.8596341934264573
orii2=0.31909763091847304
orij2=-0.24149488564361107
orik2=-0.31762552737813954
lvx2=9.164978930537186
lvy2=6.453847977406436
lvz2=8.135436267559442
avx2=3.2065260500833577
avy2=-2.2095518206877296
avz2=-4.930972423994053
shx2=4.0
shy2=0.5
shz2=0.5
req2=1.0
rhos2=1.0
rhof=1.0
ndiv=2
tend=100.0
dt=0.05
tprint=1
logevery=100
nbody=2
impulse_scheme=1
energy_projection=0
impulse_pair_metric_correction=0
