cex1=-1.5
cey1=0.0
cez1=0.0
oriw1=-0.46967759985873697
orii1=0.3269968319989086
orij1=-0.8029131049995392
orik1=-0.1667530205831745
lvx1=3.791596725372764
lvy1=-7.944222860917533
lvz1=3.6314965644451536
avx1=-2.198739873125509
avy1=1.2173617575981415
avz1=-5.758644886240427
shx1=1.0
shy1=0.7
shz1=0.7
req1=1.0
rhos1=0.3
cex2=1.5
cey2=0.0
cez2=0.0
oriw2=0.35677535557261914
orii2=0.2425293054633183
orij2=0.3920545959041736
orik2=-0.8125171231905989
lvx2=3.34381333842916
lvy2=-7.006018912303581
lvz2=3.2026208297396277
avx2=-5.4216344209474325
avy2=-3.151074664362464
avz2=0.393733754672386
shx2=1.0
shy2=0.7
shz2=0.7
req2=1.0
rhos2=0.3
rhof=1.0
ndiv=2
tend=100.0
dt=0.05
tprint=1
logevery=100
nbody=2
impulse_scheme=1
energy_projection=0
impulse_pair_metric_correction=0
