cex1=-1.5
cey1=0.0
cez1=0.0
oriw1=1.0
orii1=2.0
orij1=0.0
orik1=0.0
lvx1=0.7087927126886691
lvy1=0.9442118576047328
lvz1=0.4413283193737435
avx1=2.9752078114835636
avy1=5.531231457744613
avz1=-0.17898224409429597
shx1=1.0
shy1=0.7
shz1=0.7
req1=1.0
rhos1=10.0
cex2=1.5
cey2=0.0
cez2=0.0
oriw2=1.0
orii2=0.0
orij2=1.0
orik2=0.0
lvx2=0.6237930223201926
lvy2=0.8309802821357866
lvz2=0.38840343763319796
avx2=-5.732423584740732
avy2=-2.317037835165889
avz2=-1.1176193984874354
shx2=1.0
shy2=0.7
shz2=0.7
req2=1.0
rhos2=10.0
rhof=1.0
ndiv=2
tend=100.0
dt=0.05
tprint=1
logevery=100
nbody=2
impulse_scheme=1
energy_projection=0
impulse_pair_metric_correction=0
