cex1=-4.0
cey1=0.0
cez1=0.0
oriw1=0.43272567544797147
orii1=-0.04073117888956643
orij1=0.8943827583879377
orik1=0.10568321708174452
lvx1=-3.1712865683249487
lvy1=-6.89789822455916
lvz1=-1.1831719560679426
avx1=-2.791838762624379
avy1=-5.236836004540832
avz1=-2.063880468779678
shx1=2.0
shy1=1.0
shz1=0.5
req1=1.0
rhos1=1.0
cex2=4.0
cey2=0.0
cez2=0.0
oriw2=0.49169797459073294
orii2=0.21680323578628904
orij2=-0.8433269526198669
orik2=-0.005395342515032507
lvx2=-2.3195017246018477
lvy2=-5.045172198501101
lvz2=-0.8653804484309631
avx2=-2.237314579412664
avy2=-0.7443437895140189
avz2=-5.823984323477947
shx2=1.0
shy2=1.0
shz2=1.0
req2=1.0
rhos2=1.0
rhof=1.0
ndiv=2
tend=100.0
dt=0.05
tprint=1
logevery=100
nbody=2
impulse_scheme=1
energy_projection=0
impulse_pair_metric_correction=0
