cex1=-4.0
cey1=0.0
cez1=0.0
oriw1=0.45076602506929275
orii1=-0.25196764766650515
orij1=0.8498758067928716
orik1=0.10504003142042297
lvx1=-4.699144194892616
lvy1=0.9215764770347977
lvz1=2.941338932538905
avx1=1.995857597274269
avy1=5.941895374137542
avz1=0.4345680827705711
shx1=1.0
shy1=1.0
shz1=1.0
req1=1.0
rhos1=1.0
cex2=4.0
cey2=0.0
cez2=0.0
oriw2=0.8758240306237483
orii2=0.2670657445169026
orij2=0.15420431597711104
orik2=0.3712535311907963
lvx2=-4.699144194892617
lvy2=0.9215764770347978
lvz2=2.9413389325389057
avx2=6.040837304571153
avy2=1.594389838564622
avz2=-0.6668007998951792
shx2=1.0
shy2=1.0
shz2=1.0
req2=1.0
rhos2=1.0
rhof=1.0
ndiv=2
tend=100.0
dt=0.05
tprint=1
logevery=100
nbody=2
impulse_scheme=1
energy_projection=0
impulse_pair_metric_correction=0
