cex1=-4.0
cey1=0.0
cez1=0.0
oriw1=-0.2834919950065735
orii1=-0.08619114874271797
orij1=0.9433079309058081
orik1=0.14957781297975525
lvx1=3.788811370626867
lvy1=0.25331032852845087
lvz1=-4.182225756586336
avx1=0.3222188302604567
avy1=6.233806599436624
avz1=-0.7171108077580519
shx1=1.0201
shy1=0.9900990099009901
shz1=0.9900990099009901
req1=1.0
rhos1=1.0
cex2=4.0
cey2=0.0
cez2=0.0
oriw2=0.3138675688381919
orii2=-0.8313073313896201
orij2=-0.06766563109723289
orik2=0.45369222208197973
lvx2=3.7693165075660935
lvy2=0.25200695137834356
lvz2=-4.1607066281741965
avx2=3.3482309716860197
avy2=-4.626492108437161
avz2=2.619797269860514
shx2=1.0
shy2=1.0
shz2=1.0
req2=1.0
rhos2=1.0
rhof=1.0
ndiv=2
tend=100.0
dt=0.05
tprint=1
logevery=100
nbody=2
impulse_scheme=1
energy_projection=0
impulse_pair_metric_correction=0
