cex1=-2.5
cey1=0.0
cez1=0.0
oriw1=0.12268507902366288
orii1=0.27035270106650733
orij1=0.8953152267246065
orik1=0.3320669107364775
lvx1=1.8187038262075406
lvy1=5.372642618944681
lvz1=-1.0033424898515062
avx1=2.034818698281414
avy1=-3.2663870903967687
avz1=4.966754055232763
shx1=1.0
shy1=0.7
shz1=0.7
req1=1.0
rhos1=10.0
cex2=2.5
cey2=0.0
cez2=0.0
oriw2=0.06914607020128473
orii2=-0.698452003901668
orij2=0.6764406365246672
orik2=-0.22318531421123233
lvx2=1.8408233281094328
lvy2=5.437985956829303
lvz2=-1.0155453762108528
avx2=1.1913002283198157
avy2=-2.4872041625465644
avz2=5.645621030867519
shx2=1.0
shy2=0.7
shz2=0.7
req2=1.0
rhos2=10.0
rhof=1.0
ndiv=2
tend=100.0
dt=0.05
tprint=1
logevery=100
nbody=2
impulse_scheme=1
energy_projection=0
impulse_pair_metric_correction=0
