cex1=-1.5
cey1=0.0
cez1=0.0
oriw1=0.8432833614089621
orii1=-0.18014812020061194
orij1=0.44710433421434687
orik1=-0.23773418240912134
lvx1=1.2693688124210853
lvy1=-0.2854143205398126
lvz1=0.08974846748306389
avx1=-1.1561625965804427
avy1=1.0857389987685722
avz1=6.079710230033897
shx1=1.0
shy1=0.7
shz1=0.7
req1=1.0
rhos1=1.0
cex2=1.5
cey2=0.0
cez2=0.0
oriw2=0.681842010089871
orii2=-0.27858436164181705
orij2=-0.1486640736668143
orik2=-0.6598342367034419
lvx2=1.185411566003924
lvy2=-0.2665367490995284
lvz2=0.08381241948321859
avx2=3.9897894443934256
avy2=4.025455170756093
avz2=-2.7121409369716156
shx2=1.0
shy2=0.7
shz2=0.7
req2=1.0
rhos2=1.0
rhof=1.0
ndiv=2
tend=100.0
dt=0.05
tprint=1
logevery=100
nbody=2
impulse_scheme=1
energy_projection=0
impulse_pair_metric_correction=0
