cex1=-4.0
cey1=0.0
cez1=0.0
oriw1=0.8282598041008344
orii1=0.08172689256415883
orij1=0.2569949431918381
orik1=-0.4911822585522379
lvx1=1.857429014728838
lvy1=0.18009068196232272
lvz1=0.8359109744057787
avx1=-3.664216302344181
avy1=3.9836514386077604
avz1=-3.190996350620116
shx1=1.0
shy1=0.7
shz1=0.7
req1=1.0
rhos1=0.03
cex2=4.0
cey2=0.0
cez2=0.0
oriw2=-0.908113515114884
orii2=0.12235633881920892
orij2=0.3129485028626412
orik2=-0.24984396044827617
lvx2=1.9586893505100424
lvy2=0.1899085769031063
lvz2=0.8814818281397934
avx2=1.4183784042698906
avy2=-5.420915186731554
avz2=-2.8425866468625784
shx2=1.0
shy2=0.7
shz2=0.7
req2=1.0
rhos2=0.03
rhof=1.0
ndiv=2
tend=100.0
dt=0.05
tprint=1
logevery=100
nbody=2
impulse_scheme=1
energy_projection=0
impulse_pair_metric_correction=0
