cex1=-1.5
cey1=0.0
cez1=0.0
oriw1=-0.20471661570127467
orii1=-0.6760397250295888
orij1=-0.4379916002233963
orik1=-0.5560798104332535
lvx1=0.3660318090974233
lvy1=-2.8949852318895375
lvz1=1.9833883570211186
avx1=1.2469982757574825
avy1=-6.1576971334228485
avz1=-0.0786060916935473
shx1=1.0
shy1=0.7
shz1=0.7
req1=1.0
rhos1=0.03
cex2=1.5
cey2=0.0
cez2=0.0
oriw2=0.5640805393507359
orii2=-0.4431877382815638
orij2=-0.6513891297208643
orik2=-0.24716386354835485
lvx2=0.29947048358021855
lvy2=-2.3685444975105963
lvz2=1.622717631752051
avx2=-6.258965475694951
avy2=0.5507580164485353
avz2=-0.020841922507049963
shx2=1.0
shy2=0.7
shz2=0.7
req2=1.0
rhos2=0.03
rhof=1.0
ndiv=2
tend=100.0
dt=0.05
tprint=1
logevery=100
nbody=2
impulse_scheme=1
energy_projection=0
impulse_pair_metric_correction=0
