cex1=-1.5
cey1=0.0
cez1=0.0
oriw1=-0.01405252535859472
orii1=0.5915523616141615
orij1=0.533614920345232
orik1=-0.6042544553288011
lvx1=-0.38711469589099945
lvy1=-0.2695971736536142
lvz1=0.5825690172424955
avx1=3.551974063537913
avy1=-1.5804807818496382
avz1=-4.935988082898434
shx1=1.0
shy1=0.7
shz1=0.7
req1=1.0
rhos1=0.3
cex2=1.5
cey2=0.0
cez2=0.0
oriw2=0.35345787148342583
orii2=0.6403623961829514
orij2=-0.6736816067180575
orik2=-0.10562493744855447
lvx2=-0.4083196950540816
lvy2=-0.284364910198816
lvz2=0.6144804265849687
avx2=-1.0269571963713393
avy2=2.627987409599334
avz2=-5.61404120898359
shx2=1.0
shy2=0.7
shz2=0.7
req2=1.0
rhos2=0.3
rhof=1.0
ndiv=2
tend=100.0
dt=0.05
tprint=1
logevery=100
nbody=2
impulse_scheme=1
energy_projection=0
impulse_pair_metric_correction=0
