cex1=-4.0
cey1=0.0
cez1=0.0
oriw1=-0.35908202673860384
orii1=0.7970420367652078
orij1=0.3177517334270336
orik1=0.36717560595249393
lvx1=-0.5488167529071796
lvy1=-4.582300541034307
lvz1=3.344306865361548
avx1=-1.5471532528861993
avy1=-4.229497278772063
avz1=-4.381333950442583
shx1=1.0609
shy1=0.970873786407767
shz1=0.970873786407767
req1=1.0
rhos1=1.0
cex2=4.0
cey2=0.0
cez2=0.0
oriw2=0.9026389456185904
orii2=0.1602878044461865
orij2=0.3080949426160165
orik2=0.25422088807337234
lvx2=-0.541157536762227
lvy2=-4.51835054297211
lvz2=3.297634148099972
avx2=-2.9517410486670475
avy2=2.147988495651917
avz2=-5.113881872757564
shx2=1.0
shy2=1.0
shz2=1.0
req2=1.0
rhos2=1.0
rhof=1.0
ndiv=2
tend=100.0
dt=0.05
tprint=1
logevery=100
nbody=2
impulse_scheme=1
energy_projection=0
impulse_pair_metric_correction=0
