cex1=-5.5
cey1=0.0
cez1=0.0
oriw1=-0.13807627424109994
orii1=-0.8923353099891012
orij1=-0.4036729132665145
orik1=0.14737983625067738
lvx1=-7.262491198803112
lvy1=0.7152703260433921
lvz1=6.249243511085385
avx1=-0.351889713577704
avy1=-5.37052030888016
avz1=3.242237321008658
shx1=1.0
shy1=0.8
shz1=0.6
req1=1.0
rhos1=0.3
cex2=5.5
cey2=0.0
cez2=0.0
oriw2=-0.18444907856201395
orii2=0.18376070859553575
orij2=-0.773547798566626
orik2=-0.577783993138281
lvx2=-6.650181289583853
lvy2=0.6549649712528709
lvz2=5.722361808620485
avx2=4.979625983236345
avy2=2.25616046975221
avz2=3.097011883439
shx2=1.0
shy2=0.8
shz2=0.6
req2=1.0
rhos2=0.3
rhof=1.0
ndiv=2
tend=100.0
dt=0.05
tprint=1
logevery=100
nbody=2
impulse_scheme=1
energy_projection=0
impulse_pair_metric_correction=0
