cex1=-1.5
cey1=0.0
cez1=0.0
oriw1=1.0
orii1=2.0
orij1=0.0
orik1=0.0
lvx1=-7.907019248080818
lvy1=1.7102878772347652
lvz1=2.212574692365578
avx1=2.86061355541103
avy1=-5.563329540982053
avz1=0.5870878208517969
shx1=1.0
shy1=0.7
shz1=0.7
req1=1.0
rhos1=1.0
cex2=1.5
cey2=0.0
cez2=0.0
oriw2=1.0
orii2=0.0
orij2=1.0
orik2=0.0
lvx2=-6.85604881852079
lvy2=1.4829630246431889
lvz2=1.9184878181704121
avx2=-5.8970746247588215
avy2=-0.3860381663849963
avz2=-2.1339875839557165
shx2=1.0
shy2=0.7
shz2=0.7
req2=1.0
rhos2=1.0
rhof=1.0
ndiv=2
tend=100.0
dt=0.05
tprint=1
logevery=100
nbody=2
impulse_scheme=1
energy_projection=1
