cex1=-5.5
cey1=0.0
cez1=0.0
oriw1=-0.41254190581359423
orii1=-0.18500050942390633
orij1=-0.1678350750528631
orik1=-0.8760224740510842
lvx1=1.1694437702341964
lvy1=0.713148878522692
lvz1=-0.20648089748183104
avx1=0.20455312009581716
avy1=-0.26712912163262087
avz1=-6.2741706749013675
shx1=1.0
shy1=0.8
shz1=0.6
req1=1.0
rhos1=1.0
cex2=5.5
cey2=0.0
cez2=0.0
oriw2=0.380876368155071
orii2=0.017113727385690575
orij2=0.5342806952350595
orik2=0.7544431398157933
lvx2=0.9276654696393726
lvy2=0.5657079084572474
lvz2=-0.16379171329946246
avx2=6.072299180077976
avy2=1.2461381485266654
avz2=-1.0260311821617836
shx2=1.0
shy2=0.8
shz2=0.6
req2=1.0
rhos2=1.0
rhof=1.0
ndiv=2
tend=100.0
dt=0.05
tprint=1
logevery=100
nbody=2
impulse_scheme=1
energy_projection=0
impulse_pair_metric_correction=0
