cex1=-2.5
cey1=0.0
cez1=0.0
oriw1=-0.3533918425955955
orii1=0.17862584420718652
orij1=0.3795188632657035
orik1=-0.8361653220468235
lvx1=0.5860975448401188
lvy1=0.10254494703884481
lvz1=0.2559116161389314
avx1=-6.216888357250644
avy1=-0.9058745426036492
avz1=-0.09004482717767145
shx1=1.0
shy1=0.7
shz1=0.7
req1=1.0
rhos1=4.0
cex2=2.5
cey2=0.0
cez2=0.0
oriw2=0.2686408619730517
orii2=0.9136056917033171
orij2=-0.2760398408246226
orik2=0.13022570269803216
lvx2=0.7064209468812886
lvy2=0.123597000572376
lvz2=0.3084492125625607
avx2=-1.9823153353011436
avy2=-0.2679956930714932
avz2=5.956259046102887
shx2=1.0
shy2=0.7
shz2=0.7
req2=1.0
rhos2=4.0
rhof=1.0
ndiv=2
tend=100.0
dt=0.05
tprint=1
logevery=100
nbody=2
impulse_scheme=1
energy_projection=0
impulse_pair_metric_correction=0
