cex1=-4.0
cey1=0.0
cez1=0.0
oriw1=0.3749210413234775
orii1=0.23611565918383776
orij1=0.5218310064349433
orik1=0.7289554231804544
lvx1=-1.4516490416732903
lvy1=-5.3516539227296205
lvz1=-6.181683217853618
avx1=0.742895418720338
avy1=-5.528201259369996
avz1=-2.892319974882059
shx1=2.0
shy1=1.0
shz1=0.5
req1=1.0
rhos1=1.0
cex2=4.0
cey2=0.0
cez2=0.0
oriw2=-0.2782947906469873
orii2=0.35732734405546
orij2=0.6797696155289301
orik2=0.5768729916477898
lvx2=-1.055193445225203
lvy2=-3.89007947394007
lvz2=-4.493421911689467
avx2=5.122317637100006
avy2=-3.2468632292460793
avz2=1.6426073175233835
shx2=2.0
shy2=1.0
shz2=0.5
req2=1.0
rhos2=1.0
rhof=1.0
ndiv=2
tend=100.0
dt=0.05
tprint=1
logevery=100
nbody=2
impulse_scheme=1
energy_projection=0
impulse_pair_metric_correction=0
