cex1=-2.5
cey1=0.0
cez1=0.0
oriw1=-0.3311703422079963
orii1=-0.8555723900073143
orij1=-0.27275335930379135
orik1=-0.28970276989961197
lvx1=-1.1570439132093402
lvy1=-2.3546443634223047
lvz1=1.9857133057234204
avx1=4.405957322226993
avy1=-3.013960635325414
avz1=3.3139099214946386
shx1=1.0
shy1=0.8
shz1=0.6
req1=1.0
rhos1=1.0
cex2=2.5
cey2=0.0
cez2=0.0
oriw2=-0.1029259945665209
orii2=-0.19877588466869908
orij2=-0.9730264521732829
orik2=-0.05580242546469353
lvx2=-1.3176531561593823
lvy2=-2.6814925014301987
lvz2=2.261350130831857
avx2=0.5377933624465204
avy2=-0.12162801421309374
avz2=-6.258945800198663
shx2=1.0
shy2=0.8
shz2=0.6
req2=1.0
rhos2=1.0
rhof=1.0
ndiv=2
tend=100.0
dt=0.05
tprint=1
logevery=100
nbody=2
impulse_scheme=1
energy_projection=0
impulse_pair_metric_correction=0
