cex1=-4.0
cey1=0.0
cez1=0.0
oriw1=-0.040876206268891
orii1=0.6845163827121892
orij1=-0.6557648394564438
orik1=0.3158147129130423
lvx1=4.57462076968622
lvy1=-5.2966868184418
lvz1=-0.06866610326784123
avx1=-2.7466627639144225
avy1=0.8020610840072527
avz1=5.593832253759897
shx1=1.3
shy1=1.3
shz1=0.5917159763313609
req1=1.0
rhos1=1.0
cex2=4.0
cey2=0.0
cez2=0.0
oriw2=0.7096527944641291
orii2=-0.6636471736022674
orij2=0.13369820339281455
orik2=0.19516693031481533
lvx2=6.469608315457733
lvy2=-7.49078247360751
lvz2=-0.09711029942317521
avx2=4.2282631628486795
avy2=-0.3524718489869259
avz2=4.634217498750576
shx2=2.0
shy2=2.0
shz2=0.25
req2=1.0
rhos2=1.0
rhof=1.0
ndiv=2
tend=100.0
dt=0.05
tprint=1
logevery=100
nbody=2
impulse_scheme=1
energy_projection=0
impulse_pair_metric_correction=0
