cex1=-1.5
cey1=0.0
cez1=0.0
oriw1=0.4523330482097217
orii1=-0.8705807474085427
orij1=-0.1423501616526206
orik1=0.13122654920540075
lvx1=1.4120587481599105
lvy1=2.7554440602707664
lvz1=0.2571436549506318
avx1=-5.409418467642154
avy1=-2.417359165421549
avz1=-2.0911681213240296
shx1=1.0
shy1=0.8
shz1=0.6
req1=1.0
rhos1=10.0
cex2=1.5
cey2=0.0
cez2=0.0
oriw2=-0.22587214069043612
orii2=0.08223274724194428
orij2=0.8544715291041242
orik2=0.4605409398646577
lvx2=1.5860122049656413
lvy2=3.0948909989647344
lvz2=0.288821535019441
avx2=0.06531628744902958
avy2=-5.591077678053454
avz2=-2.866007987588959
shx2=1.0
shy2=0.8
shz2=0.6
req2=1.0
rhos2=10.0
rhof=1.0
ndiv=2
tend=100.0
dt=0.05
tprint=1
logevery=100
nbody=2
impulse_scheme=1
energy_projection=0
impulse_pair_metric_correction=0
