cex1=-4.0
cey1=0.0
cez1=0.0
oriw1=1.0
orii1=1.0
orij1=1.0
orik1=0.0
lvx1=0.34017196590501086
lvy1=0.3944299727431388
lvz1=-0.5446412980375456
avx1=-2.335415777765095
avy1=5.678619544183202
avz1=1.3332407216042637
shx1=1.0
shy1=0.8
shz1=0.6
req1=1.0
rhos1=1.0
cex2=4.0
cey2=0.0
cez2=0.0
oriw2=1.0
orii2=-1.0
orij2=0.0
orik2=1.0
lvx2=0.350314114888654
lvy2=0.4061898117308474
lvz2=-0.5608796531666806
avx2=2.4178072587855395
avy2=-4.479267155481798
avz2=3.6835840445880126
shx2=1.0
shy2=0.8
shz2=0.6
req2=1.0
rhos2=1.0
rhof=1.0
ndiv=2
tend=100.0
dt=0.05
tprint=1
logevery=100
nbody=2
impulse_scheme=1
energy_projection=0
impulse_pair_metric_correction=0
