cex1=-4.0
cey1=0.0
cez1=0.0
oriw1=0.9813802473362888
orii1=-0.1789639702511481
orij1=0.057821750696469484
orik1=-0.039004520718835665
lvx1=-1.1544119240668096
lvy1=-5.371100408142632
lvz1=1.1823466058147973
avx1=-3.496968287480505
avy1=-3.9450334580877704
avz1=-3.418529130383584
shx1=1.001
shy1=1.001
shz1=0.9980029960049943
req1=1.0
rhos1=1.0
cex2=4.0
cey2=0.0
cez2=0.0
oriw2=0.035130781984523574
orii2=-0.42144277093182575
orij2=0.5948017204530975
orik2=0.6836393291293997
lvx2=-1.7124522752392144
lvy2=-7.967479305012635
lvz2=1.7538905247237684
avx2=5.833952767265378
avy2=1.4334888924722595
avz2=1.8407939343752546
shx2=2.0
shy2=2.0
shz2=0.25
req2=1.0
rhos2=1.0
rhof=1.0
ndiv=2
tend=100.0
dt=0.05
tprint=1
logevery=100
nbody=2
impulse_scheme=1
energy_projection=0
impulse_pair_metric_correction=0
