cex1=-2.5
cey1=0.0
cez1=0.0
oriw1=1.0
orii1=1.0
orij1=1.0
orik1=0.0
lvx1=0.7329916633334314
lvy1=0.031143440301542653
lvz1=-0.08206441643166772
avx1=-3.964124110581022
avy1=2.8352119882088433
avz1=3.9655656118874787
shx1=1.0
shy1=0.7
shz1=0.7
req1=1.0
rhos1=10.0
cex2=2.5
cey2=0.0
cez2=0.0
oriw2=1.0
orii2=-1.0
orij2=0.0
orik2=1.0
lvx2=0.784349902316437
lvy2=0.03332555550116943
lvz2=-0.08781439166594436
avx2=-1.1244868686828546
avy2=-4.539967165730809
avz2=4.195550621861621
shx2=1.0
shy2=0.7
shz2=0.7
req2=1.0
rhos2=10.0
rhof=1.0
ndiv=2
tend=100.0
dt=0.05
tprint=1
logevery=100
nbody=2
impulse_scheme=1
energy_projection=0
impulse_pair_metric_correction=0
