cex1=-4.0
cey1=0.0
cez1=0.0
oriw1=0.7520746364476129
orii1=-0.125413221260603
orij1=0.25848094197999916
orik1=0.5931634410332133
lvx1=-4.076611773884947
lvy1=2.690911533630419
lvz1=-2.0243237133304897
avx1=-5.744576801756269
avy1=-0.38096049222428474
avz1=-2.5165699029523068
shx1=1.3
shy1=1.0
shz1=0.7692307692307692
req1=1.0
rhos1=1.0
cex2=4.0
cey2=0.0
cez2=0.0
oriw2=-0.69942977651802
orii2=-0.2601520318166227
orij2=0.5795615149986653
orik2=0.32745588770716494
lvx2=-5.016517301908548
lvy2=3.311329362496033
lvz2=-2.4910527408177883
avx2=-0.5274612923475195
avy2=0.3574081775185301
avz2=6.250796875925133
shx2=1.3
shy2=1.0
shz2=0.7692307692307692
req2=1.0
rhos2=1.0
rhof=1.0
ndiv=2
tend=100.0
dt=0.05
tprint=1
logevery=100
nbody=2
impulse_scheme=1
energy_projection=0
impulse_pair_metric_correction=0
