cex1=-4.0
cey1=0.0
cez1=0.0
oriw1=-0.7045526313368004
orii1=-0.07004661080251677
orij1=0.6369251994261149
orik1=0.3050005775854782
lvx1=-2.546793218532895
lvy1=-4.2934331117058395
lvz1=2.5812807869018677
avx1=-4.442858741814713
avy1=-1.6487575988091083
avz1=4.1256541523747785
shx1=1.0
shy1=1.0
shz1=1.0
req1=1.0
rhos1=1.0
cex2=4.0
cey2=0.0
cez2=0.0
oriw2=0.04366134674979088
orii2=0.8679870345013049
orij2=0.48781235546363
orik2=-0.08204450374431056
lvx2=-2.5467932185328945
lvy2=-4.2934331117058395
lvz2=2.5812807869018677
avx2=0.6382547537982738
avy2=6.2169380345974785
avz2=0.648636992150912
shx2=1.0
shy2=1.0
shz2=1.0
req2=1.0
rhos2=1.0
rhof=1.0
ndiv=2
tend=100.0
dt=0.05
tprint=1
logevery=100
nbody=2
impulse_scheme=1
energy_projection=0
impulse_pair_metric_correction=0
