cex1=-2.5
cey1=0.0
cez1=0.0
oriw1=0.8910812462264085
orii1=0.1441624719535382
orij1=0.3041869075432095
orik1=0.3044038757689118
lvx1=0.08109574161749879
lvy1=0.6076886106368939
lvz1=-0.471696136939558
avx1=2.4406125142332606
avy1=5.362475850055745
avz1=-2.1830439567938966
shx1=1.0
shy1=0.7
shz1=0.7
req1=1.0
rhos1=1.0
cex2=2.5
cey2=0.0
cez2=0.0
oriw2=0.4387726288558213
orii2=-0.8362008305052903
orij2=-0.09638697488249898
orik2=0.31457320658666255
lvx2=0.07116004014042755
lvy2=0.5332357169845654
lvz2=-0.4139047916599942
avx2=-5.578290578135638
avy2=-1.672085969946644
avz2=-2.359071923309715
shx2=1.0
shy2=0.7
shz2=0.7
req2=1.0
rhos2=1.0
rhof=1.0
ndiv=2
tend=100.0
dt=0.05
tprint=1
logevery=100
nbody=2
impulse_scheme=1
energy_projection=0
impulse_pair_metric_correction=0
