cex1=-5.5
cey1=0.0
cez1=0.0
oriw1=-0.5674448604825587
orii1=0.040394076263630285
orij1=0.5899174208199542
orik1=-0.5730375952133251
lvx1=0.6164963274420957
lvy1=-0.13772014390402118
lvz1=0.397680379864095
avx1=-3.6719924616947273
avy1=-1.929865637748042
avz1=-4.719163865119951
shx1=1.0
shy1=0.7
shz1=0.7
req1=1.0
rhos1=10.0
cex2=5.5
cey2=0.0
cez2=0.0
oriw2=-0.5099440737851529
orii2=0.21071178145521008
orij2=-0.7930876080403079
orik2=0.25801091593240266
lvx2=0.6531797547058191
lvy2=-0.14591491596797512
lvz2=0.42134358536846944
avx2=1.0007404708343108
avy2=-5.796389173576122
avz2=-2.2088025404823486
shx2=1.0
shy2=0.7
shz2=0.7
req2=1.0
rhos2=10.0
rhof=1.0
ndiv=2
tend=100.0
dt=0.05
tprint=1
logevery=100
nbody=2
impulse_scheme=1
energy_projection=0
impulse_pair_metric_correction=0
