cex1=-2.5
cey1=0.0
cez1=0.0
oriw1=0.4556758766811693
orii1=-0.07450007215229824
orij1=0.08839299235380763
orik1=-0.8826074515677339
lvx1=-1.9556728194581467
lvy1=1.8653642973995044
lvz1=1.9708922245916158
avx1=4.398382448526246
avy1=1.8121377438196153
avz1=4.104729739980216
shx1=1.0
shy1=0.8
shz1=0.6
req1=1.0
rhos1=10.0
cex2=2.5
cey2=0.0
cez2=0.0
oriw2=0.5355132233630462
orii2=0.18656682698100488
orij2=0.7071334188514192
orik2=0.42235143496508143
lvx2=-1.9184747803293636
lvy2=1.8298839790999806
lvz2=1.933404703489141
avx2=-3.9867385313339807
avy2=4.25395868214297
avz2=-2.3426841480991114
shx2=1.0
shy2=0.8
shz2=0.6
req2=1.0
rhos2=10.0
rhof=1.0
ndiv=2
tend=100.0
dt=0.05
tprint=1
logevery=100
nbody=2
impulse_scheme=1
energy_projection=0
impulse_pair_metric_correction=0
