cex1=-5.5
cey1=0.0
cez1=0.0
oriw1=-0.02418619155543955
orii1=0.4922155174464406
orij1=0.620755388692965
orik1=-0.6097554099240303
lvx1=1.7833961487314116
lvy1=0.03135971000058112
lvz1=-0.6010885849758213
avx1=-5.498855555776907
avy1=-2.6421399608998977
avz1=-1.50336343180043
shx1=1.0
shy1=0.8
shz1=0.6
req1=1.0
rhos1=10.0
cex2=5.5
cey2=0.0
cez2=0.0
oriw2=-0.645677018452215
orii2=0.2871442003079706
orij2=0.5963759817114077
orik2=0.38076906979153224
lvx2=2.0634421943243253
lvy2=0.03628411380332025
lvz2=-0.695477305840369
avx2=3.206464942313751
avy2=-0.21772424908704568
avz2=5.39903661123258
shx2=1.0
shy2=0.8
shz2=0.6
req2=1.0
rhos2=10.0
rhof=1.0
ndiv=2
tend=100.0
dt=0.05
tprint=1
logevery=100
nbody=2
impulse_scheme=1
energy_projection=0
impulse_pair_metric_correction=0
