cex1=-1.5
cey1=0.0
cez1=0.0
oriw1=0.09959104097152469
orii1=-0.7182855008520773
orij1=-0.08525316770055522
orik1=0.6832857829787691
lvx1=7.809423329203541
lvy1=-5.035581505847589
lvz1=-2.1960675506743024
avx1=-2.057807643034902
avy1=-0.7733375421795194
avz1=-5.886067817692921
shx1=1.0
shy1=0.7
shz1=0.7
req1=1.0
rhos1=1.0
cex2=1.5
cey2=0.0
cez2=0.0
oriw2=0.029525224616393533
orii2=0.20944927119617923
orij2=0.6556524662036648
orik2=-0.7248303991057445
lvx2=7.845536842417034
lvy2=-5.058867801337425
lvz2=-2.2062229374635454
avx2=-1.7901467912467899
avy2=1.7877864818079636
avz2=5.751313899067843
shx2=1.0
shy2=0.7
shz2=0.7
req2=1.0
rhos2=1.0
rhof=1.0
ndiv=2
tend=100.0
dt=0.05
tprint=1
logevery=100
nbody=2
impulse_scheme=1
energy_projection=0
impulse_pair_metric_correction=0
