cex1=-5.5
cey1=0.0
cez1=0.0
oriw1=0.6453490862180331
orii1=-0.14167318513170996
orij1=-0.6210944724917686
orik1=-0.42153875476918795
lvx1=4.988195260999194
lvy1=-2.3953106074730783
lvz1=1.7142504062719626
avx1=1.69460227076369
avy1=1.2756646291871503
avz1=-5.914340242336484
shx1=1.0
shy1=0.7
shz1=0.7
req1=1.0
rhos1=0.1
cex2=5.5
cey2=0.0
cez2=0.0
oriw2=-0.1385824106715735
orii2=0.46325094732607985
orij2=0.8079161794720321
orik2=0.3368455465064961
lvx2=4.4831446181955705
lvy2=-2.152787390413551
lvz2=1.5406839710557516
avx2=-4.949056346458542
avy2=1.615723539230738
avz2=-3.5177686576452913
shx2=1.0
shy2=0.7
shz2=0.7
req2=1.0
rhos2=0.1
rhof=1.0
ndiv=2
tend=100.0
dt=0.05
tprint=1
logevery=100
nbody=2
impulse_scheme=1
energy_projection=0
impulse_pair_metric_correction=0
