cex1=-4.0
cey1=0.0
cez1=0.0
oriw1=-0.10347017752191814
orii1=-0.20718286163492428
orij1=-0.6047394677070091
orik1=-0.7620100789397669
lvx1=-7.625307677935162
lvy1=0.7567877489761901
lvz1=-0.36439167149482377
avx1=3.2523240507060933
avy1=3.7592514512336934
avz1=-3.843024121698109
shx1=2.0
shy1=1.0
shz1=0.5
req1=1.0
rhos1=1.0
cex2=4.0
cey2=0.0
cez2=0.0
oriw2=0.7718741967679572
orii2=-0.16239302409044024
orij2=0.5679575712446198
orik2=0.23508068265277615
lvx2=-5.586064574641545
lvy2=0.5543992994946741
lvz2=-0.26694206888486455
avx2=-3.68964267983787
avy2=2.2886689912144624
avz2=-4.541690076186356
shx2=1.0
shy2=1.0
shz2=1.0
req2=1.0
rhos2=1.0
rhof=1.0
ndiv=2
tend=100.0
dt=0.05
tprint=1
logevery=100
nbody=2
impulse_scheme=1
energy_projection=0
impulse_pair_metric_correction=0
