cex1=-4.0
cey1=0.0
cez1=0.0
oriw1=0.4334372296212588
orii1=0.4139874048689179
orij1=0.4078332864200147
orik1=0.6887805217019403
lvx1=6.220988667507063
lvy1=7.371520733386598
lvz1=0.8604274641761132
avx1=1.0244812331631834
avy1=5.30318972163297
avz1=3.21014557047189
shx1=1.0
shy1=0.7
shz1=0.7
req1=1.0
rhos1=0.3
cex2=4.0
cey2=0.0
cez2=0.0
oriw2=-0.2660799627027472
orii2=0.024696830948457597
orij2=-0.7383465537723192
orik2=0.6192220009994378
lvx2=6.1940583423426085
lvy2=7.33960981682385
lvz2=0.8567027199868628
avx2=-1.427208774051412
avy2=2.590600191327258
avz2=-5.5434901793295595
shx2=1.0
shy2=0.7
shz2=0.7
req2=1.0
rhos2=0.3
rhof=1.0
ndiv=2
tend=100.0
dt=0.05
tprint=1
logevery=100
nbody=2
impulse_scheme=1
energy_projection=0
impulse_pair_metric_correction=0
