cex1=-5.5
cey1=0.0
cez1=0.0
oriw1=0.8342777522127691
orii1=0.458399409962041
orij1=-0.2816519240465407
orik1=0.12051060862075082
lvx1=-0.10112981651159764
lvy1=0.26910837011353556
lvz1=1.204985241566977
avx1=2.34745189943949
avy1=-5.816724651192264
avz1=0.36551541196999326
shx1=1.0
shy1=0.8
shz1=0.6
req1=1.0
rhos1=0.1
cex2=5.5
cey2=0.0
cez2=0.0
oriw2=-0.5758585264062849
orii2=0.7452622430022611
orij2=-0.31177589927981153
orik2=-0.12556645789654866
lvx2=-0.10927474221534736
lvy2=0.29078217272130125
lvz2=1.3020339222155017
avx2=0.4749327056793054
avy2=3.8662653136959153
avz2=4.929994833014066
shx2=1.0
shy2=0.8
shz2=0.6
req2=1.0
rhos2=0.1
rhof=1.0
ndiv=2
tend=100.0
dt=0.05
tprint=1
logevery=100
nbody=2
impulse_scheme=1
energy_projection=0
impulse_pair_metric_correction=0
