cex1=-4.0
cey1=0.0
cez1=0.0
oriw1=0.3092897728715778
orii1=0.9384456649666166
orij1=-0.00933704622098792
orik1=-0.1535330253407385
lvx1=-1.588034506507821
lvy1=3.9830693725720936
lvz1=3.6065721749207387
avx1=-3.810275410382984
avy1=-4.50608238254822
avz1=-2.1576469736907304
shx1=1.01
shy1=1.01
shz1=0.9802960494069208
req1=1.0
rhos1=1.0
cex2=4.0
cey2=0.0
cez2=0.0
oriw2=-0.55343908526684
orii2=-0.010690552026528065
orij2=0.7193216427178092
orik2=-0.41972284345044175
lvx2=-1.5875374513331415
lvy2=3.9818226709200637
lvz2=3.605443316980277
avx2=-4.522780976325401
avy2=-3.898506792353549
avz2=-1.9556366315140792
shx2=1.01
shy2=1.01
shz2=0.9802960494069208
req2=1.0
rhos2=1.0
rhof=1.0
ndiv=2
tend=100.0
dt=0.05
tprint=1
logevery=100
nbody=2
impulse_scheme=1
energy_projection=0
impulse_pair_metric_correction=0
