cex1=-1.5
cey1=0.0
cez1=0.0
oriw1=0.014231705638835515
orii1=0.10111986276984022
orij1=-0.9924501946148445
orik1=0.06793263661139291
lvx1=-4.366145693340357
lvy1=-1.5126078502344864
lvz1=3.142536807993261
avx1=3.917436854351344
avy1=-2.8525625068376916
avz1=-3.999374106171007
shx1=1.0
shy1=0.8
shz1=0.6
req1=1.0
rhos1=0.03
cex2=1.5
cey2=0.0
cez2=0.0
oriw2=0.7500050087977289
orii2=0.4258949035889114
orij2=-0.26570686826247886
orik2=-0.43070393315299116
lvx2=-4.514766586559736
lvy2=-1.5640960839265932
lvz2=3.2495068131607745
avx2=1.0168555420135612
avy2=5.2757188152863685
avz2=3.2574857471778955
shx2=1.0
shy2=0.8
shz2=0.6
req2=1.0
rhos2=0.03
rhof=1.0
ndiv=2
tend=100.0
dt=0.05
tprint=1
logevery=100
nbody=2
impulse_scheme=1
energy_projection=0
impulse_pair_metric_correction=0
