cex1=-1.5
cey1=0.0
cez1=0.0
oriw1=0.29195195001735214
orii1=0.19014418021224774
orij1=0.9068291672709902
orik1=-0.23721321843244803
lvx1=-0.9039125984643513
lvy1=0.9356200025380548
lvz1=0.2824926780203194
avx1=0.319072072576752
avy1=4.193352535674821
avz1=4.66823361973333
shx1=1.0
shy1=0.8
shz1=0.6
req1=1.0
rhos1=4.0
cex2=1.5
cey2=0.0
cez2=0.0
oriw2=0.5774549104179488
orii2=0.5755888882738666
orij2=-0.49603588591885167
orik2=0.2986497246115473
lvx2=-0.9388870842568856
lvy2=0.9718213217160048
lvz2=0.293422978328891
avx2=-0.5621577956101325
avy2=-0.5100143610839066
avz2=6.237169355459282
shx2=1.0
shy2=0.8
shz2=0.6
req2=1.0
rhos2=4.0
rhof=1.0
ndiv=2
tend=100.0
dt=0.05
tprint=1
logevery=100
nbody=2
impulse_scheme=1
energy_projection=0
impulse_pair_metric_correction=0
