cex1=-4.0
cey1=0.0
cez1=0.0
oriw1=-0.22174522786225673
orii1=0.8913344153645875
orij1=-0.22394891096038558
orik1=0.32588172576356916
lvx1=5.143686565791879
lvy1=-1.1250239728976363
lvz1=-1.92818193518593
avx1=5.741256138380953
avy1=-2.5071314173645276
avz1=-0.4802995043972002
shx1=1.0060089999999997
shy1=0.9970089730807579
shz1=0.9970089730807579
req1=1.0
rhos1=1.0
cex2=4.0
cey2=0.0
cez2=0.0
oriw2=0.26293754139430525
orii2=-0.20862659137452427
orij2=-0.18770713469386904
orik2=-0.9230952422594231
lvx2=5.161176218959206
lvy2=-1.1288492991182821
lvz2=-1.9347381731795479
avx2=-1.805600882176565
avy2=5.07217605391029
avz2=-3.2390203977097283
shx2=1.0060089999999997
shy2=0.9970089730807579
shz2=0.9970089730807579
req2=1.0
rhos2=1.0
rhof=1.0
ndiv=2
tend=100.0
dt=0.05
tprint=1
logevery=100
nbody=2
impulse_scheme=1
energy_projection=0
impulse_pair_metric_correction=0
