cex1=-5.5
cey1=0.0
cez1=0.0
oriw1=-0.545640344633684
orii1=-0.5407086595714008
orij1=0.2907951124845914
orik1=0.5703936906449855
lvx1=2.869178485087537
lvy1=0.1460386724990299
lvz1=-4.691648886663993
avx1=-3.7294020901539695
avy1=-1.5963383513385034
avz1=4.798091445810355
shx1=1.0
shy1=0.7
shz1=0.7
req1=1.0
rhos1=1.0
cex2=5.5
cey2=0.0
cez2=0.0
oriw2=0.5039967854474536
orii2=0.7345728251545075
orij2=0.28243579867835744
orik2=0.355837075679414
lvx2=2.938339992751268
lvy2=0.14955893267794124
lvz2=-4.804741018128461
avx2=2.993249699772549
avy2=-4.9426660898806
avz2=-2.467574874874805
shx2=1.0
shy2=0.7
shz2=0.7
req2=1.0
rhos2=1.0
rhof=1.0
ndiv=2
tend=100.0
dt=0.05
tprint=1
logevery=100
nbody=2
impulse_scheme=1
energy_projection=0
impulse_pair_metric_correction=0
