cex1=-2.5
cey1=0.0
cez1=0.0
oriw1=0.31981167089509305
orii1=0.6637923783252532
orij1=-0.6656973937760704
orik1=-0.11809806753855011
lvx1=5.052572186704497
lvy1=1.601217670109568
lvz1=-8.62990958109593
avx1=0.22117256043254668
avy1=-2.5595806419098843
avz1=-5.733938196425675
shx1=1.0
shy1=0.8
shz1=0.6
req1=1.0
rhos1=10.0
cex2=2.5
cey2=0.0
cez2=0.0
oriw2=0.5099697360453369
orii2=0.6104116244067697
orij2=0.6054455550173476
orik2=0.027644113598995122
lvx2=4.8784911830001745
lvy2=1.5460494174133945
lvz2=-8.332575220251382
avx2=-2.8637342088379096
avy2=1.7680695926329888
avz2=5.305786831478962
shx2=1.0
shy2=0.8
shz2=0.6
req2=1.0
rhos2=10.0
rhof=1.0
ndiv=2
tend=100.0
dt=0.05
tprint=1
logevery=100
nbody=2
impulse_scheme=1
energy_projection=0
impulse_pair_metric_correction=0
