cex1=-4.0
cey1=0.0
cez1=0.0
oriw1=0.2842056417116131
orii1=0.389978401947646
orij1=-0.6854150996385703
orik1=0.545298212376585
lvx1=-3.8942129158023016
lvy1=-4.04962010175207
lvz1=0.09993914965556924
avx1=-4.98803703937922
avy1=3.352158923705283
avz1=-1.8332852064971934
shx1=1.0006000899999998
shy1=0.9997000899730081
shz1=0.9997000899730081
req1=1.0
rhos1=1.0
cex2=4.0
cey2=0.0
cez2=0.0
oriw2=0.5042320286056925
orii2=-0.046057544972022094
orij2=0.6034033485636074
orik2=0.6160626289766034
lvx2=-3.8947326788836607
lvy2=-4.050160607129647
lvz2=0.09995248859760876
avx2=3.090359378007846
avy2=3.5693175037419267
avz2=4.145849620596228
shx2=1.0
shy2=1.0
shz2=1.0
req2=1.0
rhos2=1.0
rhof=1.0
ndiv=2
tend=100.0
dt=0.05
tprint=1
logevery=100
nbody=2
impulse_scheme=1
energy_projection=0
impulse_pair_metric_correction=0
