cex1=-4.0
cey1=0.0
cez1=0.0
oriw1=-0.03555494527315236
orii1=-0.6614665920834735
orij1=0.739059675863168
orik1=-0.12242789280685991
lvx1=3.5091637599796957
lvy1=1.2071130973509474
lvz1=-4.220313112841658
avx1=-1.2033855959491864
avy1=6.165878270371187
avz1=0.11057064160017503
shx1=1.0003
shy1=1.0
shz1=0.9997000899730081
req1=1.0
rhos1=1.0
cex2=4.0
cey2=0.0
cez2=0.0
oriw2=-0.14485676361312022
orii2=-0.7295015866803373
orij2=-0.21581557436808296
orik2=-0.6326670458673957
lvx2=3.5091825926934317
lvy2=1.2071195755939035
lvz2=-4.2203357620977675
avx2=1.3287588639430041
avy2=-2.8764853888707616
avz2=-5.425739515813799
shx2=1.0
shy2=1.0
shz2=1.0
req2=1.0
rhos2=1.0
rhof=1.0
ndiv=2
tend=100.0
dt=0.05
tprint=1
logevery=100
nbody=2
impulse_scheme=1
energy_projection=0
impulse_pair_metric_correction=0
