cex1=-4.0
cey1=0.0
cez1=0.0
oriw1=0.20837079030142455
orii1=0.7472304875937688
orij1=0.5931062215070395
orik1=0.2155300957388108
lvx1=1.0098191488241355
lvy1=-2.8175551467211237
lvz1=-4.746709497563671
avx1=6.270829292849792
avy1=0.38270591144280786
avz1=-0.09302563969752141
shx1=1.003
shy1=1.003
shz1=0.9940268924035474
req1=1.0
rhos1=1.0
cex2=4.0
cey2=0.0
cez2=0.0
oriw2=-0.37105284373214725
orii2=-0.7083038154165862
orij2=-0.14148957266433723
orik2=0.5836147642510912
lvx2=1.011311329416143
lvy2=-2.8217185665886753
lvz2=-4.753723573100276
avx2=-1.9960869523417213
avy2=-5.2696719661613365
avz2=-2.7793185949260812
shx2=1.0
shy2=1.0
shz2=1.0
req2=1.0
rhos2=1.0
rhof=1.0
ndiv=2
tend=100.0
dt=0.05
tprint=1
logevery=100
nbody=2
impulse_scheme=1
energy_projection=0
impulse_pair_metric_correction=0
