cex1=-1.5
cey1=0.0
cez1=0.0
oriw1=-0.672992052169129
orii1=-0.033059989898558934
orij1=0.11026451404696165
orik1=-0.7306370314506915
lvx1=0.007491937269180658
lvy1=-5.123046411946357
lvz1=1.5298536194386625
avx1=4.419880152701609
avy1=-2.086329368618012
avz1=3.948456256026374
shx1=1.0
shy1=0.7
shz1=0.7
req1=1.0
rhos1=4.0
cex2=1.5
cey2=0.0
cez2=0.0
oriw2=0.8648390814096475
orii2=0.08698440526667651
orij2=0.013383777092164513
orik2=-0.49427517742414173
lvx2=0.008017220936801342
lvy2=-5.48223957013366
lvz2=1.6371165464051347
avx2=2.37280323981572
avy2=-5.614712016440701
avz2=1.5242149985857807
shx2=1.0
shy2=0.7
shz2=0.7
req2=1.0
rhos2=4.0
rhof=1.0
ndiv=2
tend=100.0
dt=0.05
tprint=1
logevery=100
nbody=2
impulse_scheme=1
energy_projection=0
impulse_pair_metric_correction=0
