cex1=-2.5
cey1=0.0
cez1=0.0
oriw1=0.11361757774859704
orii1=-0.9451054623960512
orij1=-0.1278731740957665
orik1=0.2784154491445503
lvx1=0.13443158080430156
lvy1=-0.5893784799083123
lvz1=0.23267716161940616
avx1=6.215992186298022
avy1=-0.22812939155570047
avz1=-0.8875898404937942
shx1=1.0
shy1=0.7
shz1=0.7
req1=1.0
rhos1=0.03
cex2=2.5
cey2=0.0
cez2=0.0
oriw2=-0.47824514492608033
orii2=-0.22675629509733278
orij2=-0.2077327343055826
orik2=-0.8226240180582439
lvx2=0.16203148566770914
lvy2=-0.7103827102884454
lvz2=0.2804476890963681
avx2=1.9776522190792327
avy2=-5.935340565610774
avz2=-0.5822728526589528
shx2=1.0
shy2=0.7
shz2=0.7
req2=1.0
rhos2=0.03
rhof=1.0
ndiv=2
tend=100.0
dt=0.05
tprint=1
logevery=100
nbody=2
impulse_scheme=1
energy_projection=0
impulse_pair_metric_correction=0
