cex1=-5.5
cey1=0.0
cez1=0.0
oriw1=0.4121217685116843
orii1=0.347239123900144
orij1=0.43954146636297237
orik1=0.7185985931654404
lvx1=-1.7771546545112467
lvy1=-0.42470205112025855
lvz1=0.8394206943806815
avx1=-4.0974045272070825
avy1=3.1033117786797773
avz1=3.6137445605753173
shx1=1.0
shy1=0.7
shz1=0.7
req1=1.0
rhos1=4.0
cex2=5.5
cey2=0.0
cez2=0.0
oriw2=0.0328209027296642
orii2=0.2742719358066721
orij2=0.4785812302884005
orik2=0.8334612765980863
lvx2=-1.8640155517503416
lvy2=-0.44545995259267435
lvz2=0.8804485444273182
avx2=2.6305405640537174
avy2=5.4277556133743055
avz2=-1.7601542394657086
shx2=1.0
shy2=0.7
shz2=0.7
req2=1.0
rhos2=4.0
rhof=1.0
ndiv=2
tend=100.0
dt=0.05
tprint=1
logevery=100
nbody=2
impulse_scheme=1
energy_projection=0
impulse_pair_metric_correction=0
