cex1=-1.5
cey1=0.0
cez1=0.0
oriw1=0.25746163004899464
orii1=-0.5683288179225588
orij1=-0.5176311678983777
orik1=-0.5854689042053584
lvx1=0.4288042657497935
lvy1=0.5224961525782202
lvz1=-0.3455363700753644
avx1=3.16140011676026
avy1=-4.546198365666593
avz1=-2.9691829391460605
shx1=1.0
shy1=0.7
shz1=0.7
req1=1.0
rhos1=0.03
cex2=1.5
cey2=0.0
cez2=0.0
oriw2=-0.10780726968413874
orii2=0.585091700182302
orij2=0.7033894584022871
orik2=-0.38895830726386577
lvx2=0.4141402773003039
lvy2=0.5046281457548448
lvz2=-0.3337199266666128
avx2=-4.132343900027141
avy2=3.029269219263995
avz2=3.6367127317792938
shx2=1.0
shy2=0.7
shz2=0.7
req2=1.0
rhos2=0.03
rhof=1.0
ndiv=2
tend=100.0
dt=0.05
tprint=1
logevery=100
nbody=2
impulse_scheme=1
energy_projection=0
impulse_pair_metric_correction=0
