cex1=-4.0
cey1=0.0
cez1=0.0
oriw1=-0.015658885052893333
orii1=0.335123257703038
orij1=0.4191419291863499
orik1=0.8436629923514177
lvx1=0.3854909603757412
lvy1=0.08707894829140243
lvz1=5.60593864216502
avx1=-6.276759316680288
avy1=0.18708863913320947
avz1=-0.21379412043345106
shx1=1.0
shy1=1.0
shz1=1.0
req1=1.0
rhos1=1.0
cex2=4.0
cey2=0.0
cez2=0.0
oriw2=0.2756350456840734
orii2=-0.43707546979738365
orij2=-0.8354888131677951
orik2=-0.18694597712602512
lvx2=0.5521912264329222
lvy2=0.12473504231240709
lvz2=8.03014973712368
avx2=2.980371515697812
avy2=-5.493837235137758
avz2=0.6430829391209748
shx2=2.0
shy2=2.0
shz2=0.25
req2=1.0
rhos2=1.0
rhof=1.0
ndiv=2
tend=100.0
dt=0.05
tprint=1
logevery=100
nbody=2
impulse_scheme=1
energy_projection=0
impulse_pair_metric_correction=0
