cex1=-1.5
cey1=0.0
cez1=0.0
oriw1=1.0
orii1=2.0
orij1=0.0
orik1=0.0
lvx1=1.0456845917251647
lvy1=-0.29308758774750193
lvz1=-0.7848105034137922
avx1=0.24520146374002796
avy1=-3.860711746768758
avz1=4.951080554272866
shx1=1.0
shy1=0.8
shz1=0.6
req1=1.0
rhos1=0.3
cex2=1.5
cey2=0.0
cez2=0.0
oriw2=1.0
orii2=0.0
orij2=1.0
orik2=0.0
lvx2=1.0022156679249563
lvy2=-0.28090398848688325
lvz2=-0.7521860693918518
avx2=3.4032994223631268
avy2=2.4836633918563873
avz2=4.661264506767735
shx2=1.0
shy2=0.8
shz2=0.6
req2=1.0
rhos2=0.3
rhof=1.0
ndiv=2
tend=100.0
dt=0.05
tprint=1
logevery=100
nbody=2
impulse_scheme=1
energy_projection=0
impulse_pair_metric_correction=0
