cex1=-4.0
cey1=0.0
cez1=0.0
oriw1=0.8508345511219987
orii1=0.10445128566525057
orij1=0.37280874753954824
orik1=0.3552240606967615
lvx1=1.7773881832417475
lvy1=5.7063346425806465
lvz1=0.041471720207573046
avx1=1.3249719109456926
avy1=-3.236807955159959
avz1=-5.219764487117743
shx1=1.2100000000000002
shy1=0.9090909090909091
shz1=0.9090909090909091
req1=1.0
rhos1=1.0
cex2=4.0
cey2=0.0
cez2=0.0
oriw2=-0.5418847653344069
orii2=0.7827147128111062
orij2=0.14227185301719183
orik2=-0.2710669645798931
lvx2=1.6712163649210068
lvy2=5.365468234971016
lvz2=0.03899441784625305
avx2=-1.7680900321690707
avy2=-6.027917775152181
avz2=-0.12838433902227284
shx2=1.0
shy2=1.0
shz2=1.0
req2=1.0
rhos2=1.0
rhof=1.0
ndiv=2
tend=100.0
dt=0.05
tprint=1
logevery=100
nbody=2
impulse_scheme=1
energy_projection=0
impulse_pair_metric_correction=0
