cex1=-4.0
cey1=0.0
cez1=0.0
oriw1=-0.15192538214642975
orii1=-0.4318219157340681
orij1=-0.027919591956446083
orik1=-0.8886332245287739
lvx1=3.4269599897906793
lvy1=-4.872230114843609
lvz1=5.494185464642553
avx1=2.1707021240134963
avy1=-5.814096919341372
avz1=0.9811966702276854
shx1=2.0
shy1=2.0
shz1=0.25
req1=1.0
rhos1=1.0
cex2=4.0
cey2=0.0
cez2=0.0
oriw2=-0.08940127523468518
orii2=-0.6364697818480817
orij2=-0.3253297071843701
orik2=-0.6935951343572123
lvx2=4.247546953024509
lvy2=-6.0388875972848135
lvz2=6.809770408530346
avx2=-2.0582092156932656
avy2=-3.4527274826837684
avz2=4.829168185010018
shx2=2.0
shy2=2.0
shz2=0.25
req2=1.0
rhos2=1.0
rhof=1.0
ndiv=2
tend=100.0
dt=0.05
tprint=1
logevery=100
nbody=2
impulse_scheme=1
energy_projection=0
impulse_pair_metric_correction=0
