cex1=-1.5
cey1=0.0
cez1=0.0
oriw1=0.8491319412004993
orii1=-0.018373224607733663
orij1=-0.4903553833573725
orik1=0.19541998122768817
lvx1=-0.9665351812555212
lvy1=-0.8709383224804781
lvz1=0.2775047471794031
avx1=1.0054749046114073
avy1=3.976004741031626
avz1=4.760128582280961
shx1=1.0
shy1=0.8
shz1=0.6
req1=1.0
rhos1=1.0
cex2=1.5
cey2=0.0
cez2=0.0
oriw2=0.8513270159356942
orii2=-0.042370734949567584
orij2=0.01986579656731124
orik2=-0.522544144436244
lvx2=-0.9970985468375689
lvy2=-0.8984787647381605
lvz2=0.2862798846014889
avx2=1.3889489810149955
avy2=-0.13764502679527574
avz2=6.126197203738496
shx2=1.0
shy2=0.8
shz2=0.6
req2=1.0
rhos2=1.0
rhof=1.0
ndiv=2
tend=100.0
dt=0.05
tprint=1
logevery=100
nbody=2
impulse_scheme=1
energy_projection=0
impulse_pair_metric_correction=0
