cex1=-4.0
cey1=0.0
cez1=0.0
oriw1=-0.28592683918999956
orii1=-0.9033476582360482
orij1=0.2644388417526899
orik1=0.1796690011180551
lvx1=-4.328643286359896
lvy1=2.8089226511647327
lvz1=2.2261030799832793
avx1=3.1650046144353996
avy1=5.109528194750743
avz1=-1.8313615213843732
shx1=1.0
shy1=1.0
shz1=1.0
req1=1.0
rhos1=1.0
cex2=4.0
cey2=0.0
cez2=0.0
oriw2=0.5099557169997753
orii2=-0.4507407426669092
orij2=-0.03170105726608051
orik2=0.7319651580284002
lvx2=-6.585245533334399
lvy2=4.273266268059595
lvz2=3.3866120154542596
avx2=-0.988665070611549
avy2=-3.827637652951693
avz2=4.883661431776014
shx2=2.0
shy2=1.0
shz2=0.5
req2=1.0
rhos2=1.0
rhof=1.0
ndiv=2
tend=100.0
dt=0.05
tprint=1
logevery=100
nbody=2
impulse_scheme=1
energy_projection=0
impulse_pair_metric_correction=0
