cex1=-5.5
cey1=0.0
cez1=0.0
oriw1=1.0
orii1=1.0
orij1=1.0
orik1=0.0
lvx1=-0.25649326010346907
lvy1=0.6650780733517033
lvz1=-0.22193297785579427
avx1=4.257218904127838
avy1=2.598750348407356
avz1=3.821125676204154
shx1=1.0
shy1=0.8
shz1=0.6
req1=1.0
rhos1=4.0
cex2=5.5
cey2=0.0
cez2=0.0
oriw2=1.0
orii2=-1.0
orij2=0.0
orik2=1.0
lvx2=-0.2840545247613148
lvy2=0.7365434708844962
lvz2=-0.24578059684008993
avx2=-0.3829987183790972
avy2=2.528144260979736
avz2=5.739356774217179
shx2=1.0
shy2=0.8
shz2=0.6
req2=1.0
rhos2=4.0
rhof=1.0
ndiv=2
tend=100.0
dt=0.05
tprint=1
logevery=100
nbody=2
impulse_scheme=1
energy_projection=0
impulse_pair_metric_correction=0
