cex1=-2.5
cey1=0.0
cez1=0.0
oriw1=1.0
orii1=2.0
orij1=0.0
orik1=0.0
lvx1=-0.716249595414519
lvy1=-0.33533270831126405
lvz1=0.19866172842239882
avx1=-1.7463976341828369
avy1=2.4258981725275737
avz1=5.526620211685023
shx1=1.0
shy1=0.8
shz1=0.6
req1=1.0
rhos1=1.0
cex2=2.5
cey2=0.0
cez2=0.0
oriw2=1.0
orii2=0.0
orij2=1.0
orik2=0.0
lvx2=-0.6705492571839303
lvy2=-0.3139367895034703
lvz2=0.1859861077442151
avx2=2.532589848280138
avy2=5.01730696569606
avz2=2.8090989795170307
shx2=1.0
shy2=0.8
shz2=0.6
req2=1.0
rhos2=1.0
rhof=1.0
ndiv=2
tend=100.0
dt=0.05
tprint=1
logevery=100
nbody=2
impulse_scheme=1
energy_projection=0
impulse_pair_metric_correction=0
