cex1=-5.5
cey1=0.0
cez1=0.0
oriw1=-0.3860323597145693
orii1=0.6964972205889923
orij1=0.3141417791431042
orik1=-0.5168999724915984
lvx1=-3.3502688167623815
lvy1=3.4384932428369743
lvz1=0.808955883626374
avx1=6.211568110962455
avy1=0.5746404013112872
avz1=0.7514170722125935
shx1=1.0
shy1=0.8
shz1=0.6
req1=1.0
rhos1=10.0
cex2=5.5
cey2=0.0
cez2=0.0
oriw2=-0.6290947799776477
orii2=0.4357937276811153
orij2=-0.1612044790811943
orik2=-0.6231666716399665
lvx2=-3.7930138047569493
lvy2=3.8928972721203454
lvz2=0.915861085141043
avx2=-3.2649339292485657
avy2=-4.89336210782824
avz2=-2.2076302506691916
shx2=1.0
shy2=0.8
shz2=0.6
req2=1.0
rhos2=10.0
rhof=1.0
ndiv=2
tend=100.0
dt=0.05
tprint=1
logevery=100
nbody=2
impulse_scheme=1
energy_projection=0
impulse_pair_metric_correction=0
