cex1=-5.5
cey1=0.0
cez1=0.0
oriw1=0.09687730333291455
orii1=-0.07939193947107837
orij1=0.7078657639286474
orik1=-0.6951530538692005
lvx1=-0.3567214567666517
lvy1=-0.366784354085154
lvz1=1.0347400233421027
avx1=5.480455530158193
avy1=-1.4568981116622377
avz1=-2.705637203793391
shx1=1.0
shy1=0.8
shz1=0.6
req1=1.0
rhos1=4.0
cex2=5.5
cey2=0.0
cez2=0.0
oriw2=0.18091827208761563
orii2=0.5633911794205588
orij2=-0.32797442519119013
orik2=0.7364045995215209
lvx2=-0.4221159582180444
lvy2=-0.43402359501273263
lvz2=1.2244295042373408
avx2=0.20313561682747713
avy2=-2.5413316727158497
avz2=5.742715982423719
shx2=1.0
shy2=0.8
shz2=0.6
req2=1.0
rhos2=4.0
rhof=1.0
ndiv=2
tend=100.0
dt=0.05
tprint=1
logevery=100
nbody=2
impulse_scheme=1
energy_projection=0
impulse_pair_metric_correction=0
