cex1=-1.5
cey1=0.0
cez1=0.0
oriw1=-0.1904947318243897
orii1=-0.6099878364596933
orij1=0.5604194235240126
orik1=0.526836470126537
lvx1=-0.24851988792129986
lvy1=-0.5259793793719169
lvz1=0.48331251792833757
avx1=-3.282345820081427
avy1=-1.5264929869319803
avz1=5.135605386183687
shx1=1.0
shy1=0.7
shz1=0.7
req1=1.0
rhos1=0.3
cex2=1.5
cey2=0.0
cez2=0.0
oriw2=0.04377097770727512
orii2=-0.11960979106049367
orij2=-0.04030735954896537
orik2=-0.991036283977133
lvx2=-0.2428060795866512
lvy2=-0.513886402078042
lvz2=0.4722005094839531
avx2=-3.940394323553197
avy2=1.388459948691254
avz2=-4.69296166084355
shx2=1.0
shy2=0.7
shz2=0.7
req2=1.0
rhos2=0.3
rhof=1.0
ndiv=2
tend=100.0
dt=0.05
tprint=1
logevery=100
nbody=2
impulse_scheme=1
energy_projection=0
impulse_pair_metric_correction=0
