cex1=-4.0
cey1=0.0
cez1=0.0
oriw1=-0.4382686459982501
orii1=-0.06580601818296147
orij1=-0.7659215377120464
orik1=-0.4657835977947039
lvx1=-0.5750796853275288
lvy1=0.22080083408434426
lvz1=-0.9855821693214971
avx1=-4.761687162238851
avy1=-4.091058862782257
avz1=0.2607496012996125
shx1=1.0
shy1=0.8
shz1=0.6
req1=1.0
rhos1=0.1
cex2=4.0
cey2=0.0
cez2=0.0
oriw2=0.7693718421187608
orii2=-0.25481250425710533
orij2=-0.5648601466837609
orik2=0.15514693331615456
lvx2=-0.5471816343346143
lvy2=0.21008942645558265
lvz2=-0.9377699750830959
avx2=-6.045482464870625
avy2=-0.6512464841274601
avz2=1.5831732022147298
shx2=1.0
shy2=0.8
shz2=0.6
req2=1.0
rhos2=0.1
rhof=1.0
ndiv=2
tend=100.0
dt=0.05
tprint=1
logevery=100
nbody=2
impulse_scheme=1
energy_projection=0
impulse_pair_metric_correction=0
