cex1=-2.5
cey1=0.0
cez1=0.0
oriw1=-0.6067725923547077
orii1=-0.35578977231167397
orij1=0.639942478077911
orik1=-0.3093772516476562
lvx1=0.9286846146347765
lvy1=-0.7226912124627048
lvz1=-0.5063444245018806
avx1=-2.4002518989815624
avy1=4.520863712300545
avz1=-3.644036185412676
shx1=1.0
shy1=0.8
shz1=0.6
req1=1.0
rhos1=0.03
cex2=2.5
cey2=0.0
cez2=0.0
oriw2=0.07635531730800464
orii2=0.2577279245071975
orij2=0.9118264196450214
orik2=0.310352642787761
lvx2=0.9703244548030476
lvy2=-0.7550948359358854
lvz2=-0.5290476119716603
avx2=-2.023322888526297
avy2=2.4759106698985462
avz2=-5.408738156705829
shx2=1.0
shy2=0.8
shz2=0.6
req2=1.0
rhos2=0.03
rhof=1.0
ndiv=2
tend=100.0
dt=0.05
tprint=1
logevery=100
nbody=2
impulse_scheme=1
energy_projection=0
impulse_pair_metric_correction=0
