cex1=-1.5
cey1=0.0
cez1=0.0
oriw1=-0.10409025644191353
orii1=-0.16452390501815006
orij1=0.38936085298888906
orik1=-0.900275085377353
lvx1=-4.980926406882007
lvy1=3.0066658095895606
lvz1=0.7352611572120744
avx1=-0.2885372863152405
avy1=-1.2524007282044272
avz1=-6.150337897608251
shx1=1.0
shy1=0.7
shz1=0.7
req1=1.0
rhos1=1.0
cex2=1.5
cey2=0.0
cez2=0.0
oriw2=0.7039475902895137
orii2=-0.6519643980063484
orij2=0.14838407842720527
orik2=0.23954619414032802
lvx2=-4.85235928009032
lvy2=2.9290580810698947
lvz2=0.7162826767644055
avx2=2.4405730514231037
avy2=1.1650465397565386
avz2=-5.671392011246099
shx2=1.0
shy2=0.7
shz2=0.7
req2=1.0
rhos2=1.0
rhof=1.0
ndiv=2
tend=100.0
dt=0.05
tprint=1
logevery=100
nbody=2
impulse_scheme=1
energy_projection=0
impulse_pair_metric_correction=0
