cex1=-2.5
cey1=0.0
cez1=0.0
oriw1=-0.8876181314512065
orii1=-0.3643780644316499
orij1=0.1635090968164131
orik1=0.22940674388167878
lvx1=-1.3357620524886757
lvy1=0.6920401126409413
lvz1=1.5440835756666416
avx1=1.4368649648259786
avy1=-5.192527757381357
avz1=-3.2328767631997994
shx1=1.0
shy1=0.7
shz1=0.7
req1=1.0
rhos1=0.03
cex2=2.5
cey2=0.0
cez2=0.0
oriw2=0.110206195373957
orii2=0.510570982108711
orij2=-0.4400391701245685
orik2=0.7304364417838315
lvx2=-1.3428868130361091
lvy2=0.6957313539683913
lvz2=1.5523194929255222
avx2=-0.9235695492482424
avy2=5.787207714133155
avz2=2.265758982225722
shx2=1.0
shy2=0.7
shz2=0.7
req2=1.0
rhos2=0.03
rhof=1.0
ndiv=2
tend=100.0
dt=0.05
tprint=1
logevery=100
nbody=2
impulse_scheme=1
energy_projection=0
impulse_pair_metric_correction=0
