cex1=-5.5
cey1=0.0
cez1=0.0
oriw1=-0.23922031943369532
orii1=-0.24014981588360093
orij1=-0.0018177278942524027
orik1=0.9407966839686542
lvx1=-4.448584463416615
lvy1=-1.899932105030871
lvz1=3.2031828007713936
avx1=1.5907911522783695
avy1=2.6280887780995683
avz1=5.4809625512876305
shx1=1.0
shy1=0.7
shz1=0.7
req1=1.0
rhos1=10.0
cex2=5.5
cey2=0.0
cez2=0.0
oriw2=-0.49840771793623395
orii2=0.34937577853426566
orij2=-0.7009057368193792
orik2=-0.37182988068316175
lvx2=-4.451570858630984
lvy2=-1.9012075552763934
lvz2=3.205333140922433
avx2=1.5424351445990112
avy2=5.215419110984831
avz2=3.146222326193345
shx2=1.0
shy2=0.7
shz2=0.7
req2=1.0
rhos2=10.0
rhof=1.0
ndiv=2
tend=100.0
dt=0.05
tprint=1
logevery=100
nbody=2
impulse_scheme=1
energy_projection=0
impulse_pair_metric_correction=0
