cex1=-2.5
cey1=0.0
cez1=0.0
oriw1=0.8609000931609415
orii1=-0.4859287916284925
orij1=0.09728977244445197
orik1=0.11514746736104109
lvx1=0.7252683290389708
lvy1=-0.25882163933470836
lvz1=0.26370470624771225
avx1=-0.5516348383681394
avy1=3.5977679981376784
avz1=5.12154098304723
shx1=1.0
shy1=0.8
shz1=0.6
req1=1.0
rhos1=0.1
cex2=2.5
cey2=0.0
cez2=0.0
oriw2=0.5991135421662868
orii2=0.5538194692465062
orij2=0.5077486508721692
orik2=-0.276655501687523
lvx2=0.6237153909357618
lvy2=-0.22258112411193984
lvz2=0.22678045816068476
avx2=5.466703625878877
avy2=-1.414195447249231
avz2=2.755652428761603
shx2=1.0
shy2=0.8
shz2=0.6
req2=1.0
rhos2=0.1
rhof=1.0
ndiv=2
tend=100.0
dt=0.05
tprint=1
logevery=100
nbody=2
impulse_scheme=1
energy_projection=0
impulse_pair_metric_correction=0
