cex1=-4.0
cey1=0.0
cez1=0.0
oriw1=-0.7841863406183309
orii1=-0.5087643774624799
orij1=-0.2916587982543883
orik1=0.20284411949487785
lvx1=2.39713124803303
lvy1=1.2797166686104346
lvz1=-4.6832663119671425
avx1=3.7353698181399193
avy1=4.777141091619161
avz1=1.6444916895048352
shx1=1.0
shy1=0.8
shz1=0.6
req1=1.0
rhos1=10.0
cex2=4.0
cey2=0.0
cez2=0.0
oriw2=-0.6894931278647445
orii2=-0.2531470822253524
orij2=0.5460616051996418
orik2=-0.402905081520291
lvx2=2.6743604346327263
lvy2=1.4277164126411608
lvz2=-5.224887932127391
avx2=1.8330663735234616
avy2=-1.960573866410799
avz2=-5.6810593544656784
shx2=1.0
shy2=0.8
shz2=0.6
req2=1.0
rhos2=10.0
rhof=1.0
ndiv=2
tend=100.0
dt=0.05
tprint=1
logevery=100
nbody=2
impulse_scheme=1
energy_projection=0
impulse_pair_metric_correction=0
