cex1=-4.0
cey1=0.0
cez1=0.0
oriw1=-0.10291388630822186
orii1=0.8225630275902209
orij1=-0.2645531024404468
orik1=-0.4927580071756138
lvx1=-2.8912717694049364
lvy1=-4.39041688884631
lvz1=1.9943730756906632
avx1=0.357817610479854
avy1=-5.186652473556831
avz1=-3.5283169189480033
shx1=1.003
shy1=1.0
shz1=0.9970089730807579
req1=1.0
rhos1=1.0
cex2=4.0
cey2=0.0
cez2=0.0
oriw2=-0.3831974259542572
orii2=0.14863251282133266
orij2=-0.8787624136078549
orik2=-0.24257932579786173
lvx2=-2.88989943023402
lvy2=-4.388332981986715
lvz2=1.9934264485620228
avx2=-1.3480276511027878
avy2=-0.11554584768099123
avz2=6.13578749740434
shx2=1.0
shy2=1.0
shz2=1.0
req2=1.0
rhos2=1.0
rhof=1.0
ndiv=2
tend=100.0
dt=0.05
tprint=1
logevery=100
nbody=2
impulse_scheme=1
energy_projection=0
impulse_pair_metric_correction=0
