cex1=-5.5
cey1=0.0
cez1=0.0
oriw1=0.60443555347878
orii1=-0.44568214044540877
orij1=0.3424940134599133
orik1=0.56455552616454
lvx1=-0.5087236210120685
lvy1=0.20192534936293877
lvz1=0.4925661329549684
avx1=4.027856179373669
avy1=-3.820188398404668
avz1=2.9429496773361885
shx1=1.0
shy1=0.7
shz1=0.7
req1=1.0
rhos1=1.0
cex2=5.5
cey2=0.0
cez2=0.0
oriw2=-0.005802215554770309
orii2=0.8603651947079445
orij2=-0.5092173485027615
orik2=0.020874817691040097
lvx2=-0.5009230687749014
lvy2=0.19882911169939133
lvz2=0.4850133327867147
avx2=-4.38633160167417
avy2=-3.828181127159749
avz2=2.3629519551124725
shx2=1.0
shy2=0.7
shz2=0.7
req2=1.0
rhos2=1.0
rhof=1.0
ndiv=2
tend=100.0
dt=0.05
tprint=1
logevery=100
nbody=2
impulse_scheme=1
energy_projection=0
impulse_pair_metric_correction=0
