cex1=-4.0
cey1=0.0
cez1=0.0
oriw1=0.58692346791673
orii1=0.23949732936646068
orij1=-0.6385256910958225
orik1=0.4364021240158377
lvx1=3.959454582820964
lvy1=3.872309904449792
lvz1=0.9630249812575926
avx1=-0.9214043802868203
avy1=1.4881869860902857
avz1=-6.034461953378877
shx1=1.0003
shy1=1.0003
shz1=0.9994002698920407
req1=1.0
rhos1=1.0
cex2=4.0
cey2=0.0
cez2=0.0
oriw2=-0.7841589291535602
orii2=0.6138280730576958
orij2=-0.02740483910137984
orik2=-0.08694162034862923
lvx2=7.52006192978721
lvy2=7.354550906868568
lvz2=1.8290416893302521
avx2=-2.111429383118147
avy2=-1.8384312239611114
avz2=-5.624984817688631
shx2=2.0
shy2=2.0
shz2=0.25
req2=1.0
rhos2=1.0
rhof=1.0
ndiv=2
tend=100.0
dt=0.05
tprint=1
logevery=100
nbody=2
impulse_scheme=1
energy_projection=0
impulse_pair_metric_correction=0
