cex1=-4.0
cey1=0.0
cez1=0.0
oriw1=-0.22696459872344468
orii1=-0.13639362355360227
orij1=0.49366040186339666
orik1=0.8283617917385456
lvx1=1.62774388618573
lvy1=3.301695921127707
lvz1=4.246408832046154
avx1=-4.967129705170483
avy1=1.0078628542705257
avz1=3.7135229315775193
shx1=1.0
shy1=1.0
shz1=1.0
req1=1.0
rhos1=1.0
cex2=4.0
cey2=0.0
cez2=0.0
oriw2=0.053817595316957956
orii2=-0.42730070791568836
orij2=-0.7974454033179865
orik2=-0.4226092760175353
lvx2=1.6277438861857303
lvy2=3.301695921127708
lvz2=4.246408832046154
avx2=-2.3024105614757167
avy2=5.841795422628481
avz2=-0.22527638784266688
shx2=1.0
shy2=1.0
shz2=1.0
req2=1.0
rhos2=1.0
rhof=1.0
ndiv=2
tend=100.0
dt=0.05
tprint=1
logevery=100
nbody=2
impulse_scheme=1
energy_projection=0
impulse_pair_metric_correction=0
