cex1=-4.0
cey1=0.0
cez1=0.0
oriw1=-0.6613741696404696
orii1=-0.45378047637788854
orij1=-0.4991555868412193
orik1=0.3278889859629841
lvx1=0.5619329434890725
lvy1=-5.3725834497761165
lvz1=0.38924869313959387
avx1=5.824903490122853
avy1=2.281862797877452
avz1=-0.58482399640826
shx1=1.1
shy1=1.0
shz1=0.9090909090909091
req1=1.0
rhos1=1.0
cex2=4.0
cey2=0.0
cez2=0.0
oriw2=-0.27645251901809303
orii2=0.619438276249844
orij2=0.6996531745610401
orik2=-0.2244006728417532
lvx2=0.609289024512841
lvy2=-5.825350101211106
lvz2=0.42205206027493436
avx2=-5.285961488126348
avy2=2.9215789504581924
avz2=1.7324564025227664
shx2=2.0
shy2=1.0
shz2=0.5
req2=1.0
rhos2=1.0
rhof=1.0
ndiv=2
tend=100.0
dt=0.05
tprint=1
logevery=100
nbody=2
impulse_scheme=1
energy_projection=0
impulse_pair_metric_correction=0
