cex1=-4.0
cey1=0.0
cez1=0.0
oriw1=0.4122918613765626
orii1=-0.10488477676842037
orij1=0.8686575563057982
orik1=-0.25386739553894444
lvx1=-0.07422812758138714
lvy1=-0.9728497869472559
lvz1=-3.1712424474591585
avx1=3.836285407711946
avy1=4.854847551186388
avz1=-1.0916900336970008
shx1=1.0
shy1=0.7
shz1=0.7
req1=1.0
rhos1=4.0
cex2=4.0
cey2=0.0
cez2=0.0
oriw2=-0.43074985593868376
orii2=0.5740068815797759
orij2=-0.6303968789223905
orik2=0.2959230247087464
lvx2=-0.06565977017947175
lvy2=-0.8605510540470941
lvz2=-2.8051771891355948
avx2=-6.050325306099245
avy2=-0.0665692023571808
avz2=1.693384137173267
shx2=1.0
shy2=0.7
shz2=0.7
req2=1.0
rhos2=4.0
rhof=1.0
ndiv=2
tend=100.0
dt=0.05
tprint=1
logevery=100
nbody=2
impulse_scheme=1
energy_projection=0
impulse_pair_metric_correction=0
