cex1=-1.5
cey1=0.0
cez1=0.0
oriw1=0.8379416820362303
orii1=-0.3445809078272246
orij1=0.25167095091790576
orik1=-0.340263821073202
lvx1=-2.4870763426902234
lvy1=3.337459219567401
lvz1=3.008221791084557
avx1=-5.1913798104570255
avy1=-1.829785650451512
avz1=3.029831305755875
shx1=1.0
shy1=0.7
shz1=0.7
req1=1.0
rhos1=1.0
cex2=1.5
cey2=0.0
cez2=0.0
oriw2=-0.1362301650896352
orii2=0.3792994864508923
orij2=0.5127114251248136
orik2=0.7580898602700229
lvx2=-2.506217648327048
lvy2=3.363145333771308
lvz2=3.0313739926226164
avx2=-5.0581279975277615
avy2=-0.3605711263191847
avz2=3.709952456278671
shx2=1.0
shy2=0.7
shz2=0.7
req2=1.0
rhos2=1.0
rhof=1.0
ndiv=2
tend=100.0
dt=0.05
tprint=1
logevery=100
nbody=2
impulse_scheme=1
energy_projection=0
impulse_pair_metric_correction=0
