cex1=-4.0
cey1=0.0
cez1=0.0
oriw1=-0.26761979220254034
orii1=-0.3412000333168125
orij1=-0.8786683527843688
orik1=-0.19976013091024727
lvx1=-7.162839518515365
lvy1=-2.464765186822606
lvz1=-5.583152290252304
avx1=3.3602511206563976
avy1=3.396966239674064
avz1=4.08016548402139
shx1=1.0
shy1=0.8
shz1=0.6
req1=1.0
rhos1=1.0
cex2=4.0
cey2=0.0
cez2=0.0
oriw2=0.263160240876225
orii2=-0.5267919644527524
orij2=0.8078603710895071
orik2=0.0244649674657636
lvx2=-7.061524421832098
lvy2=-2.4299022078937913
lvz2=-5.504181148623047
avx2=-4.311055473574777
avy2=0.5599609020197427
avz2=-4.536481246112192
shx2=1.0
shy2=0.8
shz2=0.6
req2=1.0
rhos2=1.0
rhof=1.0
ndiv=2
tend=100.0
dt=0.05
tprint=1
logevery=100
nbody=2
impulse_scheme=1
energy_projection=0
impulse_pair_metric_correction=0
