cex1=-4.0
cey1=0.0
cez1=0.0
oriw1=0.4841444912814318
orii1=0.03895454109607301
orij1=-0.07892717882094204
orik1=-0.8705499157045534
lvx1=-1.516548133620479
lvy1=-3.532244508075135
lvz1=-4.0363508038689275
avx1=5.914908891279477
avy1=-1.109725963559097
avz1=1.8057626361244863
shx1=1.0201
shy1=0.9900990099009901
shz1=0.9900990099009901
req1=1.0
rhos1=1.0
cex2=4.0
cey2=0.0
cez2=0.0
oriw2=0.009812005759620535
orii2=0.6750510059415551
orij2=0.5842944913577948
orik2=-0.450344103202433
lvx2=-3.9245285533715575
lvy2=-9.140754666544495
lvz2=-10.445282698275406
avx2=-2.7760444492704184
avy2=-3.035289356615234
avz2=4.74963296915147
shx2=4.0
shy2=0.5
shz2=0.5
req2=1.0
rhos2=1.0
rhof=1.0
ndiv=2
tend=100.0
dt=0.05
tprint=1
logevery=100
nbody=2
impulse_scheme=1
energy_projection=0
impulse_pair_metric_correction=0
