cex1=-4.0
cey1=0.0
cez1=0.0
oriw1=-0.5023033586582578
orii1=-0.12343897117497467
orij1=0.20692741447110582
orik1=-0.8304427743175328
lvx1=1.780648349906779
lvy1=2.1397316758529206
lvz1=-4.882373588345766
avx1=3.398099939979092
avy1=-5.257623618433502
avz1=-0.5373344295331645
shx1=1.0020009999999997
shy1=0.9990009990009991
shz1=0.9990009990009991
req1=1.0
rhos1=1.0
cex2=4.0
cey2=0.0
cez2=0.0
oriw2=-0.5384594712336295
orii2=0.012223765001621416
orij2=0.3441630723443936
orik2=-0.7690668092191036
lvx2=1.780535657144906
lvy2=2.1395962576092056
lvz2=-4.8820645951837
avx2=2.8964991543799092
avy2=3.391617673922611
avz2=-4.425566608579028
shx2=1.0
shy2=1.0
shz2=1.0
req2=1.0
rhos2=1.0
rhof=1.0
ndiv=2
tend=100.0
dt=0.05
tprint=1
logevery=100
nbody=2
impulse_scheme=1
energy_projection=0
impulse_pair_metric_correction=0
