cex1=-4.0
cey1=0.0
cez1=0.0
oriw1=0.5080454518984939
orii1=-0.2940284665551315
orij1=0.29932580573407047
orik1=-0.7522241299520658
lvx1=8.088286511605457
lvy1=-3.8194712069967887
lvz1=0.021227150290385896
avx1=-3.651111224014598
avy1=-5.058082328398258
avz1=0.7507380324569428
shx1=1.0
shy1=0.8
shz1=0.6
req1=1.0
rhos1=0.03
cex2=4.0
cey2=0.0
cez2=0.0
oriw2=0.3257797644091504
orii2=0.6855470512336523
orij2=-0.6449146252814042
orik2=-0.08931915664911248
lvx2=8.871677064313404
lvy2=-4.18940588421279
lvz2=0.023283104783904367
avx2=-2.2588467287495715
avy2=2.9689769544328093
avz2=5.055809025707129
shx2=1.0
shy2=0.8
shz2=0.6
req2=1.0
rhos2=0.03
rhof=1.0
ndiv=2
tend=100.0
dt=0.05
tprint=1
logevery=100
nbody=2
impulse_scheme=1
energy_projection=0
impulse_pair_metric_correction=0
