cex1=-4.0
cey1=0.0
cez1=0.0
oriw1=0.10085927549475
orii1=0.44629248453689213
orij1=-0.1429115616222551
orik1=0.8776256094413213
lvx1=-1.1049324422933697
lvy1=0.20233855316429405
lvz1=0.15162071205953978
avx1=-5.581038821041417
avy1=-2.30629073804532
avz1=1.735351927993983
shx1=1.0
shy1=0.8
shz1=0.6
req1=1.0
rhos1=0.3
cex2=4.0
cey2=0.0
cez2=0.0
oriw2=-0.10617918836603181
orii2=0.3692169657859459
orij2=0.24743844020052055
orik2=-0.8894824508920252
lvx2=-1.3371120554781846
lvy2=0.24485598247296086
lvz2=0.18348079411462292
avx2=-1.4247268265531574
avy2=-0.14886260509255586
avz2=6.1177128895415045
shx2=1.0
shy2=0.8
shz2=0.6
req2=1.0
rhos2=0.3
rhof=1.0
ndiv=2
tend=100.0
dt=0.05
tprint=1
logevery=100
nbody=2
impulse_scheme=1
energy_projection=0
impulse_pair_metric_correction=0
