cex1=-4.0
cey1=0.0
cez1=0.0
oriw1=0.15165470563037203
orii1=0.4022079689798362
orij1=-0.7656952531191795
orik1=0.4784771460582373
lvx1=3.569236375543337
lvy1=-3.0639900771381035
lvz1=-3.8415746575276835
avx1=4.40315524943438
avy1=-4.0591021940046454
avz1=1.901139351116213
shx1=1.6900000000000002
shy1=0.7692307692307692
shz1=0.7692307692307692
req1=1.0
rhos1=1.0
cex2=4.0
cey2=0.0
cez2=0.0
oriw2=-0.7964073996722664
orii2=-0.4087635512381536
orij2=-0.4270917134493952
orik2=-0.1274373619834155
lvx2=3.3027387546752975
lvy2=-2.8352167542179356
lvz2=-3.5547428540548087
avx2=5.145892237595535
avy2=3.571718116140689
avz2=-0.49095863598052325
shx2=1.0
shy2=1.0
shz2=1.0
req2=1.0
rhos2=1.0
rhof=1.0
ndiv=2
tend=100.0
dt=0.05
tprint=1
logevery=100
nbody=2
impulse_scheme=1
energy_projection=0
impulse_pair_metric_correction=0
