cex1=-4.0
cey1=0.0
cez1=0.0
oriw1=0.961743678883167
orii1=-0.25273624547160906
orij1=-0.008981946086515528
orik1=-0.10532241450747906
lvx1=-1.4219744840305497
lvy1=5.444800986528733
lvz1=0.05132762391581152
avx1=-3.2631403940021424
avy1=1.893073284106182
avz1=-5.024600075069897
shx1=1.003
shy1=1.003
shz1=0.9940268924035474
req1=1.0
rhos1=1.0
cex2=4.0
cey2=0.0
cez2=0.0
oriw2=-0.8423002218106336
orii2=-0.048018911885321855
orij2=-0.5272770909362443
orik2=0.10101183006419939
lvx2=-1.4181122632097614
lvy2=5.430012378173671
lvz2=0.05118821310359544
avx2=3.7428395701301844
avy2=-4.918551606688551
avz2=-1.1302299097823425
shx2=1.003
shy2=1.003
shz2=0.9940268924035474
req2=1.0
rhos2=1.0
rhof=1.0
ndiv=2
tend=100.0
dt=0.05
tprint=1
logevery=100
nbody=2
impulse_scheme=1
energy_projection=0
impulse_pair_metric_correction=0
