cex1=-1.5
cey1=0.0
cez1=0.0
oriw1=0.04362268529062848
orii1=-0.7843827145824736
orij1=0.5344496288497289
orik1=0.3117762220161307
lvx1=0.6117951854784498
lvy1=0.09509272582942463
lvz1=-0.4760653407233531
avx1=-0.8967343941667129
avy1=5.391290438958683
avz1=3.0997213477131416
shx1=1.0
shy1=0.8
shz1=0.6
req1=1.0
rhos1=0.1
cex2=1.5
cey2=0.0
cez2=0.0
oriw2=-0.3680907551083309
orii2=0.7290307675220911
orij2=0.5165274403093106
orik2=-0.2573377924391231
lvx2=0.6052562579596866
lvy2=0.09407636536023599
lvz2=-0.4709771072245052
avx2=0.5330420977662725
avy2=-5.874854881521693
avz2=2.163414857910314
shx2=1.0
shy2=0.8
shz2=0.6
req2=1.0
rhos2=0.1
rhof=1.0
ndiv=2
tend=100.0
dt=0.05
tprint=1
logevery=100
nbody=2
impulse_scheme=1
energy_projection=0
impulse_pair_metric_correction=0
