cex1=-1.5
cey1=0.0
cez1=0.0
oriw1=1.0
orii1=1.0
orij1=1.0
orik1=0.0
lvx1=-2.5215443238040995
lvy1=4.52293509670014
lvz1=-6.728687946637407
avx1=3.851064914577411
avy1=0.18348202166831307
avz1=-4.961254979921191
shx1=1.0
shy1=0.8
shz1=0.6
req1=1.0
rhos1=0.1
cex2=1.5
cey2=0.0
cez2=0.0
oriw2=1.0
orii2=-1.0
orij2=0.0
orik2=1.0
lvx2=-2.477792776218378
lvy2=4.444457233653154
lvz2=-6.611937862925753
avx2=-2.0246539081558663
avy2=-5.599110739961026
avz2=2.007275038005429
shx2=1.0
shy2=0.8
shz2=0.6
req2=1.0
rhos2=0.1
rhof=1.0
ndiv=2
tend=100.0
dt=0.05
tprint=1
logevery=100
nbody=2
impulse_scheme=1
energy_projection=1
