cex1=-4.0
cey1=0.0
cez1=0.0
oriw1=-0.40136357676637724
orii1=-0.4433958125973048
orij1=-0.1136530414001636
orik1=-0.7933413003222313
lvx1=1.4481194451160988
lvy1=-3.193008065709961
lvz1=0.4364806059576206
avx1=1.1149723760476729
avy1=1.1061748629123862
avz1=6.083718548525137
shx1=1.0
shy1=0.7
shz1=0.7
req1=1.0
rhos1=1.0
cex2=4.0
cey2=0.0
cez2=0.0
oriw2=0.09099733462308351
orii2=-0.9568330879114413
orij2=-0.06776477754770922
orik2=-0.26757776793534294
lvx2=1.336391930128333
lvy2=-2.9466562487235755
lvz2=0.4028045900678613
avx2=4.262600885617842
avy2=4.180876567906075
avz2=1.9567632504269266
shx2=1.0
shy2=0.7
shz2=0.7
req2=1.0
rhos2=1.0
rhof=1.0
ndiv=2
tend=100.0
dt=0.05
tprint=1
logevery=100
nbody=2
impulse_scheme=1
energy_projection=0
impulse_pair_metric_correction=0
