cex1=-1.5
cey1=0.0
cez1=0.0
oriw1=0.5053186117715391
orii1=0.3224252815112881
orij1=-0.7671042558725454
orik1=0.22857405596847485
lvx1=1.7785293398952973
lvy1=1.116369841734035
lvz1=0.56613242374487
avx1=0.2275577323557496
avy1=6.224845332720747
avz1=0.82336848768171
shx1=1.0
shy1=0.7
shz1=0.7
req1=1.0
rhos1=0.1
cex2=1.5
cey2=0.0
cez2=0.0
oriw2=-0.688716042389045
orii2=-0.6080104859394382
orij2=0.39459694756539493
orik2=0.016932540144123643
lvx2=1.7580455491300013
lvy2=1.1035123162820724
lvz2=0.5596121275353498
avx2=-1.640754192081761
avy2=-3.03166710018448
avz2=-5.253126486120679
shx2=1.0
shy2=0.7
shz2=0.7
req2=1.0
rhos2=0.1
rhof=1.0
ndiv=2
tend=100.0
dt=0.05
tprint=1
logevery=100
nbody=2
impulse_scheme=1
energy_projection=0
impulse_pair_metric_correction=0
