cex1=-1.5
cey1=0.0
cez1=0.0
oriw1=0.9573427460434102
orii1=0.283501382405607
orij1=-0.04990161666474158
orik1=-0.025132875410859908
lvx1=-1.1646396660324572
lvy1=1.3494006929087496
lvz1=-2.4126979817184937
avx1=6.00377385795908
avy1=-1.0391527690608429
avz1=1.5340399569104346
shx1=1.0
shy1=0.8
shz1=0.6
req1=1.0
rhos1=10.0
cex2=1.5
cey2=0.0
cez2=0.0
oriw2=-0.8118054283361836
orii2=-0.1747666102339048
orij2=-0.09285409181584783
orik2=-0.5493693621820477
lvx2=-1.383757600408606
lvy2=1.603279983731109
lvz2=-2.8666284234221053
avx2=-0.5798794134367177
avy2=-4.6765044447910675
avz2=4.156015357055253
shx2=1.0
shy2=0.8
shz2=0.6
req2=1.0
rhos2=10.0
rhof=1.0
ndiv=2
tend=100.0
dt=0.05
tprint=1
logevery=100
nbody=2
impulse_scheme=1
energy_projection=0
impulse_pair_metric_correction=0
