cex1=-2.5
cey1=0.0
cez1=0.0
oriw1=0.6019445270691559
orii1=-0.28623353721771216
orij1=0.500375295221486
orik1=-0.5525918135797322
lvx1=5.161778252933667
lvy1=5.887238254984092
lvz1=-4.255143731942604
avx1=4.7311448033183385
avy1=2.4907313265872837
avz1=3.3001430140447043
shx1=1.0
shy1=0.8
shz1=0.6
req1=1.0
rhos1=0.1
cex2=2.5
cey2=0.0
cez2=0.0
oriw2=-0.20579257043770874
orii2=0.3596411100256152
orij2=0.7159029041223077
orik2=0.5619525974683539
lvx2=5.936631625320407
lvy2=6.7709930759754835
lvz2=-4.893898887457495
avx2=-0.39783515576574274
avy2=0.9424141150957274
avz2=6.199354839728294
shx2=1.0
shy2=0.8
shz2=0.6
req2=1.0
rhos2=0.1
rhof=1.0
ndiv=2
tend=100.0
dt=0.05
tprint=1
logevery=100
nbody=2
impulse_scheme=1
energy_projection=0
impulse_pair_metric_correction=0
