cex1=-4.0
cey1=0.0
cez1=0.0
oriw1=0.06069490727209628
orii1=0.9732128616543692
orij1=-0.16088197663026801
orik1=0.15261010365399527
lvx1=0.28457730280902965
lvy1=5.534260734949927
lvz1=-0.928145932650727
avx1=-5.212008011733127
avy1=-0.7157788901352304
avz1=3.435265735052225
shx1=1.001
shy1=1.0
shz1=0.9990009990009991
req1=1.0
rhos1=1.0
cex2=4.0
cey2=0.0
cez2=0.0
oriw2=-0.31329727589716294
orii2=0.6342205341013251
orij2=-0.013650227624373092
orik2=0.7066985229399094
lvx2=0.2846829875047166
lvy2=5.536316017138114
lvz2=-0.9284906221936985
avx2=0.6816899543155227
avy2=-4.960426547450425
avz2=-3.7957719739062026
shx2=1.001
shy2=1.0
shz2=0.9990009990009991
req2=1.0
rhos2=1.0
rhof=1.0
ndiv=2
tend=100.0
dt=0.05
tprint=1
logevery=100
nbody=2
impulse_scheme=1
energy_projection=0
impulse_pair_metric_correction=0
