cex1=-1.5
cey1=0.0
cez1=0.0
oriw1=-0.3286475243500688
orii1=0.6863244305141742
orij1=0.5519039736225502
orik1=-0.34110348095204884
lvx1=-0.7863369815335894
lvy1=0.10527364216114489
lvz1=0.03904975052109061
avx1=0.04391856449693559
avy1=6.035418485878286
avz1=1.7464857469697883
shx1=1.0
shy1=0.7
shz1=0.7
req1=1.0
rhos1=10.0
cex2=1.5
cey2=0.0
cez2=0.0
oriw2=0.5532564894003008
orii2=-0.7087116208447348
orij2=0.42209749319588596
orik2=-0.11605516642456098
lvx2=-0.7308330995196894
lvy2=0.09784286381686563
lvz2=0.03629340966914728
avx2=3.963520053887045
avy2=2.796059210010331
avz2=-3.9938677094902717
shx2=1.0
shy2=0.7
shz2=0.7
req2=1.0
rhos2=10.0
rhof=1.0
ndiv=2
tend=100.0
dt=0.05
tprint=1
logevery=100
nbody=2
impulse_scheme=1
energy_projection=0
impulse_pair_metric_correction=0
