cex1=-4.0
cey1=0.0
cez1=0.0
oriw1=-0.26674489063477946
orii1=-0.41179063247764147
orij1=-0.8685674811509089
orik1=-0.06975793152802988
lvx1=0.17896871380260476
lvy1=0.38686466128725727
lvz1=-5.595573278106413
avx1=-4.525978890180302
avy1=-1.9004939625997834
avz1=-3.92199635238503
shx1=1.03
shy1=1.0
shz1=0.970873786407767
req1=1.0
rhos1=1.0
cex2=4.0
cey2=0.0
cez2=0.0
oriw2=-0.40022475499164756
orii2=0.5469679518514101
orij2=-0.6511119185355702
orik2=0.34161304817040916
lvx2=0.17922596641608368
lvy2=0.38742074700226414
lvz2=-5.603616448441165
avx2=3.402458895816331
avy2=1.8584498294891156
avz2=4.94447725223907
shx2=1.0
shy2=1.0
shz2=1.0
req2=1.0
rhos2=1.0
rhof=1.0
ndiv=2
tend=100.0
dt=0.05
tprint=1
logevery=100
nbody=2
impulse_scheme=1
energy_projection=0
impulse_pair_metric_correction=0
