cex1=-4.0
cey1=0.0
cez1=0.0
oriw1=-0.8740804162552915
orii1=-0.34284317982762824
orij1=-0.33597605049117407
orik1=-0.07457930987216911
lvx1=-0.07815610941113128
lvy1=-5.36694039919463
lvz1=-1.6640634974260349
avx1=4.241789541964764
avy1=3.7911337320423306
avz1=-2.667010332152199
shx1=1.0006000899999998
shy1=0.9997000899730081
shz1=0.9997000899730081
req1=1.0
rhos1=1.0
cex2=4.0
cey2=0.0
cez2=0.0
oriw2=-0.4144823384752416
orii2=-0.11592774097017766
orij2=-0.8927248098375785
orik2=0.13344498441719663
lvx2=-0.07816040220541874
lvy2=-5.367235183201412
lvz2=-1.664154897603571
avx2=5.771889464890901
avy2=-2.1453130821357496
avz2=1.249536469678288
shx2=1.0
shy2=1.0
shz2=1.0
req2=1.0
rhos2=1.0
rhof=1.0
ndiv=2
tend=100.0
dt=0.05
tprint=1
logevery=100
nbody=2
impulse_scheme=1
energy_projection=0
impulse_pair_metric_correction=0
