cex1=-4.0
cey1=0.0
cez1=0.0
oriw1=-0.12380107616295442
orii1=-0.7073208593654428
orij1=0.6726361253187527
orik1=-0.17869286041585722
lvx1=4.215930799080937
lvy1=0.46294976183546366
lvz1=5.8579100483127045
avx1=1.537896990448565
avy1=-5.41661545431061
avz1=-2.7881118111098306
shx1=1.6900000000000002
shy1=0.7692307692307692
shz1=0.7692307692307692
req1=1.0
rhos1=1.0
cex2=4.0
cey2=0.0
cez2=0.0
oriw2=-0.08154201510134806
orii2=0.21828287196220209
orij2=0.9625166903853604
orik2=0.13879880514888038
lvx2=4.190192483060126
lvy2=0.46012344711642755
lvz2=5.822147426194281
avx2=1.7515859196359822
avy2=-3.1998050109736162
avz2=-5.11581980353477
shx2=1.6900000000000002
shy2=0.7692307692307692
shz2=0.7692307692307692
req2=1.0
rhos2=1.0
rhof=1.0
ndiv=2
tend=100.0
dt=0.05
tprint=1
logevery=100
nbody=2
impulse_scheme=1
energy_projection=0
impulse_pair_metric_correction=0
