cex1=-4.0
cey1=0.0
cez1=0.0
oriw1=0.42095492529264755
orii1=-0.3112719544956542
orij1=-0.5521840406325141
orik1=0.6488447475991981
lvx1=-0.49670116409997944
lvy1=-1.9379736174705873
lvz1=-5.245129293258843
avx1=-0.4911459546205015
avy1=-5.987305513175344
avz1=1.8410230708813724
shx1=1.003
shy1=1.003
shz1=0.9940268924035474
req1=1.0
rhos1=1.0
cex2=4.0
cey2=0.0
cez2=0.0
oriw2=0.49417798830021525
orii2=0.11790659029838885
orij2=0.07978485871986936
orik2=0.8576249344339347
lvx2=-0.9188170597922315
lvy2=-3.5849386912264607
lvz2=-9.70264340772137
avx2=3.1273791093832504
avy2=1.4005326378115992
avz2=-5.266538316672076
shx2=2.0
shy2=2.0
shz2=0.25
req2=1.0
rhos2=1.0
rhof=1.0
ndiv=2
tend=100.0
dt=0.05
tprint=1
logevery=100
nbody=2
impulse_scheme=1
energy_projection=0
impulse_pair_metric_correction=0
