cex1=-4.0
cey1=0.0
cez1=0.0
oriw1=0.8400869892648903
orii1=-0.13113963632758166
orij1=-0.04221536245315298
orik1=-0.5246657120726211
lvx1=2.1472004399022273
lvy1=-5.179917159980458
lvz1=0.3871839700732066
avx1=0.6441077148309394
avy1=6.088070427648586
avz1=-1.4138392143534069
shx1=1.0006000899999998
shy1=0.9997000899730081
shz1=0.9997000899730081
req1=1.0
rhos1=1.0
cex2=4.0
cey2=0.0
cez2=0.0
oriw2=-0.5974373737915818
orii2=0.29253170392281164
orij2=0.7311453430030631
orik2=0.15139443187240154
lvx2=3.1341616590664376
lvy2=-7.560867377938088
lvz2=0.5651531787427483
avx2=-5.4815799990390595
avy2=2.1353730028788074
avz2=-2.2070071266465647
shx2=4.0
shy2=0.5
shz2=0.5
req2=1.0
rhos2=1.0
rhof=1.0
ndiv=2
tend=100.0
dt=0.05
tprint=1
logevery=100
nbody=2
impulse_scheme=1
energy_projection=0
impulse_pair_metric_correction=0
