cex1=-4.0
cey1=0.0
cez1=0.0
oriw1=0.14970054104226277
orii1=-0.22299560579285693
orij1=0.12083047023351055
orik1=0.9556477935264013
lvx1=5.102823243172633
lvy1=2.8540364090701553
lvz1=0.44741374667176614
avx1=-0.32028941047235115
avy1=6.133514884926114
avz1=1.3250763956415896
shx1=1.0
shy1=0.7
shz1=0.7
req1=1.0
rhos1=4.0
cex2=4.0
cey2=0.0
cez2=0.0
oriw2=0.3184523318587552
orii2=0.75035229945192
orij2=-0.5762793082991121
orik2=-0.05883619521378289
lvx2=4.483472185576809
lvy2=2.50763004064663
lvz2=0.3931092638435935
avx2=5.135989692136518
avy2=1.8328399155998134
avz2=3.121013510129191
shx2=1.0
shy2=0.7
shz2=0.7
req2=1.0
rhos2=4.0
rhof=1.0
ndiv=2
tend=100.0
dt=0.05
tprint=1
logevery=100
nbody=2
impulse_scheme=1
energy_projection=0
impulse_pair_metric_correction=0
