cex1=-4.0
cey1=0.0
cez1=0.0
oriw1=-0.4096348252646105
orii1=-0.0874104024256912
orij1=-0.1544206024935165
orik1=-0.8948256863790568
lvx1=-3.295913767532484
lvy1=-0.07079283168608017
lvz1=4.551337703956678
avx1=5.8832632076043785
avy1=-1.7283899668224962
avz1=1.370510765004568
shx1=1.0
shy1=1.0
shz1=1.0
req1=1.0
rhos1=1.0
cex2=4.0
cey2=0.0
cez2=0.0
oriw2=0.858978878259825
orii2=-0.4561949699536664
orij2=0.2248196159653362
orik2=0.05914031086885413
lvx2=-3.295913767532484
lvy2=-0.07079283168608017
lvz2=4.551337703956678
avx2=-6.110381795249266
avy2=-0.3912382388947731
avz2=1.4101718196979809
shx2=1.0
shy2=1.0
shz2=1.0
req2=1.0
rhos2=1.0
rhof=1.0
ndiv=2
tend=100.0
dt=0.05
tprint=1
logevery=100
nbody=2
impulse_scheme=1
energy_projection=0
impulse_pair_metric_correction=0
