cex1=-4.0
cey1=0.0
cez1=0.0
oriw1=-0.48619628074663684
orii1=0.4277394648129459
orij1=0.3804565438486412
orik1=-0.6602309785767547
lvx1=3.3652570573499156
lvy1=-0.4903436136754989
lvz1=4.679611687235277
avx1=5.746631095166357
avy1=-2.0313871335774674
avz1=-1.525816166502527
shx1=1.3
shy1=1.3
shz1=0.5917159763313609
req1=1.0
rhos1=1.0
cex2=4.0
cey2=0.0
cez2=0.0
oriw2=0.023786667280863837
orii2=0.7718350839833131
orij2=0.019200583343265076
orik2=0.6350875019959217
lvx2=4.843909133419622
lvy2=-0.705794496027934
lvz2=6.735774832757215
avx2=-2.7554716450645627
avy2=5.347617145878055
avz2=-1.8135006144784367
shx2=2.0
shy2=2.0
shz2=0.25
req2=1.0
rhos2=1.0
rhof=1.0
ndiv=2
tend=100.0
dt=0.05
tprint=1
logevery=100
nbody=2
impulse_scheme=1
energy_projection=0
impulse_pair_metric_correction=0
