cex1=-1.5
cey1=0.0
cez1=0.0
oriw1=0.046378900224323345
orii1=0.09424015510404692
orij1=-0.9666805160738277
orik1=0.23344500556487724
lvx1=8.4319434152705
lvy1=-1.4745556315024824
lvz1=-4.618675101638228
avx1=0.2135771447195051
avy1=-5.169316156465283
avz1=-3.5652451363290423
shx1=1.0
shy1=0.7
shz1=0.7
req1=1.0
rhos1=0.3
cex2=1.5
cey2=0.0
cez2=0.0
oriw2=-0.45078805188367016
orii2=0.3771197139217484
orij2=-0.5268261249218816
orik2=-0.6140236866361901
lvx2=8.016052769062576
lvy2=-1.401825791624231
lvz2=-4.39086714823498
avx2=3.3374250412079656
avy2=-0.9488914735826561
avz2=-5.238283752340797
shx2=1.0
shy2=0.7
shz2=0.7
req2=1.0
rhos2=0.3
rhof=1.0
ndiv=2
tend=100.0
dt=0.05
tprint=1
logevery=100
nbody=2
impulse_scheme=1
energy_projection=0
impulse_pair_metric_correction=0
