cex1=-4.0
cey1=0.0
cez1=0.0
oriw1=0.2688720848893896
orii1=0.06689488480922468
orij1=-0.37215393936373986
orik1=-0.8858523137462831
lvx1=-0.7727257043652728
lvy1=-0.0217613479603694
lvz1=-0.14880379264008622
avx1=-1.4323228708775357
avy1=-3.624054664461852
avz1=-4.928802753905949
shx1=1.0
shy1=0.7
shz1=0.7
req1=1.0
rhos1=0.1
cex2=4.0
cey2=0.0
cez2=0.0
oriw2=0.8666629902822052
orii2=0.056166088171458864
orij2=0.40479423319024976
orik2=0.2861507654900473
lvx2=-0.7386554765935269
lvy2=-0.020801868966152413
lvz2=-0.14224288871271948
avx2=-3.4381995494385253
avy2=-0.5735839640233148
avz2=-5.22763836725662
shx2=1.0
shy2=0.7
shz2=0.7
req2=1.0
rhos2=0.1
rhof=1.0
ndiv=2
tend=100.0
dt=0.05
tprint=1
logevery=100
nbody=2
impulse_scheme=1
energy_projection=0
impulse_pair_metric_correction=0
