cex1=-4.0
cey1=0.0
cez1=0.0
oriw1=-0.06453290325164694
orii1=-0.44796689363373837
orij1=-0.2748419616217635
orik1=-0.8483059959342227
lvx1=1.2150233769806706
lvy1=-5.443834673488704
lvz1=-0.6909121243421709
avx1=0.39575310733572244
avy1=0.38754460537118024
avz1=6.258722414458021
shx1=1.0001
shy1=1.0001
shz1=0.9998000299960006
req1=1.0
rhos1=1.0
cex2=4.0
cey2=0.0
cez2=0.0
oriw2=-0.653015310853058
orii2=0.10874533362747384
orij2=0.6105720601494578
orik2=-0.434680590285074
lvx2=1.786368217921494
lvy2=-8.003708758678442
lvz2=-1.0158022336726713
avx2=5.762115558583889
avy2=-1.9116194594189515
avz2=1.619306313287795
shx2=2.0
shy2=2.0
shz2=0.25
req2=1.0
rhos2=1.0
rhof=1.0
ndiv=2
tend=100.0
dt=0.05
tprint=1
logevery=100
nbody=2
impulse_scheme=1
energy_projection=0
impulse_pair_metric_correction=0
