cex1=-5.5
cey1=0.0
cez1=0.0
oriw1=-0.369441558574835
orii1=0.0885587745632919
orij1=0.1470860303670798
orik1=0.9132557023728345
lvx1=-1.260752036482068
lvy1=-0.8970457170773156
lvz1=1.5237414079310607
avx1=-0.626512647012965
avy1=5.645320219457719
avz1=2.6863095739828844
shx1=1.0
shy1=0.7
shz1=0.7
req1=1.0
rhos1=0.1
cex2=5.5
cey2=0.0
cez2=0.0
oriw2=0.04742002174760999
orii2=-0.8283938899126168
orij2=0.08865911313304439
orik2=0.5510485154243332
lvx2=-1.2535755472462722
lvy2=-0.89193952748068
lvz2=1.515067922982612
avx2=-1.3028415028703353
avy2=-2.0959894857189316
avz2=-5.778222018797105
shx2=1.0
shy2=0.7
shz2=0.7
req2=1.0
rhos2=0.1
rhof=1.0
ndiv=2
tend=100.0
dt=0.05
tprint=1
logevery=100
nbody=2
impulse_scheme=1
energy_projection=0
impulse_pair_metric_correction=0
