cex1=-1.5
cey1=0.0
cez1=0.0
oriw1=0.6318840879520157
orii1=0.4753494179458205
orij1=-0.6093152356764745
orik1=0.05916395713727513
lvx1=-2.2129857777858493
lvy1=1.3720947586782317
lvz1=2.371447130744586
avx1=1.4023721027961074
avy1=6.11190203632177
avz1=0.3955042200311563
shx1=1.0
shy1=0.7
shz1=0.7
req1=1.0
rhos1=0.3
cex2=1.5
cey2=0.0
cez2=0.0
oriw2=-0.7623834416530864
orii2=-0.011163004321263673
orij2=0.6464372298527978
orik2=-0.027672786053441614
lvx2=-2.1691620506806353
lvy2=1.3449231849291357
lvz2=2.324485395632952
avx2=-2.5322729373478867
avy2=5.035345558288998
avz2=2.7769239247325808
shx2=1.0
shy2=0.7
shz2=0.7
req2=1.0
rhos2=0.3
rhof=1.0
ndiv=2
tend=100.0
dt=0.05
tprint=1
logevery=100
nbody=2
impulse_scheme=1
energy_projection=0
impulse_pair_metric_correction=0
