cex1=-4.0
cey1=0.0
cez1=0.0
oriw1=-0.19277925634745702
orii1=0.2833070230246662
orij1=0.18302725691042562
orik1=-0.9214522843071516
lvx1=-1.5134236808381683
lvy1=-0.9368328486589235
lvz1=5.330733008672524
avx1=0.5555898687413107
avy1=-3.57394725466539
avz1=-5.13776590776372
shx1=1.0001
shy1=1.0
shz1=0.9999000099990001
req1=1.0
rhos1=1.0
cex2=4.0
cey2=0.0
cez2=0.0
oriw2=0.6729277879668005
orii2=-0.557819771579937
orij2=0.053024315151097914
orik2=0.4829013528862523
lvx2=-1.7008469452746673
lvy2=-1.0528507707716246
lvz2=5.9908940693026045
avx2=5.1019249782917875
avy2=-0.25942665096126416
avz2=3.658070110455894
shx2=2.0
shy2=1.0
shz2=0.5
req2=1.0
rhos2=1.0
rhof=1.0
ndiv=2
tend=100.0
dt=0.05
tprint=1
logevery=100
nbody=2
impulse_scheme=1
energy_projection=0
impulse_pair_metric_correction=0
