cex1=-4.0
cey1=0.0
cez1=0.0
oriw1=-0.27203797928268164
orii1=0.1571181895633844
orij1=0.871623828719193
orik1=0.37627265851376257
lvx1=-1.758002856880756
lvy1=-4.424822296957737
lvz1=-2.9810997435961415
avx1=6.00420117270083
avy1=-0.3513601086453571
avz1=1.8178371643654254
shx1=1.001
shy1=1.0
shz1=0.9990009990009991
req1=1.0
rhos1=1.0
cex2=4.0
cey2=0.0
cez2=0.0
oriw2=-0.5705020123961903
orii2=-0.2128919455705802
orij2=0.7054365951768283
orik2=0.36271708472085235
lvx2=-1.7589634258307438
lvy2=-4.4272400102686325
lvz2=-2.982728610033592
avx2=1.3541677549738131
avy2=5.044071769985839
avz2=-3.493134305316435
shx2=1.001
shy2=1.0
shz2=0.9990009990009991
req2=1.0
rhos2=1.0
rhof=1.0
ndiv=2
tend=100.0
dt=0.05
tprint=1
logevery=100
nbody=2
impulse_scheme=1
energy_projection=0
impulse_pair_metric_correction=0
