cex1=-2.5
cey1=0.0
cez1=0.0
oriw1=0.6735611000777698
orii1=0.46719895083661545
orij1=-0.1445440463633406
orik1=0.5542089889744687
lvx1=1.8749205761270085
lvy1=0.06552019250753702
lvz1=0.9957147122327007
avx1=2.320965602543563
avy1=-5.354184784024849
avz1=-2.3290001233756543
shx1=1.0
shy1=0.7
shz1=0.7
req1=1.0
rhos1=0.1
cex2=2.5
cey2=0.0
cez2=0.0
oriw2=-0.7118510475471383
orii2=-0.32835050892447837
orij2=0.6194282601041653
orik2=-0.04198404434311214
lvx2=1.832559886317984
lvy2=0.06403987350822633
lvz2=0.9732182061938688
avx2=3.20922405855377
avy2=0.6382994805809468
avz2=5.363941863913813
shx2=1.0
shy2=0.7
shz2=0.7
req2=1.0
rhos2=0.1
rhof=1.0
ndiv=2
tend=100.0
dt=0.05
tprint=1
logevery=100
nbody=2
impulse_scheme=1
energy_projection=0
impulse_pair_metric_correction=0
