cex1=-4.0
cey1=0.0
cez1=0.0
oriw1=-0.4850605374153601
orii1=-0.8225439010384327
orij1=0.2826333494993463
orik1=-0.0908636101945084
lvx1=-3.0758017707662955
lvy1=3.0211496381839518
lvz1=3.802703508479978
avx1=-2.930821848102689
avy1=-3.5513734529065992
avz1=4.2750961974009005
shx1=1.0
shy1=0.8
shz1=0.6
req1=1.0
rhos1=4.0
cex2=4.0
cey2=0.0
cez2=0.0
oriw2=-0.54786779901006
orii2=0.49934437609425003
orij2=-0.6220459874006109
orik2=0.2521008893869982
lvx2=-2.981882836183312
lvy2=2.9288994945203335
lvz2=3.686588788264301
avx2=-2.3067611137471817
avy2=5.661241856058992
avz2=1.4517614871827371
shx2=1.0
shy2=0.8
shz2=0.6
req2=1.0
rhos2=4.0
rhof=1.0
ndiv=2
tend=100.0
dt=0.05
tprint=1
logevery=100
nbody=2
impulse_scheme=1
energy_projection=0
impulse_pair_metric_correction=0
