cex1=-4.0
cey1=0.0
cez1=0.0
oriw1=0.1956783412302723
orii1=0.48400459994321215
orij1=-0.7375973790266618
orik1=0.4282518423313312
lvx1=0.3652392445866089
lvy1=5.462801309555304
lvz1=1.2645174968775659
avx1=5.841738527015702
avy1=2.264347170291267
avz1=-0.4745950681705248
shx1=1.0003
shy1=1.0
shz1=0.9997000899730081
req1=1.0
rhos1=1.0
cex2=4.0
cey2=0.0
cez2=0.0
oriw2=-0.35873468500677086
orii2=0.03409253223928387
orij2=0.3746087826482843
orik2=-0.8542923299324282
lvx2=0.5399345982146194
lvy2=8.075680458542877
lvz2=1.8693411420908883
avx2=0.5403879304942825
avy2=-5.632118012265274
avz2=-2.7323332858292746
shx2=2.0
shy2=1.0
shz2=0.5
req2=1.0
rhos2=1.0
rhof=1.0
ndiv=2
tend=100.0
dt=0.05
tprint=1
logevery=100
nbody=2
impulse_scheme=1
energy_projection=0
impulse_pair_metric_correction=0
