cex1=-1.5
cey1=0.0
cez1=0.0
oriw1=-0.2693170890010805
orii1=0.34915205913024006
orij1=0.5326612221950027
orik1=0.7223802098250086
lvx1=-4.961198553092587
lvy1=2.149376145889922
lvz1=-1.9852655914823385
avx1=-2.0389979402168277
avy1=-4.428856037453679
avz1=3.963097173128494
shx1=1.0
shy1=0.7
shz1=0.7
req1=1.0
rhos1=10.0
cex2=1.5
cey2=0.0
cez2=0.0
oriw2=0.34276485552940084
orii2=-0.9180614619650742
orij2=0.10504604487079022
orik2=0.16923573595864272
lvx2=-4.9013155555915535
lvy2=2.123432599185291
lvz2=-1.9613029031961544
avx2=2.6125261585383135
avy2=-5.5699970503894125
avz2=-1.2760319486453777
shx2=1.0
shy2=0.7
shz2=0.7
req2=1.0
rhos2=10.0
rhof=1.0
ndiv=2
tend=100.0
dt=0.05
tprint=1
logevery=100
nbody=2
impulse_scheme=1
energy_projection=0
impulse_pair_metric_correction=0
