cex1=-2.5
cey1=0.0
cez1=0.0
oriw1=0.5713960952431842
orii1=-0.5224600743468906
orij1=-0.5073148127628732
orik1=-0.37838294597623506
lvx1=-0.40850718136136416
lvy1=-0.28145574979210297
lvz1=-0.6466160796524847
avx1=0.9382080646886795
avy1=-3.3287758454716623
avz1=5.245706301568453
shx1=1.0
shy1=0.8
shz1=0.6
req1=1.0
rhos1=10.0
cex2=2.5
cey2=0.0
cez2=0.0
oriw2=-0.7324619135224806
orii2=0.6090332045061528
orij2=-0.3012639912553544
orik2=-0.042639284947645066
lvx2=-0.3923370132524892
lvy2=-0.27031472951877317
lvz2=-0.6210207139234472
avx2=-1.8183614412185205
avy2=-4.739483781674057
avz2=-3.702603510598417
shx2=1.0
shy2=0.8
shz2=0.6
req2=1.0
rhos2=10.0
rhof=1.0
ndiv=2
tend=100.0
dt=0.05
tprint=1
logevery=100
nbody=2
impulse_scheme=1
energy_projection=0
impulse_pair_metric_correction=0
