cex1=-1.5
cey1=0.0
cez1=0.0
oriw1=-0.5177377311678202
orii1=0.8327310605842932
orij1=0.11463860132014358
orik1=-0.15926271864663513
lvx1=0.14412636779463464
lvy1=-0.6028347100370375
lvz1=0.26265520802811176
avx1=-5.7006798257729665
avy1=2.158551365642327
avz1=-1.52358889805163
shx1=1.0
shy1=0.7
shz1=0.7
req1=1.0
rhos1=0.1
cex2=1.5
cey2=0.0
cez2=0.0
oriw2=0.29437732857868554
orii2=0.49102886073247587
orij2=0.7607879595056963
orik2=0.30567029135622986
lvx2=0.1650769366799831
lvy2=-0.6904642695157451
lvz2=0.30083542524366935
avx2=2.581337038855201
avy2=3.155941059014741
avz2=-4.780706300141916
shx2=1.0
shy2=0.7
shz2=0.7
req2=1.0
rhos2=0.1
rhof=1.0
ndiv=2
tend=100.0
dt=0.05
tprint=1
logevery=100
nbody=2
impulse_scheme=1
energy_projection=0
impulse_pair_metric_correction=0
