cex1=-4.0
cey1=0.0
cez1=0.0
oriw1=0.16784618726803757
orii1=0.36398479737292944
orij1=-0.7683458143906216
orik1=-0.49898640683828543
lvx1=4.499634998511538
lvy1=0.6923242458758786
lvz1=-2.4533662761193766
avx1=5.806529096068296
avy1=2.3759683968489824
avz1=-0.34265381662051286
shx1=1.3
shy1=1.0
shz1=0.7692307692307692
req1=1.0
rhos1=1.0
cex2=4.0
cey2=0.0
cez2=0.0
oriw2=-0.5907307734635019
orii2=-0.513378508359301
orij2=0.6050091752733908
orik2=-0.146436191814057
lvx2=4.8896814877598604
lvy2=0.7523377006593681
lvz2=-2.666033948754411
avx2=1.0035606352984436
avy2=-4.318549611644028
avz2=-4.45212453862266
shx2=1.0
shy2=1.0
shz2=1.0
req2=1.0
rhos2=1.0
rhof=1.0
ndiv=2
tend=100.0
dt=0.05
tprint=1
logevery=100
nbody=2
impulse_scheme=1
energy_projection=0
impulse_pair_metric_correction=0
