cex1=-4.0
cey1=0.0
cez1=0.0
oriw1=-0.3700917711968198
orii1=-0.17389682797957554
orij1=-0.8667365209379083
orik1=-0.2855867248026306
lvx1=-2.6954194065782295
lvy1=0.18722008880170415
lvz1=-4.935645120569103
avx1=-1.57253240151348
avy1=5.820444762361793
avz1=1.7686102506891823
shx1=1.0060089999999997
shy1=0.9970089730807579
shz1=0.9970089730807579
req1=1.0
rhos1=1.0
cex2=4.0
cey2=0.0
cez2=0.0
oriw2=-0.4552596968416875
orii2=0.10458942236505568
orij2=-0.8837726180737678
orik2=0.02730605617801501
lvx2=-2.6920887904253785
lvy2=0.18698874882901595
lvz2=-4.929546351923605
avx2=-1.4586984785989334
avy2=-3.9677710030294167
avz2=4.648377095332254
shx2=1.0
shy2=1.0
shz2=1.0
req2=1.0
rhos2=1.0
rhof=1.0
ndiv=2
tend=100.0
dt=0.05
tprint=1
logevery=100
nbody=2
impulse_scheme=1
energy_projection=0
impulse_pair_metric_correction=0
