cex1=-5.5
cey1=0.0
cez1=0.0
oriw1=0.2967033426305759
orii1=0.14460199314273092
orij1=-0.7086566944272449
orik1=-0.623588870566532
lvx1=-0.8938889251036299
lvy1=1.8068356757090263
lvz1=0.8159706769654642
avx1=-0.25066841578122395
avy1=-5.285160914438869
avz1=3.3886069494963365
shx1=1.0
shy1=0.7
shz1=0.7
req1=1.0
rhos1=0.3
cex2=5.5
cey2=0.0
cez2=0.0
oriw2=0.5694036927575026
orii2=0.03957310625041332
orij2=-0.8207919126997111
orik2=0.02267244985798624
lvx2=-0.8664371966926573
lvy2=1.7513469445480825
lvz2=0.7909118527801478
avx2=2.6522581928393185
avy2=-1.8688298481246706
avz2=-5.380652291463598
shx2=1.0
shy2=0.7
shz2=0.7
req2=1.0
rhos2=0.3
rhof=1.0
ndiv=2
tend=100.0
dt=0.05
tprint=1
logevery=100
nbody=2
impulse_scheme=1
energy_projection=0
impulse_pair_metric_correction=0
