cex1=-4.0
cey1=0.0
cez1=0.0
oriw1=-0.43650598671999696
orii1=-0.17705329821139312
orij1=-0.5767169069145907
orik1=0.6674670496952916
lvx1=-0.46411634921021744
lvy1=3.4481529430975715
lvz1=-4.413139888590937
avx1=-4.530981693215202
avy1=2.868064345857472
avz1=3.274573164265425
shx1=1.00020001
shy1=0.9999000099990001
shz1=0.9999000099990001
req1=1.0
rhos1=1.0
cex2=4.0
cey2=0.0
cez2=0.0
oriw2=-0.6970577483908247
orii2=-0.2601205714408975
orij2=0.6130780385414456
orik2=-0.2656748056925012
lvx2=-1.2767265069211615
lvy2=9.485441031892801
lvz2=-12.140000420375431
avx2=1.6726787791423583
avy2=-4.138124292513713
avz2=4.422272113503662
shx2=4.0
shy2=0.5
shz2=0.5
req2=1.0
rhos2=1.0
rhof=1.0
ndiv=2
tend=100.0
dt=0.05
tprint=1
logevery=100
nbody=2
impulse_scheme=1
energy_projection=0
impulse_pair_metric_correction=0
