cex1=-5.5
cey1=0.0
cez1=0.0
oriw1=0.6768349342655383
orii1=0.45195130253854005
orij1=0.2898948347617896
orik1=0.5035826413508672
lvx1=-1.6447309607612155
lvy1=2.6566046098996137
lvz1=-1.4432852674102297
avx1=2.65827514281477
avy1=4.764110335983936
avz1=3.1169285484305824
shx1=1.0
shy1=0.7
shz1=0.7
req1=1.0
rhos1=0.3
cex2=5.5
cey2=0.0
cez2=0.0
oriw2=0.14622698280546886
orii2=-0.28046665621612166
orij2=-0.28623383063088215
orik2=-0.9044480739395316
lvx2=-1.6153385341609814
lvy2=2.6091293340853987
lvz2=-1.4174928081584621
avx2=3.30176467505558
avy2=-4.133345115202242
avz2=3.390018553569628
shx2=1.0
shy2=0.7
shz2=0.7
req2=1.0
rhos2=0.3
rhof=1.0
ndiv=2
tend=100.0
dt=0.05
tprint=1
logevery=100
nbody=2
impulse_scheme=1
energy_projection=0
impulse_pair_metric_correction=0
