cex1=-1.5
cey1=0.0
cez1=0.0
oriw1=-0.7729897553422003
orii1=0.5513858775692941
orij1=-0.03862937145839716
orik1=0.31139721227697886
lvx1=-0.894741933050192
lvy1=-0.6177036828133787
lvz1=0.6437737160078572
avx1=-1.257083702905991
avy1=5.946444250965515
avz1=1.5930972783872208
shx1=1.0
shy1=0.8
shz1=0.6
req1=1.0
rhos1=0.1
cex2=1.5
cey2=0.0
cez2=0.0
oriw2=-0.23695679525096675
orii2=0.24005886654803527
orij2=-0.8364193154171689
orik2=-0.4320022529722949
lvx2=-0.9645135144024773
lvy2=-0.6658719435878542
lvz2=0.6939749064737851
avx2=-1.8404723586555656
avy2=0.27600221201595543
avz2=6.001241694878198
shx2=1.0
shy2=0.8
shz2=0.6
req2=1.0
rhos2=0.1
rhof=1.0
ndiv=2
tend=100.0
dt=0.05
tprint=1
logevery=100
nbody=2
impulse_scheme=1
energy_projection=0
impulse_pair_metric_correction=0
