cex1=-4.0
cey1=0.0
cez1=0.0
oriw1=0.8619362695853752
orii1=-0.49290028631181687
orij1=-0.07756153826056424
orik1=-0.08999657054372377
lvx1=1.2814321709666356
lvy1=-2.209486633565199
lvz1=-5.3274409415888435
avx1=-2.227304215607097
avy1=1.4729789610281543
avz1=5.687518484881144
shx1=1.2100000000000002
shy1=0.9090909090909091
shz1=0.9090909090909091
req1=1.0
rhos1=1.0
cex2=4.0
cey2=0.0
cez2=0.0
oriw2=0.7146266489688397
orii2=-0.0013199137272349817
orij2=-0.6651006102062046
orik2=-0.2166753071179405
lvx2=3.4579865313756173
lvy2=-5.962371784656749
lvz2=-14.376273235606874
avx2=-0.6204112990398346
avy2=-5.9712668396633655
avz2=1.8540441618035508
shx2=4.0
shy2=0.5
shz2=0.5
req2=1.0
rhos2=1.0
rhof=1.0
ndiv=2
tend=100.0
dt=0.05
tprint=1
logevery=100
nbody=2
impulse_scheme=1
energy_projection=0
impulse_pair_metric_correction=0
