cex1=-4.0
cey1=0.0
cez1=0.0
oriw1=0.7796064361451062
orii1=0.6246041776259015
orij1=0.0426260185917487
orik1=-0.016323251894571466
lvx1=2.0180905888528278
lvy1=-5.4840503997638415
lvz1=-2.189882874831326
avx1=4.846195628432067
avy1=-3.9938835268102677
avz1=-0.20420555721363096
shx1=2.0
shy1=1.0
shz1=0.5
req1=1.0
rhos1=1.0
cex2=4.0
cey2=0.0
cez2=0.0
oriw2=0.17067382786820287
orii2=0.5759813223554646
orij2=-0.7863646923709136
orik2=-0.14403656261819048
lvx2=2.5217061950563684
lvy2=-6.852598165549616
lvz2=-2.7363693396187387
avx2=2.75962609698645
avy2=4.735930039065444
avz2=-3.071456995347052
shx2=2.0
shy2=1.0
shz2=0.5
req2=1.0
rhos2=1.0
rhof=1.0
ndiv=2
tend=100.0
dt=0.05
tprint=1
logevery=100
nbody=2
impulse_scheme=1
energy_projection=0
impulse_pair_metric_correction=0
