cex1=-4.0
cey1=0.0
cez1=0.0
oriw1=0.34319265671784294
orii1=0.5266554013722172
orij1=-0.761060093485989
orik1=0.16012627105979646
lvx1=4.798121957461768
lvy1=-2.8458990982843453
lvz1=-0.6782200118939726
avx1=2.7583476317974074
avy1=-5.576654370201302
avz1=-0.8779874610891566
shx1=1.0003
shy1=1.0
shz1=0.9997000899730081
req1=1.0
rhos1=1.0
cex2=4.0
cey2=0.0
cez2=0.0
oriw2=-0.3177302782186733
orii2=0.020371806571524292
orij2=0.197393764409027
orik2=0.9271829169977898
lvx2=4.798560837290311
lvy2=-2.8461594100728704
lvz2=-0.6782820480583664
avx2=0.5176958887812851
avy2=4.6583299534536815
avz2=-4.184539474763336
shx2=1.0003
shy2=1.0
shz2=0.9997000899730081
req2=1.0
rhos2=1.0
rhof=1.0
ndiv=2
tend=100.0
dt=0.05
tprint=1
logevery=100
nbody=2
impulse_scheme=1
energy_projection=0
impulse_pair_metric_correction=0
