cex1=-4.0
cey1=0.0
cez1=0.0
oriw1=-0.5513997757862173
orii1=-0.5780136550674974
orij1=0.5704002425013688
orik1=0.19105513647322098
lvx1=-0.1854786502750021
lvy1=0.5741085837767517
lvz1=0.38454619904354004
avx1=-4.665355188071545
avy1=3.3717760821594274
avz1=2.5187307568037074
shx1=1.0
shy1=0.7
shz1=0.7
req1=1.0
rhos1=0.3
cex2=4.0
cey2=0.0
cez2=0.0
oriw2=0.4485982359277986
orii2=0.6220496682325949
orij2=0.5117008357316306
orik2=0.38726746272535795
lvx2=-0.17839649879000902
lvy2=0.5521873332548538
lvz2=0.36986302968379564
avx2=5.364229477699773
avy2=-1.7113170070599926
avz2=-2.7883424854708
shx2=1.0
shy2=0.7
shz2=0.7
req2=1.0
rhos2=0.3
rhof=1.0
ndiv=2
tend=100.0
dt=0.05
tprint=1
logevery=100
nbody=2
impulse_scheme=1
energy_projection=0
impulse_pair_metric_correction=0
