cex1=-5.5
cey1=0.0
cez1=0.0
oriw1=0.8479573798591526
orii1=-0.3261265694110756
orij1=-0.349240098782738
orik1=-0.2294364750182217
lvx1=-0.5165735555592579
lvy1=-0.4783554900652803
lvz1=-0.8412783587091442
avx1=-5.888625808448673
avy1=2.098698954023211
avz1=0.630845775773708
shx1=1.0
shy1=0.7
shz1=0.7
req1=1.0
rhos1=0.03
cex2=5.5
cey2=0.0
cez2=0.0
oriw2=-0.30235880109358987
orii2=-0.029273179506744275
orij2=-0.34587294868227303
orik2=-0.887746664163061
lvx2=-0.5754800522984688
lvy2=-0.532903861371681
lvz2=-0.9372119587952292
avx2=3.902627602481956
avy2=4.301907496277335
avz2=-2.3961442557108814
shx2=1.0
shy2=0.7
shz2=0.7
req2=1.0
rhos2=0.03
rhof=1.0
ndiv=2
tend=100.0
dt=0.05
tprint=1
logevery=100
nbody=2
impulse_scheme=1
energy_projection=0
impulse_pair_metric_correction=0
