cex1=-4.0
cey1=0.0
cez1=0.0
oriw1=0.23921834748973422
orii1=-0.5589594654134418
orij1=0.6646756977632273
orik1=0.43421781982314706
lvx1=-0.559836240289736
lvy1=-2.3224802050957756
lvz1=-6.8284545643999754
avx1=-1.5265057205348824
avy1=-4.898117094776141
avz1=-3.6272092323704532
shx1=1.6900000000000002
shy1=0.7692307692307692
shz1=0.7692307692307692
req1=1.0
rhos1=1.0
cex2=4.0
cey2=0.0
cez2=0.0
oriw2=0.6376435572501791
orii2=-0.6592052743402587
orij2=0.27226428610634507
orik2=-0.29108634232873953
lvx2=-0.4348998393308932
lvy2=-1.8041816434080733
lvz2=-5.304575837032142
avx2=2.1053036797067866
avy2=3.5851828654030684
avz2=-4.71089989727979
shx2=1.0
shy2=1.0
shz2=1.0
req2=1.0
rhos2=1.0
rhof=1.0
ndiv=2
tend=100.0
dt=0.05
tprint=1
logevery=100
nbody=2
impulse_scheme=1
energy_projection=0
impulse_pair_metric_correction=0
