cex1=-4.0
cey1=0.0
cez1=0.0
oriw1=0.05367099653732298
orii1=-0.2623075734073761
orij1=-0.7831319468736291
orik1=-0.5612651021128466
lvx1=3.11234814702639
lvy1=-0.031923745925838944
lvz1=4.681178610875925
avx1=-0.3521924688151608
avy1=-0.7765598643841025
avz1=6.225056854864465
shx1=1.0003
shy1=1.0003
shz1=0.9994002698920407
req1=1.0
rhos1=1.0
cex2=4.0
cey2=0.0
cez2=0.0
oriw2=0.33559816381483953
orii2=-0.13217388713546457
orij2=0.029050104853290074
orik2=-0.932233890937045
lvx2=6.021836349233976
lvy2=-0.061766731913843624
lvz2=9.057242372824508
avx2=-1.475849463320476
avy2=-1.7090629489136657
avz2=5.863394051453869
shx2=2.0
shy2=2.0
shz2=0.25
req2=1.0
rhos2=1.0
rhof=1.0
ndiv=2
tend=100.0
dt=0.05
tprint=1
logevery=100
nbody=2
impulse_scheme=1
energy_projection=0
impulse_pair_metric_correction=0
