cex1=-5.5
cey1=0.0
cez1=0.0
oriw1=-0.44589656264636024
orii1=0.7021312977177497
orij1=-0.20260896759784974
orik1=0.516853463212043
lvx1=-0.6166918173797481
lvy1=0.19577363887411278
lvz1=1.0317714223881345
avx1=-3.99044927074228
avy1=4.555248856852536
avz1=1.6746462534319004
shx1=1.0
shy1=0.7
shz1=0.7
req1=1.0
rhos1=10.0
cex2=5.5
cey2=0.0
cez2=0.0
oriw2=-0.14232979054131395
orii2=-0.8963187583542811
orij2=0.0914600677995684
orik2=0.40986579528524203
lvx2=-0.6545442875796783
lvy2=0.20779020147891702
lvz2=1.0951014292382772
avx2=1.8289206503740132
avy2=-0.4169222599086482
avz2=-5.996635947611427
shx2=1.0
shy2=0.7
shz2=0.7
req2=1.0
rhos2=10.0
rhof=1.0
ndiv=2
tend=100.0
dt=0.05
tprint=1
logevery=100
nbody=2
impulse_scheme=1
energy_projection=0
impulse_pair_metric_correction=0
