cex1=-4.0
cey1=0.0
cez1=0.0
oriw1=0.806776899031122
orii1=0.27987250883783443
orij1=0.3759018664135829
orik1=0.3598335737717202
lvx1=8.904931409728619
lvy1=0.5557696890532623
lvz1=2.723230025219093
avx1=-3.7675682835478708
avy1=-2.872932971828801
avz1=-4.126754532624944
shx1=1.0
shy1=0.8
shz1=0.6
req1=1.0
rhos1=0.1
cex2=4.0
cey2=0.0
cez2=0.0
oriw2=0.1416688785257099
orii2=-0.07853455839851628
orij2=-0.9403010592362184
orik2=-0.29932619329698384
lvx2=8.930707281225684
lvy2=0.5573783985904689
lvz2=2.7311125819685262
avx2=-0.30027709893196675
avy2=6.275967777572613
avz2=0.021902581690598565
shx2=1.0
shy2=0.8
shz2=0.6
req2=1.0
rhos2=0.1
rhof=1.0
ndiv=2
tend=100.0
dt=0.05
tprint=1
logevery=100
nbody=2
impulse_scheme=1
energy_projection=0
impulse_pair_metric_correction=0
