cex1=-4.0
cey1=0.0
cez1=0.0
oriw1=1.0
orii1=1.0
orij1=1.0
orik1=0.0
lvx1=8.904931409728619
lvy1=0.5557696890532623
lvz1=2.723230025219093
avx1=-3.7675682835478708
avy1=-2.872932971828801
avz1=-4.126754532624944
shx1=1.0
shy1=0.8
shz1=0.6
req1=1.0
rhos1=0.1
cex2=4.0
cey2=0.0
cez2=0.0
oriw2=1.0
orii2=-1.0
orij2=0.0
orik2=1.0
lvx2=8.930707281225684
lvy2=0.5573783985904689
lvz2=2.7311125819685262
avx2=-0.30027709893196675
avy2=6.275967777572613
avz2=0.021902581690598565
shx2=1.0
shy2=0.8
shz2=0.6
req2=1.0
rhos2=0.1
rhof=1.0
ndiv=2
tend=100.0
dt=0.05
tprint=1
logevery=100
nbody=2
impulse_scheme=1
energy_projection=0
impulse_pair_metric_correction=0
