cex1=-4.0
cey1=0.0
cez1=0.0
oriw1=0.6881206159484999
orii1=-0.38689934346233856
orij1=0.47413049767693527
orik1=-0.38987073127857413
lvx1=1.2552980220780252
lvy1=6.201345346116816
lvz1=-0.7534846741346979
avx1=1.5538991999067975
avy1=4.6282744764418275
avz1=-3.9551093855421464
shx1=1.3
shy1=1.3
shz1=0.5917159763313609
req1=1.0
rhos1=1.0
cex2=4.0
cey2=0.0
cez2=0.0
oriw2=0.21909397120263382
orii2=0.708480332146646
orij2=0.6582982918322158
orik2=-0.12921613565969473
lvx2=1.1071529951336692
lvy2=5.469488482460713
lvz2=-0.6645615615442234
avx2=-1.5164056401609622
avy2=-5.346450615954306
avz2=2.9316202601986627
shx2=1.0
shy2=1.0
shz2=1.0
req2=1.0
rhos2=1.0
rhof=1.0
ndiv=2
tend=100.0
dt=0.05
tprint=1
logevery=100
nbody=2
impulse_scheme=1
energy_projection=0
impulse_pair_metric_correction=0
