cex1=-1.5
cey1=0.0
cez1=0.0
oriw1=0.9254767501071672
orii1=-0.3502122813732581
orij1=0.13501766059707468
orik1=-0.05113095259533926
lvx1=1.031236386689874
lvy1=2.468380675481179
lvz1=4.493939325795429
avx1=4.865375369407695
avy1=2.9994278612041883
avz1=-2.609592424987175
shx1=1.0
shy1=0.7
shz1=0.7
req1=1.0
rhos1=1.0
cex2=1.5
cey2=0.0
cez2=0.0
oriw2=-0.09935851375683187
orii2=0.49432203003854225
orij2=-0.84523571528817
orik2=0.17705988242372547
lvx2=1.0160453639408469
lvy2=2.432019248093173
lvz2=4.427739630544144
avx2=5.133484043699502
avy2=1.7905418445815608
avz2=3.149558553232898
shx2=1.0
shy2=0.7
shz2=0.7
req2=1.0
rhos2=1.0
rhof=1.0
ndiv=2
tend=100.0
dt=0.05
tprint=1
logevery=100
nbody=2
impulse_scheme=1
energy_projection=0
impulse_pair_metric_correction=0
