cex1=-5.5
cey1=0.0
cez1=0.0
oriw1=-0.12534179004255908
orii1=-0.869206198599953
orij1=-0.27978378107279683
orik1=-0.38793176698094145
lvx1=2.1539477614938973
lvy1=-5.703765704665731
lvz1=-6.844025694554328
avx1=-4.452416498278926
avy1=-1.4055992190594893
avz1=-4.204604115204001
shx1=1.0
shy1=0.8
shz1=0.6
req1=1.0
rhos1=0.1
cex2=5.5
cey2=0.0
cez2=0.0
oriw2=0.33428359198960034
orii2=0.5047441325856777
orij2=-0.052789303637181866
orik2=0.7941669409943752
lvx2=2.140985329232887
lvy2=-5.6694405098299345
lvz2=-6.802838428528551
avx2=-4.388783340939621
avy2=-2.3385698404934705
avz2=-3.8403241388953924
shx2=1.0
shy2=0.8
shz2=0.6
req2=1.0
rhos2=0.1
rhof=1.0
ndiv=2
tend=100.0
dt=0.05
tprint=1
logevery=100
nbody=2
impulse_scheme=1
energy_projection=0
impulse_pair_metric_correction=0
