cex1=-4.0
cey1=0.0
cez1=0.0
oriw1=0.2725464303260153
orii1=0.07818310060840912
orij1=-0.8658720550401199
orik1=-0.4121546195257325
lvx1=-0.7452493642354355
lvy1=-1.6303495259832859
lvz1=5.263398285277103
avx1=5.987767748862322
avy1=-1.3007810745770478
avz1=1.3903321855095832
shx1=1.03
shy1=1.03
shz1=0.9425959091337544
req1=1.0
rhos1=1.0
cex2=4.0
cey2=0.0
cez2=0.0
oriw2=-0.47090890180305284
orii2=0.4422514195149272
orij2=-0.4833349928623006
orik2=-0.5908009587115398
lvx2=-0.7441976708347975
lvy2=-1.6280487822061085
lvz2=5.255970595288753
avx2=0.9335470891356462
avy2=6.159404029983587
avz2=0.8177098703976525
shx2=1.03
shy2=1.03
shz2=0.9425959091337544
req2=1.0
rhos2=1.0
rhof=1.0
ndiv=2
tend=100.0
dt=0.05
tprint=1
logevery=100
nbody=2
impulse_scheme=1
energy_projection=0
impulse_pair_metric_correction=0
