cex1=-4.0
cey1=0.0
cez1=0.0
oriw1=1.0
orii1=2.0
orij1=0.0
orik1=0.0
lvx1=0.13153692840048264
lvy1=5.460513724680752
lvz1=0.8407325263536067
avx1=-3.6031342462791174
avy1=3.629696578048429
avz1=-3.6498142362251236
shx1=1.0
shy1=0.7
shz1=0.7
req1=1.0
rhos1=10.0
cex2=4.0
cey2=0.0
cez2=0.0
oriw2=1.0
orii2=0.0
orij2=1.0
orik2=0.0
lvx2=0.13835044149875692
lvy2=5.743364192901676
lvz2=0.8842818333817803
avx2=1.4505093485883345
avy2=3.6784591949811234
avz2=4.882968173649518
shx2=1.0
shy2=0.7
shz2=0.7
req2=1.0
rhos2=10.0
rhof=1.0
ndiv=2
tend=100.0
dt=0.05
tprint=1
logevery=100
nbody=2
impulse_scheme=1
energy_projection=0
impulse_pair_metric_correction=0
