cex1=-4.0
cey1=0.0
cez1=0.0
oriw1=0.884205764366111
orii1=0.39843465701932723
orij1=-0.23517509730901856
orik1=-0.06420797421914312
lvx1=4.550791791357542
lvy1=2.8612567030774105
lvz1=-1.7395531408431413
avx1=-1.7612080562420007
avy1=5.17202056209437
avz1=3.1027031911316865
shx1=1.1
shy1=1.1
shz1=0.8264462809917354
req1=1.0
rhos1=1.0
cex2=4.0
cey2=0.0
cez2=0.0
oriw2=-0.5716314339389785
orii2=-0.42426777385958153
orij2=0.6149987475833585
orik2=0.33913257034381505
lvx2=4.52650600988844
lvy2=2.8459873042115014
lvz2=-1.7302698316149234
avx2=1.5846740930281293
avy2=-4.639212015929089
avz2=-3.930004770289989
shx2=1.0
shy2=1.0
shz2=1.0
req2=1.0
rhos2=1.0
rhof=1.0
ndiv=2
tend=100.0
dt=0.05
tprint=1
logevery=100
nbody=2
impulse_scheme=1
energy_projection=0
impulse_pair_metric_correction=0
