cex1=-1.5
cey1=0.0
cez1=0.0
oriw1=-0.11360039031530161
orii1=-0.2784492939736516
orij1=-0.9530879152213344
orik1=0.03441464608036399
lvx1=1.0663641564853898
lvy1=-0.05460685317666003
lvz1=-0.6320605503298886
avx1=3.6892432093769614
avy1=-3.836725912788483
avz1=3.3387776830092766
shx1=1.0
shy1=0.8
shz1=0.6
req1=1.0
rhos1=0.1
cex2=1.5
cey2=0.0
cez2=0.0
oriw2=-0.17039979421250034
orii2=-0.41273298813131226
orij2=0.5961435319972361
orik2=0.66725428428628
lvx2=1.0764768010574133
lvy2=-0.05512470600771568
lvz2=-0.6380545662151845
avx2=-1.532625332606686
avy2=-6.076851155885564
avz2=-0.44872845176338655
shx2=1.0
shy2=0.8
shz2=0.6
req2=1.0
rhos2=0.1
rhof=1.0
ndiv=2
tend=100.0
dt=0.05
tprint=1
logevery=100
nbody=2
impulse_scheme=1
energy_projection=0
impulse_pair_metric_correction=0
