cex1=-4.0
cey1=0.0
cez1=0.0
oriw1=0.23043055110229774
orii1=0.8009418092046827
orij1=0.36008926856678575
orik1=-0.4192012619848111
lvx1=-4.542993854173408
lvy1=-2.1248033758935136
lvz1=2.535602953724838
avx1=1.3940673625623854
avy1=-5.92189548208437
avz1=-1.570397303953529
shx1=1.0003
shy1=1.0
shz1=0.9997000899730081
req1=1.0
rhos1=1.0
cex2=4.0
cey2=0.0
cez2=0.0
oriw2=0.36172972724034363
orii2=0.30884150683509165
orij2=0.6403894518766489
orik2=0.6030504771671951
lvx2=-6.63631398557405
lvy2=-3.1038700056975346
lvz2=3.7039577608516656
avx2=-1.351717921439694
avy2=-5.422836827846708
avz2=-2.871257042440756
shx2=2.0
shy2=1.0
shz2=0.5
req2=1.0
rhos2=1.0
rhof=1.0
ndiv=2
tend=100.0
dt=0.05
tprint=1
logevery=100
nbody=2
impulse_scheme=1
energy_projection=0
impulse_pair_metric_correction=0
