cex1=-4.0
cey1=0.0
cez1=0.0
oriw1=0.39111580847033167
orii1=-0.34806125212089684
orij1=-0.7199440240909268
orik1=-0.4555901571724253
lvx1=0.2134420443177235
lvy1=0.3841719605076859
lvz1=-0.5820804367185693
avx1=-4.253707072259312
avy1=-4.006317364245649
avz1=2.3095053419969283
shx1=1.0
shy1=0.7
shz1=0.7
req1=1.0
rhos1=10.0
cex2=4.0
cey2=0.0
cez2=0.0
oriw2=-0.17567696086070517
orii2=-0.6117098889162704
orij2=0.7413368728413148
orik2=-0.21299825865638097
lvx2=0.2323805958094721
lvy2=0.4182592486004221
lvz2=-0.6337279945292718
avx2=-0.2673885167706331
avy2=-5.987521571153476
avz2=-1.8858702024339984
shx2=1.0
shy2=0.7
shz2=0.7
req2=1.0
rhos2=10.0
rhof=1.0
ndiv=2
tend=100.0
dt=0.05
tprint=1
logevery=100
nbody=2
impulse_scheme=1
energy_projection=0
impulse_pair_metric_correction=0
