cex1=-5.5
cey1=0.0
cez1=0.0
oriw1=0.4782372790221018
orii1=-0.5051516108662328
orij1=-0.3604482513620638
orik1=0.6214402731420107
lvx1=-4.063629234999322
lvy1=3.8309674749391283
lvz1=-0.9985334907989495
avx1=-2.732968470972301
avy1=-0.2441419495836242
avz1=5.652406182280451
shx1=1.0
shy1=0.7
shz1=0.7
req1=1.0
rhos1=1.0
cex2=5.5
cey2=0.0
cez2=0.0
oriw2=-0.24383878851425828
orii2=-0.6213935353990717
orij2=0.744516440500652
orik2=0.010391785427958508
lvx2=-4.024084940932041
lvy2=3.7936872764686576
lvz2=-0.9888164866844762
avx2=3.0916537389089482
avy2=4.721428288030367
avz2=-2.7619213754258807
shx2=1.0
shy2=0.7
shz2=0.7
req2=1.0
rhos2=1.0
rhof=1.0
ndiv=2
tend=100.0
dt=0.05
tprint=1
logevery=100
nbody=2
impulse_scheme=1
energy_projection=0
impulse_pair_metric_correction=0
