cex1=-4.0
cey1=0.0
cez1=0.0
oriw1=0.47562570754537364
orii1=0.5131492504201359
orij1=-0.5356743184424195
orik1=0.47276956086074823
lvx1=-1.4195240738783215
lvy1=-5.4161535360279025
lvz1=-0.3841455171769504
avx1=2.692231212032467
avy1=5.5805772514981
avz1=1.0428164965024016
shx1=1.003
shy1=1.003
shz1=0.9940268924035474
req1=1.0
rhos1=1.0
cex2=4.0
cey2=0.0
cez2=0.0
oriw2=-0.4131666118131257
orii2=0.8738837562670101
orij2=-0.25547140211212044
orik2=-0.01883863366568972
lvx2=-1.4193484527963938
lvy2=-5.415483458808793
lvz2=-0.3840979913529184
avx2=-5.706440912383181
avy2=2.629585527038355
avz2=0.015154993475988122
shx2=1.003
shy2=1.003
shz2=0.9940268924035474
req2=1.0
rhos2=1.0
rhof=1.0
ndiv=2
tend=100.0
dt=0.05
tprint=1
logevery=100
nbody=2
impulse_scheme=1
energy_projection=0
impulse_pair_metric_correction=0
