cex1=-4.0
cey1=0.0
cez1=0.0
oriw1=-0.969728599625668
orii1=-0.23673706411870704
orij1=0.03823950419694225
orik1=0.04604069785817926
lvx1=0.010150679234822609
lvy1=-3.995547688745378
lvz1=-3.949635378013455
avx1=3.9872076261378098
avy1=4.668040574717715
avz1=1.337905132367402
shx1=1.0060089999999997
shy1=0.9970089730807579
shz1=0.9970089730807579
req1=1.0
rhos1=1.0
cex2=4.0
cey2=0.0
cez2=0.0
oriw2=-0.27744423243472344
orii2=-0.545503238051543
orij2=-0.775456857774085
orik2=-0.15529834801159775
lvx2=0.019510126119553273
lvy2=-7.679647590152051
lvz2=-7.591401774074346
avx2=4.714095139131844
avy2=3.9417816540939716
avz2=1.3107562759793123
shx2=4.0
shy2=0.5
shz2=0.5
req2=1.0
rhos2=1.0
rhof=1.0
ndiv=2
tend=100.0
dt=0.05
tprint=1
logevery=100
nbody=2
impulse_scheme=1
energy_projection=0
impulse_pair_metric_correction=0
