cex1=-4.0
cey1=0.0
cez1=0.0
oriw1=-0.20656423770361032
orii1=0.36611265978574375
orij1=0.12281363047704771
orik1=-0.899004754278631
lvx1=1.0487734799096475
lvy1=1.1158194937045691
lvz1=-1.4064329996778513
avx1=3.9742440383985964
avy1=-2.4139169621915912
avz1=4.2257315138629385
shx1=1.0
shy1=0.8
shz1=0.6
req1=1.0
rhos1=0.3
cex2=4.0
cey2=0.0
cez2=0.0
oriw2=0.49500578780666066
orii2=-0.12957652544566622
orij2=-0.6866576967441697
orik2=-0.5164110781086398
lvx2=1.0424779360395644
lvy2=1.1091214881692688
lvz2=-1.3979905086925077
avx2=-1.9218885212060317
avy2=-5.979312718554671
avz2=-0.18050354607118155
shx2=1.0
shy2=0.8
shz2=0.6
req2=1.0
rhos2=0.3
rhof=1.0
ndiv=2
tend=100.0
dt=0.05
tprint=1
logevery=100
nbody=2
impulse_scheme=1
energy_projection=0
impulse_pair_metric_correction=0
