cex1=-4.0
cey1=0.0
cez1=0.0
oriw1=-0.5015738570702669
orii1=0.848065246032809
orij1=0.017622066661758553
orik1=-0.16999549153296678
lvx1=4.7426095780202875
lvy1=2.9082346260315806
lvz1=-0.7955184969775426
avx1=-1.2202704917583875
avy1=-5.734482379656319
avz1=-2.2594400564547814
shx1=1.0001
shy1=1.0
shz1=0.9999000099990001
req1=1.0
rhos1=1.0
cex2=4.0
cey2=0.0
cez2=0.0
oriw2=-0.9435357620433359
orii2=-0.21818705981397576
orij2=-0.16209965458477976
orik2=-0.1893630762808025
lvx2=4.742587815927004
lvy2=2.9082212812111434
lvz2=-0.7955148466353722
avx2=0.3909883809429168
avy2=-3.7362822867139234
avz2=-5.036441240033764
shx2=1.0
shy2=1.0
shz2=1.0
req2=1.0
rhos2=1.0
rhof=1.0
ndiv=2
tend=100.0
dt=0.05
tprint=1
logevery=100
nbody=2
impulse_scheme=1
energy_projection=0
impulse_pair_metric_correction=0
