cex1=-5.5
cey1=0.0
cez1=0.0
oriw1=-0.8088971674891651
orii1=-0.3065475693343586
orij1=-0.017421715637843282
orik1=-0.5014084602272249
lvx1=-1.254112768299085
lvy1=-3.0506323180571857
lvz1=0.21837439647423276
avx1=3.242375724989353
avy1=5.2699363132234405
avz1=1.0923316881451954
shx1=1.0
shy1=0.8
shz1=0.6
req1=1.0
rhos1=4.0
cex2=5.5
cey2=0.0
cez2=0.0
oriw2=-0.2238779512722743
orii2=0.4170526683350208
orij2=0.017939841061578598
orik2=-0.880695121407774
lvx2=-1.377768958952981
lvy2=-3.351426298528528
lvz2=0.23990622892736296
avx2=-0.6443035271321884
avy2=-3.70474214992993
avz2=5.033704021077821
shx2=1.0
shy2=0.8
shz2=0.6
req2=1.0
rhos2=4.0
rhof=1.0
ndiv=2
tend=100.0
dt=0.05
tprint=1
logevery=100
nbody=2
impulse_scheme=1
energy_projection=0
impulse_pair_metric_correction=0
