cex1=-2.5
cey1=0.0
cez1=0.0
oriw1=-0.7760506472600374
orii1=-0.421034918872096
orij1=0.216991365237868
orik1=0.4164009334641926
lvx1=-2.238455073891028
lvy1=-2.1258446638785906
lvz1=1.352503861988636
avx1=-3.393230749739816
avy1=-4.818725348195081
avz1=-2.178138816062877
shx1=1.0
shy1=0.7
shz1=0.7
req1=1.0
rhos1=1.0
cex2=2.5
cey2=0.0
cez2=0.0
oriw2=-0.5465513255414285
orii2=0.5899088807432659
orij2=-0.38002585227605223
orik2=0.45702244208681353
lvx2=-2.1367035774446532
lvy2=-2.0292120004469374
lvz2=1.2910242756828783
avx2=4.553947793498626
avy2=-3.6572859645422953
avz2=-2.316082138441632
shx2=1.0
shy2=0.7
shz2=0.7
req2=1.0
rhos2=1.0
rhof=1.0
ndiv=2
tend=100.0
dt=0.05
tprint=1
logevery=100
nbody=2
impulse_scheme=1
energy_projection=0
impulse_pair_metric_correction=0
