cex1=-2.5
cey1=0.0
cez1=0.0
oriw1=0.676578098519586
orii1=-0.2553755593726019
orij1=0.46973558796292053
orik1=-0.5063337611495816
lvx1=7.53951057276531
lvy1=-5.987248648550288
lvz1=-1.340467486980321
avx1=-0.43230958882241816
avy1=3.4627428599752514
avz1=5.225029943403199
shx1=1.0
shy1=0.7
shz1=0.7
req1=1.0
rhos1=4.0
cex2=2.5
cey2=0.0
cez2=0.0
oriw2=-0.7006244870878447
orii2=-0.7028829346108951
orij2=0.04199409257514778
orik2=0.1154010594165434
lvx2=6.240317725596564
lvy2=-4.9555383613447
lvz2=-1.109480905803826
avx2=6.037643765147232
avy2=-0.878847754699165
avz2=1.5009670194899118
shx2=1.0
shy2=0.7
shz2=0.7
req2=1.0
rhos2=4.0
rhof=1.0
ndiv=2
tend=100.0
dt=0.05
tprint=1
logevery=100
nbody=2
impulse_scheme=1
energy_projection=0
impulse_pair_metric_correction=0
