cex1=-5.5
cey1=0.0
cez1=0.0
oriw1=0.7567121565918046
orii1=0.5420780357624696
orij1=0.16717808249223542
orik1=0.32494553996678016
lvx1=1.4135172954097512
lvy1=-1.3324033110228648
lvz1=0.07772690913003533
avx1=5.154426671049261
avy1=2.2379254812404574
avz1=-2.811048352047351
shx1=1.0
shy1=0.8
shz1=0.6
req1=1.0
rhos1=0.3
cex2=5.5
cey2=0.0
cez2=0.0
oriw2=-0.7126056816591775
orii2=-0.21823863363551793
orij2=-0.6406164112425523
orik2=-0.18486658676644166
lvx2=1.592494915509355
lvy2=-1.5011103897364484
lvz2=0.08756858369529719
avx2=-3.0432580226248027
avy2=-0.06022876154936699
avz2=5.4966690557436175
shx2=1.0
shy2=0.8
shz2=0.6
req2=1.0
rhos2=0.3
rhof=1.0
ndiv=2
tend=100.0
dt=0.05
tprint=1
logevery=100
nbody=2
impulse_scheme=1
energy_projection=0
impulse_pair_metric_correction=0
