cex1=-4.0
cey1=0.0
cez1=0.0
oriw1=0.3070031925812979
orii1=0.04330501989816935
orij1=-0.7752723576982369
orik1=-0.5502967257630439
lvx1=2.3820854865642365
lvy1=5.385812366911545
lvz1=-0.09756692021262207
avx1=3.2955023849984477
avy1=-4.899100811304262
avz1=-2.1486956218843334
shx1=1.3
shy1=1.3
shz1=0.5917159763313609
req1=1.0
rhos1=1.0
cex2=4.0
cey2=0.0
cez2=0.0
oriw2=0.7991749052444145
orii2=0.5815259389494428
orij2=-0.10532214575982267
orik2=0.10979207061120935
lvx2=2.2728715275057754
lvy2=5.138883407118074
lvz2=-0.09309366780851525
avx2=-1.0943516677655245
avy2=4.812666245636505
avz2=-3.888322985520528
shx2=1.0
shy2=1.0
shz2=1.0
req2=1.0
rhos2=1.0
rhof=1.0
ndiv=2
tend=100.0
dt=0.05
tprint=1
logevery=100
nbody=2
impulse_scheme=1
energy_projection=0
impulse_pair_metric_correction=0
