cex1=-4.0
cey1=0.0
cez1=0.0
oriw1=-0.18378349925005494
orii1=0.8031076766207078
orij1=0.4208706758688657
orik1=-0.37961764889158933
lvx1=4.524622922401296
lvy1=3.3195220153339897
lvz1=-0.3117800670013872
avx1=-3.2787316590642286
avy1=4.124406705454995
avz1=3.4230988358803263
shx1=1.0020009999999997
shy1=0.9990009990009991
shz1=0.9990009990009991
req1=1.0
rhos1=1.0
cex2=4.0
cey2=0.0
cez2=0.0
oriw2=0.66028726239696
orii2=-0.4937564725505643
orij2=0.03853907081971604
orik2=0.5645706483258804
lvx2=4.525325821964883
lvy2=3.3200377026334427
lvz2=-0.31182850199294093
avx2=2.581163115561894
avy2=-4.163712420085068
avz2=3.9344012833021496
shx2=1.0020009999999997
shy2=0.9990009990009991
shz2=0.9990009990009991
req2=1.0
rhos2=1.0
rhof=1.0
ndiv=2
tend=100.0
dt=0.05
tprint=1
logevery=100
nbody=2
impulse_scheme=1
energy_projection=0
impulse_pair_metric_correction=0
