cex1=-2.5
cey1=0.0
cez1=0.0
oriw1=0.7899926642349786
orii1=-0.12854638175172034
orij1=0.5542193825999099
orik1=0.2285351048395763
lvx1=-0.2026068668237074
lvy1=0.5893017694982218
lvz1=0.5586653146875582
avx1=0.38499707023284796
avy1=0.9256808064671025
avz1=-6.202685700953094
shx1=1.0
shy1=0.8
shz1=0.6
req1=1.0
rhos1=4.0
cex2=2.5
cey2=0.0
cez2=0.0
oriw2=0.2559672075540098
orii2=0.32329794412610474
orij2=0.602265670587468
orik2=0.6835461140352301
lvx2=-0.16599688538864407
lvy2=0.48281807928967535
lvz2=0.45771746864578666
avx2=5.472907891343078
avy2=2.890287246485047
avz2=1.0825601369152607
shx2=1.0
shy2=0.8
shz2=0.6
req2=1.0
rhos2=4.0
rhof=1.0
ndiv=2
tend=100.0
dt=0.05
tprint=1
logevery=100
nbody=2
impulse_scheme=1
energy_projection=0
impulse_pair_metric_correction=0
