cex1=-4.0
cey1=0.0
cez1=0.0
oriw1=-0.046261356016765155
orii1=0.056199590968538785
orij1=0.15378045250249603
orik1=-0.9854202480883912
lvx1=2.7091243677834695
lvy1=1.1423391298815133
lvz1=4.78940920737718
avx1=-5.685884566192219
avy1=2.45730050776127
avz1=1.0539490115042394
shx1=1.0
shy1=1.0
shz1=1.0
req1=1.0
rhos1=1.0
cex2=4.0
cey2=0.0
cez2=0.0
oriw2=-0.2550252179109392
orii2=-0.9319412533957561
orij2=0.16764307508836082
orik2=0.1958148049140912
lvx2=2.70912436778347
lvy2=1.1423391298815135
lvz2=4.78940920737718
avx2=-5.655891974140772
avy2=2.0172312545266093
avz2=-1.8493462755710293
shx2=1.0
shy2=1.0
shz2=1.0
req2=1.0
rhos2=1.0
rhof=1.0
ndiv=2
tend=100.0
dt=0.05
tprint=1
logevery=100
nbody=2
impulse_scheme=1
energy_projection=0
impulse_pair_metric_correction=0
