cex1=-4.0
cey1=0.0
cez1=0.0
oriw1=-0.099963301091888
orii1=0.2937069896687032
orij1=-0.9500993877550051
orik1=-0.032476084156273115
lvx1=3.3557181910774596
lvy1=-1.3480582452828729
lvz1=4.3015701715463575
avx1=3.770595288920283
avy1=-5.008238112916161
avz1=-0.4225870038980897
shx1=1.0001
shy1=1.0
shz1=0.9999000099990001
req1=1.0
rhos1=1.0
cex2=4.0
cey2=0.0
cez2=0.0
oriw2=-0.8108363971115957
orii2=0.032652161668819554
orij2=-0.5290695870156698
orik2=0.24812002247402087
lvx2=3.1299407607875573
lvy2=-1.257358994281895
lvz2=4.01215449232581
avx2=5.858175151168042
avy2=-0.12445319387420214
avz2=2.268195958273719
shx2=2.0
shy2=1.0
shz2=0.5
req2=1.0
rhos2=1.0
rhof=1.0
ndiv=2
tend=100.0
dt=0.05
tprint=1
logevery=100
nbody=2
impulse_scheme=1
energy_projection=0
impulse_pair_metric_correction=0
