cex1=-2.5
cey1=0.0
cez1=0.0
oriw1=0.9948786529618505
orii1=0.026349510762247542
orij1=0.013245328979494205
orik1=-0.09667848997387618
lvx1=0.5931496962750128
lvy1=0.3432762951643717
lvz1=0.47034205720688904
avx1=0.3357201388956029
avy1=-2.018221106217536
avz1=5.9407485352534
shx1=1.0
shy1=0.8
shz1=0.6
req1=1.0
rhos1=10.0
cex2=2.5
cey2=0.0
cez2=0.0
oriw2=0.40919323076716196
orii2=-0.8770665863615561
orij2=-0.19827515237434754
orik2=0.1549260047033692
lvx2=0.5452005996338876
lvy2=0.3155264904273693
lvz2=0.4323204972245969
avx2=3.322352043404807
avy2=-3.7818827616183435
avz2=-3.7600209150236594
shx2=1.0
shy2=0.8
shz2=0.6
req2=1.0
rhos2=10.0
rhof=1.0
ndiv=2
tend=100.0
dt=0.05
tprint=1
logevery=100
nbody=2
impulse_scheme=1
energy_projection=0
impulse_pair_metric_correction=0
