cex1=-5.5
cey1=0.0
cez1=0.0
oriw1=-0.1043210956149166
orii1=0.18348318087670543
orij1=0.5471089158378305
orik1=-0.8100141144176582
lvx1=-0.9287427706777103
lvy1=-0.8960319571401513
lvz1=-1.2765344128593858
avx1=6.092397765040938
avy1=1.451576573241507
avz1=0.5040163974495814
shx1=1.0
shy1=0.8
shz1=0.6
req1=1.0
rhos1=0.3
cex2=5.5
cey2=0.0
cez2=0.0
oriw2=-0.7227104756945334
orii2=-0.05583206087378983
orij2=-0.6376013053590763
orik2=0.2608388864881316
lvx2=-0.9480999092814121
lvy2=-0.9147073270437593
lvz2=-1.3031403303881792
avx2=5.673988430271694
avy2=2.698688975564724
avz2=-0.036752015806097986
shx2=1.0
shy2=0.8
shz2=0.6
req2=1.0
rhos2=0.3
rhof=1.0
ndiv=2
tend=100.0
dt=0.05
tprint=1
logevery=100
nbody=2
impulse_scheme=1
energy_projection=0
impulse_pair_metric_correction=0
