cex1=-5.5
cey1=0.0
cez1=0.0
oriw1=-0.9596706463655871
orii1=-0.1238839071071214
orij1=-0.21365197108401457
orik1=0.1343051127695662
lvx1=-0.24888176131572154
lvy1=0.5575386791065691
lvz1=0.37329008552263016
avx1=-4.660293436463869
avy1=-2.319851583045693
avz1=-3.5182909662291437
shx1=1.0
shy1=0.7
shz1=0.7
req1=1.0
rhos1=0.3
cex2=5.5
cey2=0.0
cez2=0.0
oriw2=0.7962095688898526
orii2=0.276325818874608
orij2=-0.17862539757660165
orik2=-0.5077276155303289
lvx2=-0.26250377476653114
lvy2=0.5880543719640374
lvz2=0.3937213237907994
avx2=3.3450906656879105
avy2=5.066049149877916
avz2=1.6198555656929094
shx2=1.0
shy2=0.7
shz2=0.7
req2=1.0
rhos2=0.3
rhof=1.0
ndiv=2
tend=100.0
dt=0.05
tprint=1
logevery=100
nbody=2
impulse_scheme=1
energy_projection=0
impulse_pair_metric_correction=0
