cex1=-5.5
cey1=0.0
cez1=0.0
oriw1=0.6703834625324201
orii1=-0.27346130854833994
orij1=0.686988297133985
orik1=0.06206452683313064
lvx1=-0.172805766347231
lvy1=-1.1621807968267166
lvz1=-0.5002593200828469
avx1=0.8898740179220118
avy1=-5.748170280304127
avz1=2.3759377654335028
shx1=1.0
shy1=0.8
shz1=0.6
req1=1.0
rhos1=0.1
cex2=5.5
cey2=0.0
cez2=0.0
oriw2=-0.5499522372782182
orii2=-0.6451710162519719
orij2=0.35669975793430203
orik2=0.3925202914381504
lvx2=-0.16623591901624302
lvy2=-1.117996215677872
lvz2=-0.4812401205021795
avx2=2.820978323546968
avy2=5.595555905772575
avz2=-0.4585335405498934
shx2=1.0
shy2=0.8
shz2=0.6
req2=1.0
rhos2=0.1
rhof=1.0
ndiv=2
tend=100.0
dt=0.05
tprint=1
logevery=100
nbody=2
impulse_scheme=1
energy_projection=0
impulse_pair_metric_correction=0
