cex1=-4.0
cey1=0.0
cez1=0.0
oriw1=-0.26814810845817444
orii1=0.7721933809485059
orij1=-0.34376462891915616
orik1=0.462211914876384
lvx1=-1.797984208868879
lvy1=-5.324920689550372
lvz1=0.06773234487076997
avx1=-0.38449616154697086
avy1=5.728172932397286
avz1=-2.553157880481378
shx1=1.0006000899999998
shy1=0.9997000899730081
shz1=0.9997000899730081
req1=1.0
rhos1=1.0
cex2=4.0
cey2=0.0
cez2=0.0
oriw2=-0.27489981012269604
orii2=0.16106370106208015
orij2=-0.15848612342027568
orik2=-0.9345430580117235
lvx2=-1.797972080289201
lvy2=-5.3248847694769115
lvz2=0.06773188797179527
avx2=0.8600681584869543
avy2=2.819266459768011
avz2=-5.548913136456673
shx2=1.0006000899999998
shy2=0.9997000899730081
shz2=0.9997000899730081
req2=1.0
rhos2=1.0
rhof=1.0
ndiv=2
tend=100.0
dt=0.05
tprint=1
logevery=100
nbody=2
impulse_scheme=1
energy_projection=0
impulse_pair_metric_correction=0
