cex1=-2.5
cey1=0.0
cez1=0.0
oriw1=0.6404628068064606
orii1=-0.004058365243106376
orij1=-0.7225916489836796
orik1=-0.2601004259669536
lvx1=0.5218238985728598
lvy1=-0.44491607625776336
lvz1=-2.0113441232288825
avx1=2.2962188467657163
avy1=4.316697637053898
avz1=3.9461269774766055
shx1=1.0
shy1=0.7
shz1=0.7
req1=1.0
rhos1=10.0
cex2=2.5
cey2=0.0
cez2=0.0
oriw2=-0.45430851792304855
orii2=-0.27319160049109537
orij2=-0.3979158910406486
orik2=0.7487543413036103
lvx2=0.5338518873908417
lvy2=-0.4551713474417863
lvz2=-2.0577054046678405
avx2=-0.3743116434122732
avy2=-1.2543341974519355
avz2=-6.145319692177621
shx2=1.0
shy2=0.7
shz2=0.7
req2=1.0
rhos2=10.0
rhof=1.0
ndiv=2
tend=100.0
dt=0.05
tprint=1
logevery=100
nbody=2
impulse_scheme=1
energy_projection=0
impulse_pair_metric_correction=0
