cex1=-1.5
cey1=0.0
cez1=0.0
oriw1=-0.1077323454281927
orii1=-0.2765601324439903
orij1=-0.7651488961167161
orik1=0.5713627583790125
lvx1=0.6899318478837512
lvy1=-0.10881741078195792
lvz1=0.3158172551601155
avx1=4.066256585798087
avy1=-0.6805457925659093
avz1=-4.74139561806774
shx1=1.0
shy1=0.8
shz1=0.6
req1=1.0
rhos1=0.1
cex2=1.5
cey2=0.0
cez2=0.0
oriw2=-0.7688838288580574
orii2=-0.015728689189150664
orij2=0.6381571177938661
orik2=0.036410974526786204
lvx2=0.621159071329165
lvy2=-0.09797043292478098
lvz2=0.2843364218171837
avx2=5.338645938525338
avy2=3.1088379332366696
avz2=1.1456019606709378
shx2=1.0
shy2=0.8
shz2=0.6
req2=1.0
rhos2=0.1
rhof=1.0
ndiv=2
tend=100.0
dt=0.05
tprint=1
logevery=100
nbody=2
impulse_scheme=1
energy_projection=0
impulse_pair_metric_correction=0
