cex1=-4.0
cey1=0.0
cez1=0.0
oriw1=0.759618016491472
orii1=0.3326607478269232
orij1=0.09449892153221767
orik1=-0.5508060000635813
lvx1=2.3763017992680626
lvy1=-0.14385345681014808
lvz1=-2.4609495264412984
avx1=-1.955360123381502
avy1=-5.475061619562297
avz1=2.382999088174982
shx1=1.0
shy1=0.8
shz1=0.6
req1=1.0
rhos1=1.0
cex2=4.0
cey2=0.0
cez2=0.0
oriw2=-0.7961230017291976
orii2=0.3168340742244946
orij2=-0.01975343299603595
orik2=0.5151835958305259
lvx2=2.3127069472512636
lvy2=-0.1400036346618148
lvz2=-2.3950893225719705
avx2=3.791529942610051
avy2=4.00289605896087
avz2=-3.0132277444302797
shx2=1.0
shy2=0.8
shz2=0.6
req2=1.0
rhos2=1.0
rhof=1.0
ndiv=2
tend=100.0
dt=0.05
tprint=1
logevery=100
nbody=2
impulse_scheme=1
energy_projection=0
impulse_pair_metric_correction=0
