cex1=-2.5
cey1=0.0
cez1=0.0
oriw1=-0.8629513535760537
orii1=-0.09570902631186048
orij1=-0.3283285707526497
orik1=-0.371961144840714
lvx1=8.44364366930747
lvy1=1.7055144508909081
lvz1=3.192662867088729
avx1=4.275422716645285
avy1=2.160126907318441
avz1=4.066082874540282
shx1=1.0
shy1=0.8
shz1=0.6
req1=1.0
rhos1=4.0
cex2=2.5
cey2=0.0
cez2=0.0
oriw2=0.11369052531203087
orii2=-0.13648671308646013
orij2=-0.6088383419804992
orik2=0.7731505124744894
lvx2=8.509429053392875
lvy2=1.718802307130378
lvz2=3.2175372650610283
avx2=-2.2497946969274856
avy2=-5.655740048229734
avz2=1.5586679995703812
shx2=1.0
shy2=0.8
shz2=0.6
req2=1.0
rhos2=4.0
rhof=1.0
ndiv=2
tend=100.0
dt=0.05
tprint=1
logevery=100
nbody=2
impulse_scheme=1
energy_projection=0
impulse_pair_metric_correction=0
