cex1=-4.0
cey1=0.0
cez1=0.0
oriw1=0.6586842683131329
orii1=0.2577882218014173
orij1=0.12067092940707538
orik1=-0.6965046978831432
lvx1=-5.16662857520382
lvy1=1.4803290341533741
lvz1=-1.6423486840545856
avx1=2.9002170470048703
avy1=-3.837442774423202
avz1=-4.042423980441307
shx1=1.0
shy1=1.0
shz1=1.0
req1=1.0
rhos1=1.0
cex2=4.0
cey2=0.0
cez2=0.0
oriw2=-0.5404909557791485
orii2=-0.6294515502738319
orij2=-0.21742736877781935
orik2=0.5141844142767908
lvx2=-5.166628575203821
lvy2=1.4803290341533744
lvz2=-1.6423486840545858
avx2=5.561018808574063
avy2=-1.9362196981682194
avz2=2.191926252287772
shx2=1.0
shy2=1.0
shz2=1.0
req2=1.0
rhos2=1.0
rhof=1.0
ndiv=2
tend=100.0
dt=0.05
tprint=1
logevery=100
nbody=2
impulse_scheme=1
energy_projection=0
impulse_pair_metric_correction=0
