cex1=-4.0
cey1=0.0
cez1=0.0
oriw1=-0.8150944595055566
orii1=-0.533615439694353
orij1=0.22382866082414574
orik1=-0.027862433433146646
lvx1=-5.011552113349509
lvy1=6.077277494909129
lvz1=6.3516488091107535
avx1=4.947619525399144
avy1=-3.4399425240858887
avz1=1.7794027276679631
shx1=4.0
shy1=0.5
shz1=0.5
req1=1.0
rhos1=1.0
cex2=4.0
cey2=0.0
cez2=0.0
oriw2=0.6113963937328856
orii2=0.5346887055860171
orij2=-0.5780583135320805
orik2=-0.07842846425640887
lvx2=-2.7833207260234434
lvy2=3.3752043332681483
lvz2=3.5275849427423003
avx2=4.731043782193967
avy2=-4.13116046225398
avz2=-0.17075002322318605
shx2=1.0
shy2=1.0
shz2=1.0
req2=1.0
rhos2=1.0
rhof=1.0
ndiv=2
tend=100.0
dt=0.05
tprint=1
logevery=100
nbody=2
impulse_scheme=1
energy_projection=0
impulse_pair_metric_correction=0
