cex1=-4.0
cey1=0.0
cez1=0.0
oriw1=0.5588688548142723
orii1=-0.39831219205745083
orij1=0.6459286306458236
orik1=-0.3343489268548403
lvx1=-5.817748648489746
lvy1=1.3914257136755146
lvz1=5.533947379831054
avx1=-4.837037702402429
avy1=-3.827546542758258
avz1=1.196399320007403
shx1=2.0
shy1=2.0
shz1=0.25
req1=1.0
rhos1=1.0
cex2=4.0
cey2=0.0
cez2=0.0
oriw2=-0.3970179168059584
orii2=-0.264839116190187
orij2=-0.582401128102269
orik2=-0.6580622632060451
lvx2=-5.741175995145802
lvy2=1.3731119010196888
lvz2=5.461110091742055
avx2=2.082849841066343
avy2=-5.900116213527462
avz2=-0.5733958587204037
shx2=2.0
shy2=2.0
shz2=0.25
req2=1.0
rhos2=1.0
rhof=1.0
ndiv=2
tend=100.0
dt=0.05
tprint=1
logevery=100
nbody=2
impulse_scheme=1
energy_projection=0
impulse_pair_metric_correction=0
