cex1=-1.5
cey1=0.0
cez1=0.0
oriw1=-0.6598832593431366
orii1=-0.3034821305902913
orij1=0.3142619204072775
orik1=0.6113036281856882
lvx1=-1.9558666989318392
lvy1=0.9437497895998468
lvz1=-0.030592961176321598
avx1=1.4525370584974735
avy1=4.455820085015302
avz1=4.184999530229744
shx1=1.0
shy1=0.8
shz1=0.6
req1=1.0
rhos1=0.3
cex2=1.5
cey2=0.0
cez2=0.0
oriw2=-0.7257665223280425
orii2=-0.31218161152009893
orij2=0.342817350428765
orik2=-0.5082143846267777
lvx2=-1.9915560009399138
lvy2=0.9609706826594201
lvz2=-0.031151200360688986
avx2=1.300882719245271
avy2=3.6334412501879583
avz2=-4.958248323406062
shx2=1.0
shy2=0.8
shz2=0.6
req2=1.0
rhos2=0.3
rhof=1.0
ndiv=2
tend=100.0
dt=0.05
tprint=1
logevery=100
nbody=2
impulse_scheme=1
energy_projection=0
impulse_pair_metric_correction=0
