cex1=-4.0
cey1=0.0
cez1=0.0
oriw1=0.052379408454592234
orii1=-0.6074898421705733
orij1=-0.36669175859856334
orik1=-0.7026732123863922
lvx1=-1.5531068936195527
lvy1=-0.19460985021492752
lvz1=5.39734304521393
avx1=2.4789763034359655
avy1=5.103619068032707
avz1=2.6992899991985584
shx1=1.0001
shy1=1.0001
shz1=0.9998000299960006
req1=1.0
rhos1=1.0
cex2=4.0
cey2=0.0
cez2=0.0
oriw2=0.010814310456771606
orii2=0.8284101471646421
orij2=0.49458539028633
orik2=0.2626879717065844
lvx2=-1.5531415174805874
lvy2=-0.19461418870858657
lvz2=5.397463369742989
avx2=-4.672433024124014
avy2=-1.6067287184820223
avz2=-3.881392799580825
shx2=1.0
shy2=1.0
shz2=1.0
req2=1.0
rhos2=1.0
rhof=1.0
ndiv=2
tend=100.0
dt=0.05
tprint=1
logevery=100
nbody=2
impulse_scheme=1
energy_projection=0
impulse_pair_metric_correction=0
