cex1=-4.0
cey1=0.0
cez1=0.0
oriw1=-0.2195569812067806
orii1=0.2719743008113821
orij1=-0.8687263946442025
orik1=0.350911901978275
lvx1=-3.9832976759451197
lvy1=2.8594996587046015
lvz1=-2.6002357771273177
avx1=3.671515398667275
avy1=5.068716221369698
avz1=0.5536317809972674
shx1=1.03
shy1=1.03
shz1=0.9425959091337544
req1=1.0
rhos1=1.0
cex2=4.0
cey2=0.0
cez2=0.0
oriw2=-0.2972771657781615
orii2=-0.1837170313174661
orij2=0.7646833445651526
orik2=0.5414182502053774
lvx2=-4.076992900224782
lvy2=2.9267608788408483
lvz2=-2.661398585970154
avx2=3.677464891933586
avy2=-2.0947306552073903
avz2=-4.644003989564151
shx2=1.03
shy2=1.03
shz2=0.9425959091337544
req2=1.0
rhos2=1.0
rhof=1.0
ndiv=2
tend=100.0
dt=0.05
tprint=1
logevery=100
nbody=2
impulse_scheme=1
energy_projection=0
impulse_pair_metric_correction=0
