cex1=-2.5
cey1=0.0
cez1=0.0
oriw1=0.08282436219662484
orii1=-0.6035242932634771
orij1=0.7576764532101745
orik1=-0.23414727143059538
lvx1=0.3670099569163458
lvy1=-0.6221001659628186
lvz1=0.12214400212128264
avx1=3.481014857932743
avy1=5.224603924209159
avz1=0.25390352173056824
shx1=1.0
shy1=0.8
shz1=0.6
req1=1.0
rhos1=1.0
cex2=2.5
cey2=0.0
cez2=0.0
oriw2=0.08079852132027848
orii2=-0.48677087990679124
orij2=-0.7908593559160537
orik2=0.3620320270187009
lvx2=0.37855118369308144
lvy2=-0.6416631204764977
lvz2=0.12598501951422797
avx2=-2.474379657483292
avy2=-5.45350586873258
avz2=1.9013512707255351
shx2=1.0
shy2=0.8
shz2=0.6
req2=1.0
rhos2=1.0
rhof=1.0
ndiv=2
tend=100.0
dt=0.05
tprint=1
logevery=100
nbody=2
impulse_scheme=1
energy_projection=0
impulse_pair_metric_correction=0
