cex1=-2.5
cey1=0.0
cez1=0.0
oriw1=0.4163837838361756
orii1=-0.8883242111712343
orij1=0.12246974842956442
orik1=0.15001933583666016
lvx1=0.4207699977146253
lvy1=0.1542182475071396
lvz1=0.5531225067711505
avx1=-5.205056096144788
avy1=1.694259558128284
avz1=-3.084686886871075
shx1=1.0
shy1=0.8
shz1=0.6
req1=1.0
rhos1=0.3
cex2=2.5
cey2=0.0
cez2=0.0
oriw2=-0.11844874126819857
orii2=0.3766466080587866
orij2=-0.9121471241401168
orik2=0.10997659865946238
lvx2=0.46545266289932113
lvy2=0.1705950860558938
lvz2=0.6118600306212639
avx2=-3.409830010327635
avy2=-0.9977878633222734
avz2=-5.182267484878915
shx2=1.0
shy2=0.8
shz2=0.6
req2=1.0
rhos2=0.3
rhof=1.0
ndiv=2
tend=100.0
dt=0.05
tprint=1
logevery=100
nbody=2
impulse_scheme=1
energy_projection=0
impulse_pair_metric_correction=0
