cex1=-4.0
cey1=0.0
cez1=0.0
oriw1=1.0
orii1=1.0
orij1=1.0
orik1=0.0
lvx1=-1.2265768884866295
lvy1=1.1698051293418434
lvz1=-1.170719021778492
avx1=4.443435745916102
avy1=0.5305058250723347
avz1=-4.4105396433811555
shx1=1.0
shy1=0.8
shz1=0.6
req1=1.0
rhos1=1.0
cex2=4.0
cey2=0.0
cez2=0.0
oriw2=1.0
orii2=-1.0
orij2=0.0
orik2=1.0
lvx2=-1.31706015965389
lvy2=1.256100408280033
lvz2=-1.2570817175887417
avx2=2.5735492488134346
avy2=-1.3585069004648798
avz2=5.568637254273126
shx2=1.0
shy2=0.8
shz2=0.6
req2=1.0
rhos2=1.0
rhof=1.0
ndiv=2
tend=100.0
dt=0.05
tprint=1
logevery=100
nbody=2
impulse_scheme=1
energy_projection=1
