cex1=-4.0
cey1=0.0
cez1=0.0
oriw1=-0.3725628953076061
orii1=0.7531372839213267
orij1=-0.429280874647143
orik1=0.33120847101154366
lvx1=-5.0075952989168036
lvy1=1.593016666504637
lvz1=-1.9922402731575166
avx1=4.741106156963322
avy1=1.037586008217952
avz1=-3.990456776900641
shx1=1.0
shy1=1.0
shz1=1.0
req1=1.0
rhos1=1.0
cex2=4.0
cey2=0.0
cez2=0.0
oriw2=0.8210075410107379
orii2=0.06682129130069377
orij2=-0.5425961449848827
orik2=0.1645325380584447
lvx2=-5.007595298916803
lvy2=1.5930166665046368
lvz2=-1.9922402731575164
avx2=-1.0222271635161162
avy2=0.8408894204066197
avz2=-6.142179923543061
shx2=1.0
shy2=1.0
shz2=1.0
req2=1.0
rhos2=1.0
rhof=1.0
ndiv=2
tend=100.0
dt=0.05
tprint=1
logevery=100
nbody=2
impulse_scheme=1
energy_projection=0
impulse_pair_metric_correction=0
