cex1=-4.0
cey1=0.0
cez1=0.0
oriw1=-0.010711991399503323
orii1=0.9891858530313253
orij1=0.1441553625328359
orik1=0.024815979851155464
lvx1=4.879249924221255
lvy1=7.295002838624581
lvz1=-2.6546049900390982
avx1=-3.589175494654729
avy1=2.377242120368014
avz1=4.576566046073803
shx1=1.0
shy1=0.7
shz1=0.7
req1=1.0
rhos1=0.1
cex2=4.0
cey2=0.0
cez2=0.0
oriw2=-0.3184265966431933
orii2=-0.226253415770218
orij2=0.8993774353327751
orik2=0.19630110345278726
lvx2=5.176899527815289
lvy2=7.7400209739644135
lvz2=-2.8165442502236426
avx2=-0.02311684014939985
avy2=-5.933771611797293
avz2=-2.0659713635690813
shx2=1.0
shy2=0.7
shz2=0.7
req2=1.0
rhos2=0.1
rhof=1.0
ndiv=2
tend=100.0
dt=0.05
tprint=1
logevery=100
nbody=2
impulse_scheme=1
energy_projection=0
impulse_pair_metric_correction=0
