cex1=-5.5
cey1=0.0
cez1=0.0
oriw1=-0.6146451846182514
orii1=-0.16660855204621186
orij1=0.7332970179110174
orik1=-0.2381771839061616
lvx1=-1.3603070912653366
lvy1=1.7698043354990591
lvz1=-0.30046233290612867
avx1=-1.6100207777358206
avy1=-1.7796370376958344
avz1=-5.806818639640605
shx1=1.0
shy1=0.8
shz1=0.6
req1=1.0
rhos1=0.03
cex2=5.5
cey2=0.0
cez2=0.0
oriw2=-0.2060593867107228
orii2=-0.4291363594425895
orij2=-0.6132607982092058
orik2=-0.6303115955879037
lvx2=-1.2464263448292074
lvy2=1.62164173304945
lvz2=-0.2753085459656646
avx2=2.5861064785381864
avy2=5.42604830700879
avz2=1.829882689143571
shx2=1.0
shy2=0.8
shz2=0.6
req2=1.0
rhos2=0.03
rhof=1.0
ndiv=2
tend=100.0
dt=0.05
tprint=1
logevery=100
nbody=2
impulse_scheme=1
energy_projection=0
impulse_pair_metric_correction=0
