cex1=-4.0
cey1=0.0
cez1=0.0
oriw1=1.0
orii1=1.0
orij1=1.0
orik1=0.0
lvx1=0.5191996617570767
lvy1=-0.5550114145677041
lvz1=-0.27342837040382273
avx1=1.870286452750068
avy1=-2.9975692390451782
avz1=5.1956736662484015
shx1=1.0
shy1=0.8
shz1=0.6
req1=1.0
rhos1=0.03
cex2=4.0
cey2=0.0
cez2=0.0
oriw2=1.0
orii2=-1.0
orij2=0.0
orik2=1.0
lvx2=0.49297308850844956
lvy2=-0.5269758656447262
lvz2=-0.2596165563506698
avx2=-3.552253275080928
avy2=-3.0392141710936413
avz2=-4.1979866002951765
shx2=1.0
shy2=0.8
shz2=0.6
req2=1.0
rhos2=0.03
rhof=1.0
ndiv=2
tend=100.0
dt=0.05
tprint=1
logevery=100
nbody=2
impulse_scheme=1
energy_projection=0
impulse_pair_metric_correction=0
