cex1=-4.0
cey1=0.0
cez1=0.0
oriw1=0.16195291624545946
orii1=-0.0377534627587119
orij1=-0.8047259165177204
orik1=-0.5698790470389595
lvx1=4.195669171577188
lvy1=-0.21389759323283605
lvz1=-3.732968326914394
avx1=-1.0280680221205065
avy1=6.157907644017273
avz1=-0.7082846842931888
shx1=1.01
shy1=1.0
shz1=0.9900990099009901
req1=1.0
rhos1=1.0
cex2=4.0
cey2=0.0
cez2=0.0
oriw2=0.040562862383008304
orii2=-0.3212103009483097
orij2=-0.5183654458054578
orik2=-0.7915022813327214
lvx2=6.049610130246412
lvy2=-0.30841255445559046
lvz2=-5.382455594777311
avx2=1.145373957082017
avy2=-6.144179819117946
avz2=-0.6446630539587933
shx2=2.0
shy2=1.0
shz2=0.5
req2=1.0
rhos2=1.0
rhof=1.0
ndiv=2
tend=100.0
dt=0.05
tprint=1
logevery=100
nbody=2
impulse_scheme=1
energy_projection=0
impulse_pair_metric_correction=0
