cex1=-4.0
cey1=0.0
cez1=0.0
oriw1=-0.14234706961701207
orii1=0.7668640539493513
orij1=0.29295189730955395
orik1=0.553024430196848
lvx1=-0.4896614150434326
lvy1=-0.010778621225869027
lvz1=-0.5220370518556374
avx1=4.365472670984564
avy1=4.403086052763897
avz1=1.0168083276608106
shx1=1.0
shy1=0.8
shz1=0.6
req1=1.0
rhos1=0.3
cex2=4.0
cey2=0.0
cez2=0.0
oriw2=-0.08284296216779027
orii2=0.46943016655276876
orij2=0.3180896697906381
orik2=-0.8195067567274773
lvx2=-0.5642650474925208
lvy2=-0.012420825964772841
lvz2=-0.6015733582603172
avx2=0.7560905087964798
avy2=2.5406969035640246
avz2=-5.696630933375049
shx2=1.0
shy2=0.8
shz2=0.6
req2=1.0
rhos2=0.3
rhof=1.0
ndiv=2
tend=100.0
dt=0.05
tprint=1
logevery=100
nbody=2
impulse_scheme=1
energy_projection=0
impulse_pair_metric_correction=0
