cex1=-4.0
cey1=0.0
cez1=0.0
oriw1=0.6006934743619439
orii1=0.2804288410358232
orij1=0.37262373651792663
orik1=0.6493678202357277
lvx1=1.346105910936559
lvy1=-5.397410175062757
lvz1=-0.7991848110147197
avx1=5.856195464064666
avy1=0.9786989316321322
avz1=-2.055611999441527
shx1=1.0
shy1=1.0
shz1=1.0
req1=1.0
rhos1=1.0
cex2=4.0
cey2=0.0
cez2=0.0
oriw2=-0.313953220180952
orii2=-0.7701536433046767
orij2=-0.09221824183540751
orik2=-0.5475331379152586
lvx2=1.4520666082775684
lvy2=-5.822275218250331
lvz2=-0.8620938133387231
avx2=5.228431499281055
avy2=-2.0012491097476954
avz2=-2.8525293447074556
shx2=2.0
shy2=1.0
shz2=0.5
req2=1.0
rhos2=1.0
rhof=1.0
ndiv=2
tend=100.0
dt=0.05
tprint=1
logevery=100
nbody=2
impulse_scheme=1
energy_projection=0
impulse_pair_metric_correction=0
