cex1=-4.0
cey1=0.0
cez1=0.0
oriw1=1.0
orii1=2.0
orij1=0.0
orik1=0.0
lvx1=-1.5400956452301924
lvy1=0.5987952341253069
lvz1=1.2625570526004275
avx1=-4.137135721623714
avy1=-1.6560968657629862
avz1=4.429432107667131
shx1=1.0
shy1=0.8
shz1=0.6
req1=1.0
rhos1=0.03
cex2=4.0
cey2=0.0
cez2=0.0
oriw2=1.0
orii2=0.0
orij2=1.0
orik2=0.0
lvx2=-1.5079864822814617
lvy2=0.5863110654926639
lvz2=1.2362342393001167
avx2=2.851956034619574
avy2=-5.575597667857441
avz2=0.5074199711650069
shx2=1.0
shy2=0.8
shz2=0.6
req2=1.0
rhos2=0.03
rhof=1.0
ndiv=2
tend=100.0
dt=0.05
tprint=1
logevery=100
nbody=2
impulse_scheme=1
energy_projection=1
