cex1=-4.0
cey1=0.0
cez1=0.0
oriw1=-0.3496060817145053
orii1=0.3325816010156961
orij1=-0.8246711946347043
orik1=0.2950974195648559
lvx1=-5.550618509677489
lvy1=-1.0811035644624305
lvz1=0.976005866208436
avx1=-2.230415343274683
avy1=0.7434925780958493
avz1=-5.8267386921981235
shx1=1.0
shy1=0.7
shz1=0.7
req1=1.0
rhos1=0.3
cex2=4.0
cey2=0.0
cez2=0.0
oriw2=0.6022505271119509
orii2=-0.06287805963954567
orij2=0.7255621397105009
orik2=0.32695601176314615
lvx2=-4.919749574581801
lvy2=-0.9582281311658637
lvz2=0.8650755653079989
avx2=5.351305994895159
avy2=-0.7677195416183228
avz2=3.2019600963743935
shx2=1.0
shy2=0.7
shz2=0.7
req2=1.0
rhos2=0.3
rhof=1.0
ndiv=2
tend=100.0
dt=0.05
tprint=1
logevery=100
nbody=2
impulse_scheme=1
energy_projection=0
impulse_pair_metric_correction=0
