cex1=-5.5
cey1=0.0
cez1=0.0
oriw1=0.14377291057535865
orii1=-0.49708330904008935
orij1=-0.7073356323241575
orik1=0.4815743320641468
lvx1=-3.606732388291633
lvy1=0.47384813703442885
lvz1=-0.34947148129155636
avx1=1.8465980458564255
avy1=2.032808357801822
avz1=5.651210794320781
shx1=1.0
shy1=0.8
shz1=0.6
req1=1.0
rhos1=4.0
cex2=5.5
cey2=0.0
cez2=0.0
oriw2=-0.32749370616575124
orii2=-0.4392346259853079
orij2=0.8132773247619556
orik2=-0.19596124306965385
lvx2=-3.2089555476870717
lvy2=0.42158869702502166
lvz2=-0.310929209022946
avx2=4.967065417910866
avy2=-1.1132754276810064
avz2=3.6833811316062657
shx2=1.0
shy2=0.8
shz2=0.6
req2=1.0
rhos2=4.0
rhof=1.0
ndiv=2
tend=100.0
dt=0.05
tprint=1
logevery=100
nbody=2
impulse_scheme=1
energy_projection=0
impulse_pair_metric_correction=0
