cex1=-4.0
cey1=0.0
cez1=0.0
oriw1=0.23967357537118328
orii1=0.9173560959945928
orij1=-0.31704627460831963
orik1=-0.022271734717782033
lvx1=-3.6196145619218147
lvy1=-1.632748126985737
lvz1=-3.986605902840588
avx1=-1.5912600389713987
avy1=3.4892701270283517
avz1=4.9770777644474995
shx1=1.0060089999999997
shy1=0.9970089730807579
shz1=0.9970089730807579
req1=1.0
rhos1=1.0
cex2=4.0
cey2=0.0
cez2=0.0
oriw2=0.37271541158151145
orii2=0.3650962291362708
orij2=-0.24578760925067605
orik2=-0.816931096591957
lvx2=-3.6206579787471718
lvy2=-1.6332187950190655
lvz2=-3.9877551113001988
avx2=0.019475124987785506
avy2=-4.880317462558059
avz2=3.9573399889970298
shx2=1.0060089999999997
shy2=0.9970089730807579
shz2=0.9970089730807579
req2=1.0
rhos2=1.0
rhof=1.0
ndiv=2
tend=100.0
dt=0.05
tprint=1
logevery=100
nbody=2
impulse_scheme=1
energy_projection=0
impulse_pair_metric_correction=0
