cex1=-4.0
cey1=0.0
cez1=0.0
oriw1=-0.22570615020316845
orii1=-0.4214573919233162
orij1=0.008991260638161976
orik1=-0.8782650840069857
lvx1=-0.08585824212523259
lvy1=-5.037411047029296
lvz1=2.491260764708167
avx1=-2.0273676872539266
avy1=-0.7617841231915142
avz1=5.898125364443302
shx1=1.0006000899999998
shy1=0.9997000899730081
shz1=0.9997000899730081
req1=1.0
rhos1=1.0
cex2=4.0
cey2=0.0
cez2=0.0
oriw2=-0.4136321165761543
orii2=-0.547171705633938
orij2=-0.7220315436415214
orik2=-0.09045466641926023
lvx2=-0.08586141186105135
lvy2=-5.037597019416272
lvz2=2.4913527376892617
avx2=-0.9333518523627234
avy2=-3.604012394681016
avz2=-5.061458938195006
shx2=1.0006000899999998
shy2=0.9997000899730081
shz2=0.9997000899730081
req2=1.0
rhos2=1.0
rhof=1.0
ndiv=2
tend=100.0
dt=0.05
tprint=1
logevery=100
nbody=2
impulse_scheme=1
energy_projection=0
impulse_pair_metric_correction=0
