cex1=-5.5
cey1=0.0
cez1=0.0
oriw1=0.787038348203039
orii1=0.5386034555984394
orij1=0.30017719101580037
orik1=0.019251235521796917
lvx1=-0.3159594221923519
lvy1=-0.5447608683716303
lvz1=-0.9335491487659828
avx1=-5.508180428430998
avy1=1.8208722604062813
avz1=-2.413045831203805
shx1=1.0
shy1=0.7
shz1=0.7
req1=1.0
rhos1=1.0
cex2=5.5
cey2=0.0
cez2=0.0
oriw2=-0.015603118602739937
orii2=-0.39170946186747013
orij2=-0.9128556661135371
orik2=-0.11408230808401554
lvx2=-0.3576319137843553
lvy2=-0.6166104196505564
lvz2=-1.0566767288290597
avx2=-2.5377418236528584
avy2=5.195731623575305
avz2=-2.458181632146012
shx2=1.0
shy2=0.7
shz2=0.7
req2=1.0
rhos2=1.0
rhof=1.0
ndiv=2
tend=100.0
dt=0.05
tprint=1
logevery=100
nbody=2
impulse_scheme=1
energy_projection=0
impulse_pair_metric_correction=0
