cex1=-4.0
cey1=0.0
cez1=0.0
oriw1=0.331334154664995
orii1=-0.7002627653050718
orij1=-0.5999191843586048
orik1=-0.19986672989328041
lvx1=4.519331551284464
lvy1=3.1750616573529102
lvz1=-1.0379594814144293
avx1=-3.6996643471597803
avy1=-0.21199657124281393
avz1=-5.074047573337633
shx1=1.0
shy1=1.0
shz1=1.0
req1=1.0
rhos1=1.0
cex2=4.0
cey2=0.0
cez2=0.0
oriw2=-0.7820897901923161
orii2=0.49714435807470936
orij2=-0.35622081256379207
orik2=-0.11953986785928744
lvx2=4.519331551284464
lvy2=3.1750616573529102
lvz2=-1.0379594814144293
avx2=-4.835885008543523
avy2=3.248449257731501
avz2=-2.3537653256952162
shx2=1.0
shy2=1.0
shz2=1.0
req2=1.0
rhos2=1.0
rhof=1.0
ndiv=2
tend=100.0
dt=0.05
tprint=1
logevery=100
nbody=2
impulse_scheme=1
energy_projection=0
impulse_pair_metric_correction=0
