cex1=-4.0
cey1=0.0
cez1=0.0
oriw1=-0.8009223833472353
orii1=0.4406674647659253
orij1=-0.20390451594254635
orik1=0.3503690479029107
lvx1=4.7923394662704215
lvy1=-0.6839728369261938
lvz1=2.854625512473541
avx1=3.335682382486979
avy1=1.4616883584176368
avz1=-5.120069119688695
shx1=1.00020001
shy1=0.9999000099990001
shz1=0.9999000099990001
req1=1.0
rhos1=1.0
cex2=4.0
cey2=0.0
cez2=0.0
oriw2=-0.11550787488468278
orii2=0.03321456691754867
orij2=0.5253145186420695
orik2=0.8423772194735296
lvx2=13.613088029535566
lvy2=-1.9428887507699046
lvz2=8.10883049211514
avx2=-0.5293901973646263
avy2=1.473506955267081
avz2=6.0849766536997665
shx2=4.0
shy2=0.5
shz2=0.5
req2=1.0
rhos2=1.0
rhof=1.0
ndiv=2
tend=100.0
dt=0.05
tprint=1
logevery=100
nbody=2
impulse_scheme=1
energy_projection=0
impulse_pair_metric_correction=0
