cex1=-4.0
cey1=0.0
cez1=0.0
oriw1=-0.2895599845874934
orii1=0.7875556657654222
orij1=0.4963334499260877
orik1=0.2226301756971437
lvx1=-1.7397461940613193
lvy1=-1.0227610757189307
lvz1=0.9844539112799088
avx1=-1.4465026431812782
avy1=-2.3806657990219993
avz1=5.63191602041383
shx1=1.0
shy1=0.8
shz1=0.6
req1=1.0
rhos1=0.1
cex2=4.0
cey2=0.0
cez2=0.0
oriw2=-0.27436264791720666
orii2=0.015572369284807137
orij2=-0.8989603098541331
orik2=0.3411055555831324
lvx2=-1.7725841647078737
lvy2=-1.0420658445970243
lvz2=1.0030356266771583
avx2=-0.8740507177560105
avy2=-0.5391963002230217
avz2=-6.198686981690029
shx2=1.0
shy2=0.8
shz2=0.6
req2=1.0
rhos2=0.1
rhof=1.0
ndiv=2
tend=100.0
dt=0.05
tprint=1
logevery=100
nbody=2
impulse_scheme=1
energy_projection=0
impulse_pair_metric_correction=0
