cex1=-4.0
cey1=0.0
cez1=0.0
oriw1=0.6350133387311019
orii1=-0.5419903511312313
orij1=-0.19231680475091623
orik1=-0.5157700704040721
lvx1=5.287450278437153
lvy1=4.718920951003208
lvz1=-4.993355336150645
avx1=1.1304615806559142
avy1=-2.503981648548306
avz1=-5.65071235533642
shx1=2.0
shy1=1.0
shz1=0.5
req1=1.0
rhos1=1.0
cex2=4.0
cey2=0.0
cez2=0.0
oriw2=-0.7108212153139455
orii2=0.6296244492223572
orij2=0.2795872862392681
orik2=-0.14190561008786923
lvx2=5.13622123008407
lvy2=4.5839526984252235
lvz2=-4.850537846470525
avx2=1.4235651956644784
avy2=-4.080816970266644
avz2=4.560571520460342
shx2=2.0
shy2=1.0
shz2=0.5
req2=1.0
rhos2=1.0
rhof=1.0
ndiv=2
tend=100.0
dt=0.05
tprint=1
logevery=100
nbody=2
impulse_scheme=1
energy_projection=0
impulse_pair_metric_correction=0
