cex1=-4.0
cey1=0.0
cez1=0.0
oriw1=1.0
orii1=2.0
orij1=0.0
orik1=0.0
lvx1=1.691351965003175
lvy1=-6.293055994856175
lvz1=4.074999978551111
avx1=5.194846109214479
avy1=2.808326404822076
avz1=2.1459949463863452
shx1=1.0
shy1=0.8
shz1=0.6
req1=1.0
rhos1=0.03
cex2=4.0
cey2=0.0
cez2=0.0
oriw2=1.0
orii2=0.0
orij2=1.0
orik2=0.0
lvx2=1.882750819577373
lvy2=-7.005198549516288
lvz2=4.536140145957426
avx2=-1.2450758423126909
avy2=5.231470628520596
avz2=-3.249602870224774
shx2=1.0
shy2=0.8
shz2=0.6
req2=1.0
rhos2=0.03
rhof=1.0
ndiv=2
tend=100.0
dt=0.05
tprint=1
logevery=100
nbody=2
impulse_scheme=1
energy_projection=1
