cex1=-2.5
cey1=0.0
cez1=0.0
oriw1=0.24897087264272716
orii1=0.5168820041177611
orij1=-0.792280695245168
orik1=0.2076964090603371
lvx1=-1.2846840077502975
lvy1=-0.1694781328428412
lvz1=-1.6419425716199187
avx1=1.1697363929752842
avy1=6.043260519539691
avz1=1.2606096415145562
shx1=1.0
shy1=0.8
shz1=0.6
req1=1.0
rhos1=0.1
cex2=2.5
cey2=0.0
cez2=0.0
oriw2=0.4822690142061307
orii2=0.7387078861563251
orij2=0.46215747868684603
orik2=-0.09020932191807071
lvx2=-1.1140448895684585
lvy2=-0.1469670725626948
lvz2=-1.4238503163757
avx2=-6.090160879291633
avy2=1.544443694011963
avz2=-0.05524259886963245
shx2=1.0
shy2=0.8
shz2=0.6
req2=1.0
rhos2=0.1
rhof=1.0
ndiv=2
tend=100.0
dt=0.05
tprint=1
logevery=100
nbody=2
impulse_scheme=1
energy_projection=0
impulse_pair_metric_correction=0
