cex1=-2.5
cey1=0.0
cez1=0.0
oriw1=0.12142234650194202
orii1=-0.7579039476868346
orij1=-0.4766804484687758
orik1=0.42850200687777557
lvx1=0.2724968974345844
lvy1=-1.0341037325331188
lvz1=1.8394060500965046
avx1=-3.550124371160735
avy1=-2.046449957235719
avz1=4.763095330368473
shx1=1.0
shy1=0.8
shz1=0.6
req1=1.0
rhos1=0.03
cex2=2.5
cey2=0.0
cez2=0.0
oriw2=0.7411649204245851
orii2=-0.3809373623904878
orij2=-0.12304087112245236
orik2=0.5389083694844835
lvx2=0.23465558851923246
lvy2=-0.8904990193723086
lvz2=1.5839699947954395
avx2=6.066358899687052
avy2=-0.3379688098151896
avz2=1.6010885010321032
shx2=1.0
shy2=0.8
shz2=0.6
req2=1.0
rhos2=0.03
rhof=1.0
ndiv=2
tend=100.0
dt=0.05
tprint=1
logevery=100
nbody=2
impulse_scheme=1
energy_projection=0
impulse_pair_metric_correction=0
