cex1=-4.0
cey1=0.0
cez1=0.0
oriw1=-0.23106593362104855
orii1=0.7409022923037205
orij1=0.31507013195924655
orik1=-0.5462628849977899
lvx1=-1.5681336050342425
lvy1=-3.4339930324188557
lvz1=-4.163467075060255
avx1=2.984100733588992
avy1=-5.402255028137847
avz1=-1.1786437235697775
shx1=1.0006000899999998
shy1=0.9997000899730081
shz1=0.9997000899730081
req1=1.0
rhos1=1.0
cex2=4.0
cey2=0.0
cez2=0.0
oriw2=0.6572829941646304
orii2=0.2035133086072632
orij2=-0.2707998535268169
orik2=-0.673222725501418
lvx2=-1.5680572674952948
lvy2=-3.4338258638969794
lvz2=-4.163264395372135
avx2=0.8693861017662886
avy2=-5.8407181936037595
avz2=2.1467641680722847
shx2=1.0
shy2=1.0
shz2=1.0
req2=1.0
rhos2=1.0
rhof=1.0
ndiv=2
tend=100.0
dt=0.05
tprint=1
logevery=100
nbody=2
impulse_scheme=1
energy_projection=0
impulse_pair_metric_correction=0
