cex1=-4.0
cey1=0.0
cez1=0.0
oriw1=0.3909221027335463
orii1=0.23886757038267928
orij1=0.04009984163924835
orik1=0.8879832183742921
lvx1=0.9793446930065681
lvy1=-0.23876976271828015
lvz1=0.844654783692698
avx1=-2.3031637465727024
avy1=3.2910874050668575
avz1=-4.831417809819487
shx1=1.0
shy1=0.8
shz1=0.6
req1=1.0
rhos1=0.1
cex2=4.0
cey2=0.0
cez2=0.0
oriw2=-0.3391771929272043
orii2=0.3107871327725093
orij2=-0.5402174620748867
orik2=0.7046525977887494
lvx2=0.9149253304006504
lvy2=-0.22306395858852351
lvz2=0.7890950577085005
avx2=3.901774251397158
avy2=-3.8284816495327867
avz2=3.0979515094142926
shx2=1.0
shy2=0.8
shz2=0.6
req2=1.0
rhos2=0.1
rhof=1.0
ndiv=2
tend=100.0
dt=0.05
tprint=1
logevery=100
nbody=2
impulse_scheme=1
energy_projection=0
impulse_pair_metric_correction=0
