cex1=-4.0
cey1=0.0
cez1=0.0
oriw1=-0.19461360756461987
orii1=0.9622869337652135
orij1=0.18506353614793458
orik1=-0.0433692107819593
lvx1=1.5100336846690723
lvy1=1.2621581257219752
lvz1=-0.4516748093912362
avx1=-3.889259516466348
avy1=-4.256391891338742
avz1=2.497039464101278
shx1=1.0
shy1=0.8
shz1=0.6
req1=1.0
rhos1=0.1
cex2=4.0
cey2=0.0
cez2=0.0
oriw2=-0.6069104649147838
orii2=-0.5680926526659454
orij2=-0.32323006634393
orik2=-0.4521645162716653
lvx2=1.5569628181047008
lvy2=1.3013837322102506
lvz2=-0.4657120508214357
avx2=1.2306282205962624
avy2=6.161165746232971
avz2=-0.06331219846944154
shx2=1.0
shy2=0.8
shz2=0.6
req2=1.0
rhos2=0.1
rhof=1.0
ndiv=2
tend=100.0
dt=0.05
tprint=1
logevery=100
nbody=2
impulse_scheme=1
energy_projection=0
impulse_pair_metric_correction=0
