cex1=-4.0
cey1=0.0
cez1=0.0
oriw1=0.8444693164322944
orii1=0.1839691074878649
orij1=0.4356430125555601
orik1=0.2514798335970659
lvx1=2.6497494428480297
lvy1=-2.2813950670730296
lvz1=4.386951446197413
avx1=-4.20000728673985
avy1=-3.222148365884908
avz1=-3.384688509141544
shx1=1.03
shy1=1.0
shz1=0.970873786407767
req1=1.0
rhos1=1.0
cex2=4.0
cey2=0.0
cez2=0.0
oriw2=-0.09973358728510436
orii2=-0.5303556538035479
orij2=0.5981363219307594
orik2=0.5924601526119699
lvx2=2.654437339680241
lvy2=-2.2854312768878184
lvz2=4.394712774666866
avx2=-1.5039069974654917
avy2=4.985969775023617
avz2=3.5152221480132244
shx2=1.0
shy2=1.0
shz2=1.0
req2=1.0
rhos2=1.0
rhof=1.0
ndiv=2
tend=100.0
dt=0.05
tprint=1
logevery=100
nbody=2
impulse_scheme=1
energy_projection=0
impulse_pair_metric_correction=0
