cex1=-4.0
cey1=0.0
cez1=0.0
oriw1=-0.9488019715877005
orii1=-0.2914393566438931
orij1=-0.12177264836097593
orik1=-0.003056504775074621
lvx1=-4.2668079498735345
lvy1=-3.649443540897534
lvz1=6.417729283200289
avx1=5.1900995345778815
avy1=2.6659063422675704
avz1=-2.3311430243100575
shx1=2.0
shy1=2.0
shz1=0.25
req1=1.0
rhos1=1.0
cex2=4.0
cey2=0.0
cez2=0.0
oriw2=0.33619416963518606
orii2=-0.573969742878288
orij2=-0.5605783430003425
orik2=-0.49323841691673814
lvx2=-5.031450939875361
lvy2=-4.303450342642022
lvz2=7.567833006118963
avx2=1.1038137878191927
avy2=-3.8466368596970653
avz2=-4.843903136500313
shx2=2.0
shy2=2.0
shz2=0.25
req2=1.0
rhos2=1.0
rhof=1.0
ndiv=2
tend=100.0
dt=0.05
tprint=1
logevery=100
nbody=2
impulse_scheme=1
energy_projection=0
impulse_pair_metric_correction=0
