cex1=-4.0
cey1=0.0
cez1=0.0
oriw1=0.3279348672546857
orii1=0.3522307886300556
orij1=0.5274848654400902
orik1=-0.7001084995280022
lvx1=4.827689891635814
lvy1=-1.2840332476146834
lvz1=2.5715112342691064
avx1=-4.621306074052307
avy1=-3.3411149965106586
avz1=-2.6379723945440134
shx1=1.001
shy1=1.001
shz1=0.9980029960049943
req1=1.0
rhos1=1.0
cex2=4.0
cey2=0.0
cez2=0.0
oriw2=-0.3336648916024723
orii2=0.45776619375146094
orij2=0.7926051420437227
orik2=-0.22559907086701508
lvx2=4.828816316847267
lvy2=-1.2843328458604122
lvz2=2.572111234507488
avx2=2.1086148506273155
avy2=1.999764159896105
avz2=-5.570736425363024
shx2=1.0
shy2=1.0
shz2=1.0
req2=1.0
rhos2=1.0
rhof=1.0
ndiv=2
tend=100.0
dt=0.05
tprint=1
logevery=100
nbody=2
impulse_scheme=1
energy_projection=0
impulse_pair_metric_correction=0
