cex1=-1.5
cey1=0.0
cez1=0.0
oriw1=1.0
orii1=1.0
orij1=1.0
orik1=0.0
lvx1=0.13476872635695614
lvy1=-0.16305625025526133
lvz1=-0.6624389217502201
avx1=-5.190329979766285
avy1=1.4755143680203644
avz1=-3.218967172131803
shx1=1.0
shy1=0.7
shz1=0.7
req1=1.0
rhos1=1.0
cex2=1.5
cey2=0.0
cez2=0.0
oriw2=1.0
orii2=-1.0
orij2=0.0
orik2=1.0
lvx2=0.14941072497986094
lvy2=-0.1807715574799506
lvz2=-0.7344098458823871
avx2=2.5860602486094697
avy2=3.4075294545443953
avz2=4.60211397200588
shx2=1.0
shy2=0.7
shz2=0.7
req2=1.0
rhos2=1.0
rhof=1.0
ndiv=2
tend=100.0
dt=0.05
tprint=1
logevery=100
nbody=2
impulse_scheme=1
energy_projection=0
impulse_pair_metric_correction=0
