cex1=-4.0
cey1=0.0
cez1=0.0
oriw1=0.4408696110569992
orii1=-0.47271006887282074
orij1=-0.5327730509952774
orik1=-0.5461978148673673
lvx1=0.8886150616868649
lvy1=-0.12313943549892088
lvz1=0.7055569285088396
avx1=-5.498333897662338
avy1=-2.2954993068980385
avz1=-1.9943482359420965
shx1=1.0
shy1=0.8
shz1=0.6
req1=1.0
rhos1=0.1
cex2=4.0
cey2=0.0
cez2=0.0
oriw2=0.6565004791315073
orii2=0.3455693125048903
orij2=-0.6030657245843569
orik2=-0.2930882170721701
lvx2=1.0382510832580971
lvy2=-0.14387518039121147
lvz2=0.8243673519712373
avx2=0.7141642988861133
avy2=-3.991034824852168
avz2=4.8000029151419445
shx2=1.0
shy2=0.8
shz2=0.6
req2=1.0
rhos2=0.1
rhof=1.0
ndiv=2
tend=100.0
dt=0.05
tprint=1
logevery=100
nbody=2
impulse_scheme=1
energy_projection=0
impulse_pair_metric_correction=0
