cex1=-4.0
cey1=0.0
cez1=0.0
oriw1=0.3820813162608416
orii1=-0.6050993272746729
orij1=-0.09701910297315898
orik1=0.6917051145932092
lvx1=3.563016051411714
lvy1=-0.21396302376030885
lvz1=4.3407223506384005
avx1=-5.28793040925316
avy1=2.6449065566598917
avz1=-2.12618881988187
shx1=1.0
shy1=1.0
shz1=1.0
req1=1.0
rhos1=1.0
cex2=4.0
cey2=0.0
cez2=0.0
oriw2=0.4722757760669836
orii2=0.593052894922315
orij2=-0.14346749773872822
orik2=-0.6361296505093738
lvx2=3.563016051411714
lvy2=-0.21396302376030885
lvz2=4.3407223506384005
avx2=-1.950527224251251
avy2=0.6881731312138559
avz2=5.9329822933569805
shx2=1.0
shy2=1.0
shz2=1.0
req2=1.0
rhos2=1.0
rhof=1.0
ndiv=2
tend=100.0
dt=0.05
tprint=1
logevery=100
nbody=2
impulse_scheme=1
energy_projection=0
impulse_pair_metric_correction=0
