cex1=-4.0
cey1=0.0
cez1=0.0
oriw1=1.0
orii1=2.0
orij1=0.0
orik1=0.0
lvx1=0.8445806724260625
lvy1=-0.9386731449305221
lvz1=-0.3054638587981781
avx1=1.4877934191388218
avy1=2.4762463731324322
avz1=-5.579703598388818
shx1=1.0
shy1=0.7
shz1=0.7
req1=1.0
rhos1=0.03
cex2=4.0
cey2=0.0
cez2=0.0
oriw2=1.0
orii2=0.0
orij2=1.0
orik2=0.0
lvx2=0.7560783314329709
lvy2=-0.840310994971459
lvz2=-0.27345475951963805
avx2=4.967878655808342
avy2=3.7881221923293658
avz2=-0.6698727651599954
shx2=1.0
shy2=0.7
shz2=0.7
req2=1.0
rhos2=0.03
rhof=1.0
ndiv=2
tend=100.0
dt=0.05
tprint=1
logevery=100
nbody=2
impulse_scheme=1
energy_projection=0
impulse_pair_metric_correction=0
