cex1=-4.0
cey1=0.0
cez1=0.0
oriw1=1.0
orii1=1.0
orij1=1.0
orik1=0.0
lvx1=-4.854146602194724
lvy1=1.1314481981318922
lvz1=7.095677561343087
avx1=0.8914853253305397
avy1=-1.8548135315740815
avz1=-5.936609999163446
shx1=1.0
shy1=0.7
shz1=0.7
req1=1.0
rhos1=0.03
cex2=4.0
cey2=0.0
cez2=0.0
oriw2=1.0
orii2=-1.0
orij2=0.0
orik2=1.0
lvx2=-4.579033236963434
lvy2=1.0673222977661707
lvz2=6.693523301804524
avx2=3.6620499064162577
avy2=0.01577925074383232
avz2=5.105639930755014
shx2=1.0
shy2=0.7
shz2=0.7
req2=1.0
rhos2=0.03
rhof=1.0
ndiv=2
tend=100.0
dt=0.05
tprint=1
logevery=100
nbody=2
impulse_scheme=1
energy_projection=1
