cex1=-4.0
cey1=0.0
cez1=0.0
oriw1=-0.4155902735203215
orii1=0.2224580357507075
orij1=-0.5986301588020153
orik1=-0.6476411659691771
lvx1=4.385683099049198
lvy1=14.041058151511173
lvz1=5.934995745271206
avx1=-0.8908716680719512
avy1=0.6798380731065106
avz1=6.182441707750988
shx1=4.0
shy1=0.5
shz1=0.5
req1=1.0
rhos1=1.0
cex2=4.0
cey2=0.0
cez2=0.0
oriw2=0.1130216384078895
orii2=0.36887443187846997
orij2=-0.6643405802021154
orik2=0.6401635386794916
lvx2=3.447261027995621
lvy2=11.036637044755548
lvz2=4.665061079864343
avx2=4.007056349337987
avy2=-2.334289787191129
avz2=4.239458480396139
shx2=4.0
shy2=0.5
shz2=0.5
req2=1.0
rhos2=1.0
rhof=1.0
ndiv=2
tend=100.0
dt=0.05
tprint=1
logevery=100
nbody=2
impulse_scheme=1
energy_projection=0
impulse_pair_metric_correction=0
