cex1=-4.0
cey1=0.0
cez1=0.0
oriw1=0.2154810644118199
orii1=-0.533385803556001
orij1=0.5964773204216172
orik1=-0.5597162688965865
lvx1=3.666029739583942
lvy1=-2.92166235757242
lvz1=0.15636084598298194
avx1=6.158237646094898
avy1=0.48533546033697184
avz1=1.1484668865563743
shx1=2.0
shy1=1.0
shz1=0.5
req1=1.0
rhos1=1.0
cex2=4.0
cey2=0.0
cez2=0.0
oriw2=0.5682805599665015
orii2=-0.40655622542927844
orij2=0.4696023376178932
orik2=-0.539669236878171
lvx2=4.392443779331473
lvy2=-3.500581980898591
lvz2=0.1873433316301742
avx2=4.664597096015246
avy2=-3.671347219577513
avz2=2.0594079560650536
shx2=1.0
shy2=1.0
shz2=1.0
req2=1.0
rhos2=1.0
rhof=1.0
ndiv=2
tend=100.0
dt=0.05
tprint=1
logevery=100
nbody=2
impulse_scheme=1
energy_projection=0
impulse_pair_metric_correction=0
