cex1=-2.5
cey1=0.0
cez1=0.0
oriw1=1.0
orii1=2.0
orij1=0.0
orik1=0.0
lvx1=0.26441500686635594
lvy1=2.0054178242462295
lvz1=-0.550023111946877
avx1=2.8699874788625825
avy1=5.587938286377448
avz1=0.12858920314903283
shx1=1.0
shy1=0.7
shz1=0.7
req1=1.0
rhos1=0.3
cex2=2.5
cey2=0.0
cez2=0.0
oriw2=1.0
orii2=0.0
orij2=1.0
orik2=0.0
lvx2=0.24884329893038226
lvy2=1.887316431216969
lvz2=-0.5176316098200667
avx2=4.5254958194445765
avy2=4.354935897471702
avz2=-0.18121402114474255
shx2=1.0
shy2=0.7
shz2=0.7
req2=1.0
rhos2=0.3
rhof=1.0
ndiv=2
tend=100.0
dt=0.05
tprint=1
logevery=100
nbody=2
impulse_scheme=1
energy_projection=0
impulse_pair_metric_correction=0
