cex1=-5.5
cey1=0.0
cez1=0.0
oriw1=1.0
orii1=2.0
orij1=0.0
orik1=0.0
lvx1=-2.0280639417637456
lvy1=6.223763676426066
lvz1=7.1483301565795525
avx1=-0.9201036427177989
avy1=-5.795544623629843
avz1=-2.2457714501992614
shx1=1.0
shy1=0.7
shz1=0.7
req1=1.0
rhos1=10.0
cex2=5.5
cey2=0.0
cez2=0.0
oriw2=1.0
orii2=0.0
orij2=1.0
orik2=0.0
lvx2=-1.738625072696938
lvy2=5.335527816230644
lvz2=6.1281430936227546
avx2=5.585209252358293
avy2=2.878103256855052
avz2=0.019412743471688754
shx2=1.0
shy2=0.7
shz2=0.7
req2=1.0
rhos2=10.0
rhof=1.0
ndiv=2
tend=100.0
dt=0.05
tprint=1
logevery=100
nbody=2
impulse_scheme=1
energy_projection=0
impulse_pair_metric_correction=0
