cex1=-5.5
cey1=0.0
cez1=0.0
oriw1=0.594206321160125
orii1=-0.630813538568666
orij1=-0.010689492037569052
orik1=0.49887760243551443
lvx1=-0.15417810301014628
lvy1=-1.7769664172965751
lvz1=0.5226172019606454
avx1=5.643152355700112
avy1=-2.678037895877276
avz1=0.6792364264075702
shx1=1.0
shy1=0.8
shz1=0.6
req1=1.0
rhos1=4.0
cex2=5.5
cey2=0.0
cez2=0.0
oriw2=0.28014786544130166
orii2=0.2978423550958883
orij2=-0.223735607960499
orik2=-0.8847313053860834
lvx2=-0.16395129224419752
lvy2=-1.889606466173364
lvz2=0.5557453616150397
avx2=-5.0833334234167875
avy2=-1.054439071709511
avz2=3.5392509313106895
shx2=1.0
shy2=0.8
shz2=0.6
req2=1.0
rhos2=4.0
rhof=1.0
ndiv=2
tend=100.0
dt=0.05
tprint=1
logevery=100
nbody=2
impulse_scheme=1
energy_projection=0
impulse_pair_metric_correction=0
