cex1=-1.5
cey1=0.0
cez1=0.0
oriw1=-0.02192471647380265
orii1=0.82777911510017
orij1=0.5229779125452279
orik1=0.20197808396298517
lvx1=-1.4063853144362897
lvy1=-2.050314644678113
lvz1=-2.681552060566944
avx1=0.713089793230578
avy1=-3.2374182610256867
avz1=5.337512862216373
shx1=1.0
shy1=0.8
shz1=0.6
req1=1.0
rhos1=0.3
cex2=1.5
cey2=0.0
cez2=0.0
oriw2=-0.20447887518249053
orii2=0.6732004909289252
orij2=-0.6630974615060677
orik2=-0.25552151604388745
lvx2=-1.2260097686514686
lvy2=-1.7873521270321857
lvz2=-2.3376303689009257
avx2=5.053971770423929
avy2=2.4442233551400463
avz2=-2.8216234933639517
shx2=1.0
shy2=0.8
shz2=0.6
req2=1.0
rhos2=0.3
rhof=1.0
ndiv=2
tend=100.0
dt=0.05
tprint=1
logevery=100
nbody=2
impulse_scheme=1
energy_projection=0
impulse_pair_metric_correction=0
