cex1=-5.5
cey1=0.0
cez1=0.0
oriw1=-0.8924713210777456
orii1=-0.44809113159604647
orij1=0.04732760586573782
orik1=-0.021665100085976833
lvx1=-3.6888885518783083
lvy1=-3.790841222397091
lvz1=-0.3515012089681979
avx1=-4.599786419453102
avy1=1.5013569324025167
avz1=4.008280162525961
shx1=1.0
shy1=0.7
shz1=0.7
req1=1.0
rhos1=4.0
cex2=5.5
cey2=0.0
cez2=0.0
oriw2=-0.5012030733924017
orii2=0.4816051089584006
orij2=0.4696238402057988
orik2=0.5443394593059887
lvx2=-3.3415880009529557
lvy2=-3.433942057108218
lvz2=-0.3184081616156495
avx2=6.169041153908283
avy2=1.0109385622275624
avz2=0.6319430901154514
shx2=1.0
shy2=0.7
shz2=0.7
req2=1.0
rhos2=4.0
rhof=1.0
ndiv=2
tend=100.0
dt=0.05
tprint=1
logevery=100
nbody=2
impulse_scheme=1
energy_projection=0
impulse_pair_metric_correction=0
