cex1=-4.0
cey1=0.0
cez1=0.0
oriw1=0.8456365892740859
orii1=-0.2636545233439104
orij1=0.43530835486241626
orik1=-0.1609089412934006
lvx1=-0.6948387917890528
lvy1=-5.57559391073433
lvz1=0.17227089461015657
avx1=-2.1786472160640034
avy1=-2.963708354683982
avz1=5.093951972748699
shx1=1.001
shy1=1.0
shz1=0.9990009990009991
req1=1.0
rhos1=1.0
cex2=4.0
cey2=0.0
cez2=0.0
oriw2=0.6650188749255345
orii2=-0.41951417120448853
orij2=0.42192549314178174
orik2=-0.4513719468337081
lvx2=-0.694651954762021
lvy2=-5.574094674648883
lvz2=0.17222457223700552
avx2=-3.5047060513368273
avy2=-0.37210028759443947
avz2=-5.201633827371223
shx2=1.0
shy2=1.0
shz2=1.0
req2=1.0
rhos2=1.0
rhof=1.0
ndiv=2
tend=100.0
dt=0.05
tprint=1
logevery=100
nbody=2
impulse_scheme=1
energy_projection=0
impulse_pair_metric_correction=0
