cex1=-2.5
cey1=0.0
cez1=0.0
oriw1=0.776573060525691
orii1=-0.4357409175022433
orij1=-0.3944889435249812
orik1=-0.22680962924137257
lvx1=3.7828566256052314
lvy1=3.7465448893999045
lvz1=-0.6090628549549598
avx1=-4.369760472257308
avy1=-3.373621919429329
avz1=3.0003810031729286
shx1=1.0
shy1=0.7
shz1=0.7
req1=1.0
rhos1=0.3
cex2=2.5
cey2=0.0
cez2=0.0
oriw2=0.5831498341833373
orii2=-0.09765880884761227
orij2=0.6836885852405401
orik2=0.42774869533196763
lvx2=3.9974442482312806
lvy2=3.9590726800214884
lvz2=-0.6436127633998003
avx2=-2.8046306668966334
avy2=-0.07642378425270949
avz2=5.621976861555095
shx2=1.0
shy2=0.7
shz2=0.7
req2=1.0
rhos2=0.3
rhof=1.0
ndiv=2
tend=100.0
dt=0.05
tprint=1
logevery=100
nbody=2
impulse_scheme=1
energy_projection=0
impulse_pair_metric_correction=0
