cex1=-4.0
cey1=0.0
cez1=0.0
oriw1=0.40899619743722565
orii1=0.39716607063975995
orij1=0.7020971503809732
orik1=0.4266624125012424
lvx1=8.51499336155851
lvy1=-1.0198389215545525
lvz1=-4.502959199335324
avx1=-0.9995102426280373
avy1=-4.226231844931454
avz1=-4.540744572438132
shx1=1.0
shy1=0.7
shz1=0.7
req1=1.0
rhos1=0.03
cex2=4.0
cey2=0.0
cez2=0.0
oriw2=0.7240931956109189
orii2=0.16424885079168527
orij2=-0.6584127830502293
orik2=0.1233043640737424
lvx2=7.870773659570788
lvy2=-0.9426808665541311
lvz2=-4.162278366094167
avx2=-4.2006889733454305
avy2=-3.1210478743977452
avz2=-3.4773107309081337
shx2=1.0
shy2=0.7
shz2=0.7
req2=1.0
rhos2=0.03
rhof=1.0
ndiv=2
tend=100.0
dt=0.05
tprint=1
logevery=100
nbody=2
impulse_scheme=1
energy_projection=0
impulse_pair_metric_correction=0
