cex1=-4.0
cey1=0.0
cez1=0.0
oriw1=0.3154839864191023
orii1=-0.18137932962275016
orij1=0.6720604122357743
orik1=-0.6449078968381413
lvx1=-5.343625646533381
lvy1=1.349990339709139
lvz1=1.098146217900259
avx1=2.804278075996666
avy1=5.478205971109709
avz1=1.26637333158109
shx1=1.0
shy1=1.0
shz1=1.0
req1=1.0
rhos1=1.0
cex2=4.0
cey2=0.0
cez2=0.0
oriw2=0.26645492392162984
orii2=0.2299950816665146
orij2=0.6486617251700162
orik2=0.6747903394585536
lvx2=-5.343625646533383
lvy2=1.3499903397091395
lvz2=1.0981462179002592
avx2=3.6086706466335134
avy2=4.281053627368056
avz2=-2.8510513162835056
shx2=1.0
shy2=1.0
shz2=1.0
req2=1.0
rhos2=1.0
rhof=1.0
ndiv=2
tend=100.0
dt=0.05
tprint=1
logevery=100
nbody=2
impulse_scheme=1
energy_projection=0
impulse_pair_metric_correction=0
