cex1=-4.0
cey1=0.0
cez1=0.0
oriw1=0.21164821829510502
orii1=0.18222885957740964
orij1=0.0016491564282618066
orik1=0.9602056835453013
lvx1=3.5256804538625413
lvy1=-4.365334922395452
lvz1=-0.31010068695870585
avx1=-6.239051569436629
avy1=-0.18663260227603645
avz1=0.7195980753416715
shx1=1.0
shy1=1.0
shz1=1.0
req1=1.0
rhos1=1.0
cex2=4.0
cey2=0.0
cez2=0.0
oriw2=-0.09317705842991232
orii2=0.8070758478516517
orij2=0.41809191005378926
orik2=0.40638130658835747
lvx2=10.026252361850572
lvy2=-12.414043231849455
lvz2=-0.8818574983518425
avx2=-0.43604208242784975
avy2=4.019748905479597
avz2=4.809355844976019
shx2=4.0
shy2=0.5
shz2=0.5
req2=1.0
rhos2=1.0
rhof=1.0
ndiv=2
tend=100.0
dt=0.05
tprint=1
logevery=100
nbody=2
impulse_scheme=1
energy_projection=0
impulse_pair_metric_correction=0
