cex1=-4.0
cey1=0.0
cez1=0.0
oriw1=-0.14740940759445173
orii1=0.0754406153419851
orij1=-0.9036330143324239
orik1=0.3950019690051846
lvx1=3.0059964451239
lvy1=-0.09523620299400917
lvz1=-4.749185149450238
avx1=2.467072366554778
avy1=5.647508722987827
avz1=1.22377153354523
shx1=1.0020009999999997
shy1=0.9990009990009991
shz1=0.9990009990009991
req1=1.0
rhos1=1.0
cex2=4.0
cey2=0.0
cez2=0.0
oriw2=-0.16431040820343087
orii2=0.7934123076646169
orij2=0.5852457493661597
orik2=0.03140720699411711
lvx2=3.005182520985596
lvy2=-0.09521041618891066
lvz2=-4.74789922762665
avx2=4.1149056721349995
avy2=-1.692773758047385
avz2=4.4362693693975315
shx2=1.0
shy2=1.0
shz2=1.0
req2=1.0
rhos2=1.0
rhof=1.0
ndiv=2
tend=100.0
dt=0.05
tprint=1
logevery=100
nbody=2
impulse_scheme=1
energy_projection=0
impulse_pair_metric_correction=0
