cex1=-4.0
cey1=0.0
cez1=0.0
oriw1=-0.09204805397057805
orii1=0.11625507469857595
orij1=0.47992636119395965
orik1=0.8646864178407009
lvx1=1.8068098623073279
lvy1=1.0236463441031736
lvz1=-5.200734482858802
avx1=4.7866971050548575
avy1=-4.008612280343035
avz1=-0.7049652577963679
shx1=1.0201
shy1=0.9900990099009901
shz1=0.9900990099009901
req1=1.0
rhos1=1.0
cex2=4.0
cey2=0.0
cez2=0.0
oriw2=-0.11425168982643089
orii2=-0.39705627595636395
orij2=-0.21463855356048323
orik2=0.8849989584292924
lvx2=1.8100714988819782
lvy2=1.0254942210851878
lvz2=-5.210122800997975
avx2=4.26787414247543
avy2=-3.722359072766189
avz2=-2.7217110136350415
shx2=1.0201
shy2=0.9900990099009901
shz2=0.9900990099009901
req2=1.0
rhos2=1.0
rhof=1.0
ndiv=2
tend=100.0
dt=0.05
tprint=1
logevery=100
nbody=2
impulse_scheme=1
energy_projection=0
impulse_pair_metric_correction=0
