cex1=-2.5
cey1=0.0
cez1=0.0
oriw1=0.7246945745161942
orii1=-0.35094280291366375
orij1=-0.5880490369919139
orik1=0.07651962390639545
lvx1=-1.0956788313827095
lvy1=-2.880343006286338
lvz1=5.079886774628652
avx1=2.6699413264128027
avy1=1.5435524538130159
avz1=5.474237548754921
shx1=1.0
shy1=0.8
shz1=0.6
req1=1.0
rhos1=10.0
cex2=2.5
cey2=0.0
cez2=0.0
oriw2=0.5306398115053637
orii2=0.49337143970130903
orij2=-0.0407018782397429
orik2=-0.6880039026345467
lvx2=-0.9801702238765487
lvy2=-2.5766916074759934
lvz2=4.544355165529447
avx2=4.105677662069103
avy2=-4.754009928226319
avz2=-0.1456644838998548
shx2=1.0
shy2=0.8
shz2=0.6
req2=1.0
rhos2=10.0
rhof=1.0
ndiv=2
tend=100.0
dt=0.05
tprint=1
logevery=100
nbody=2
impulse_scheme=1
energy_projection=0
impulse_pair_metric_correction=0
