cex1=-2.5
cey1=0.0
cez1=0.0
oriw1=-0.12901259136882803
orii1=-0.05267087028113286
orij1=0.24075376793735362
orik1=-0.960530662663142
lvx1=6.095010757533291
lvy1=3.5266239138287516
lvz1=-6.651476913167093
avx1=0.9955074919747857
avy1=-1.719000213869164
avz1=-5.9609077079331865
shx1=1.0
shy1=0.7
shz1=0.7
req1=1.0
rhos1=0.1
cex2=2.5
cey2=0.0
cez2=0.0
oriw2=0.03237430316057215
orii2=0.21553590132086412
orij2=0.6913149694436412
orik2=-0.6888975197805602
lvx2=5.0123679326536354
lvy2=2.9001977714898466
lvz2=-5.46999027739823
avx2=-6.164890765825377
avy2=1.0087704692912756
avz2=-0.6744787543609472
shx2=1.0
shy2=0.7
shz2=0.7
req2=1.0
rhos2=0.1
rhof=1.0
ndiv=2
tend=100.0
dt=0.05
tprint=1
logevery=100
nbody=2
impulse_scheme=1
energy_projection=0
impulse_pair_metric_correction=0
