cex1=-1.5
cey1=0.0
cez1=0.0
oriw1=-0.32198230074299633
orii1=-0.1428950225215513
orij1=0.264788291353643
orik1=0.8976611673169506
lvx1=-3.505672617081508
lvy1=2.1922422121674146
lvz1=-4.108745410787542
avx1=1.2111079995701481
avy1=-5.996595399931913
avz1=-1.4326474190288583
shx1=1.0
shy1=0.7
shz1=0.7
req1=1.0
rhos1=0.1
cex2=1.5
cey2=0.0
cez2=0.0
oriw2=-0.6832380644102568
orii2=-0.1983306341668092
orij2=0.4035475485096962
orik2=0.5753260666645755
lvx2=-3.516666273026779
lvy2=2.19911700033555
lvz2=-4.121630280068494
avx2=-0.8668710652645223
avy2=-4.615947159612966
avz2=-4.173725431820544
shx2=1.0
shy2=0.7
shz2=0.7
req2=1.0
rhos2=0.1
rhof=1.0
ndiv=2
tend=100.0
dt=0.05
tprint=1
logevery=100
nbody=2
impulse_scheme=1
energy_projection=0
impulse_pair_metric_correction=0
