cex1=-2.5
cey1=0.0
cez1=0.0
oriw1=-0.19892537111284675
orii1=0.6915266873970162
orij1=0.30472731577310347
orik1=-0.6239878206880684
lvx1=-3.82366162741829
lvy1=4.8514710855823235
lvz1=-6.595341260000786
avx1=4.593217625471844
avy1=-2.055734117648886
avz1=-3.762276795631415
shx1=1.0
shy1=0.8
shz1=0.6
req1=1.0
rhos1=10.0
cex2=2.5
cey2=0.0
cez2=0.0
oriw2=-0.08415928949530052
orii2=0.1933085972350123
orij2=-0.9272387298349554
orik2=-0.30947914004135496
lvx2=-3.6787110802356557
lvy2=4.667557482073768
lvz2=-6.345319574598984
avx2=4.77809398642691
avy2=3.6829114987832514
avz2=-1.7562455276408664
shx2=1.0
shy2=0.8
shz2=0.6
req2=1.0
rhos2=10.0
rhof=1.0
ndiv=2
tend=100.0
dt=0.05
tprint=1
logevery=100
nbody=2
impulse_scheme=1
energy_projection=0
impulse_pair_metric_correction=0
