cex1=-4.0
cey1=0.0
cez1=0.0
oriw1=1.0
orii1=2.0
orij1=0.0
orik1=0.0
lvx1=-2.137080397638517
lvy1=0.37486030768481393
lvz1=-0.34424503890183233
avx1=-2.9427926141250156
avy1=0.3226642403260707
avz1=5.542046284778167
shx1=1.0
shy1=0.8
shz1=0.6
req1=1.0
rhos1=4.0
cex2=4.0
cey2=0.0
cez2=0.0
oriw2=1.0
orii2=0.0
orij2=1.0
orik2=0.0
lvx2=-2.0345288436575926
lvy2=0.35687197784877955
lvz2=-0.32772583647565473
avx2=0.4855919481846844
avy2=-6.257407709656654
avz2=0.295747898293639
shx2=1.0
shy2=0.8
shz2=0.6
req2=1.0
rhos2=4.0
rhof=1.0
ndiv=2
tend=100.0
dt=0.05
tprint=1
logevery=100
nbody=2
impulse_scheme=1
energy_projection=0
impulse_pair_metric_correction=0
