cex1=-4.0
cey1=0.0
cez1=0.0
oriw1=0.0020864209790356046
orii1=0.8524134938171098
orij1=-0.39203217658438144
orik1=0.34597348876542366
lvx1=1.6427626734801424
lvy1=-5.744825197320417
lvz1=4.117396147682451
avx1=-0.6213678809736769
avy1=-0.9785993213448125
avz1=-6.175326949167565
shx1=1.3
shy1=1.3
shz1=0.5917159763313609
req1=1.0
rhos1=1.0
cex2=4.0
cey2=0.0
cez2=0.0
oriw2=0.19480252803880072
orii2=0.5520501598673576
orij2=-0.48417904793317906
orik2=0.6502793596621668
lvx2=1.9964032208868854
lvy2=-6.981524302025879
lvz2=5.003755602436911
avx2=-0.39347064536997306
avy2=-5.539022814831073
avz2=2.939868145405577
shx2=2.0
shy2=2.0
shz2=0.25
req2=1.0
rhos2=1.0
rhof=1.0
ndiv=2
tend=100.0
dt=0.05
tprint=1
logevery=100
nbody=2
impulse_scheme=1
energy_projection=0
impulse_pair_metric_correction=0
