cex1=-4.0
cey1=0.0
cez1=0.0
oriw1=0.6590587722870972
orii1=0.3335742568815343
orij1=-0.48037466240854293
orik1=0.4728741201770665
lvx1=1.8064749504517001
lvy1=4.179510956174492
lvz1=3.2886248494967214
avx1=-2.6815070931074865
avy1=-5.506017303524002
avz1=1.4041761881138535
shx1=1.01
shy1=1.0
shz1=0.9900990099009901
req1=1.0
rhos1=1.0
cex2=4.0
cey2=0.0
cez2=0.0
oriw2=-0.5230856518577499
orii2=0.7064349030310563
orij2=-0.47641721963529
orik2=-0.01891458260271518
lvx2=1.810937568865862
lvy2=4.1898357949166805
lvz2=3.2967488911873994
avx2=-2.042063137419583
avy2=-4.076502634908314
avz2=-4.323253637566861
shx2=1.01
shy2=1.0
shz2=0.9900990099009901
req2=1.0
rhos2=1.0
rhof=1.0
ndiv=2
tend=100.0
dt=0.05
tprint=1
logevery=100
nbody=2
impulse_scheme=1
energy_projection=0
impulse_pair_metric_correction=0
