cex1=-4.0
cey1=0.0
cez1=0.0
oriw1=0.3111161646669678
orii1=0.4725628216848288
orij1=-0.8134210829757801
orik1=-0.13504537539174716
lvx1=-5.100595168887541
lvy1=0.5823649389863373
lvz1=8.245444281457422
avx1=0.24361136291813687
avy1=4.953404760863443
avz1=3.857830009638835
shx1=1.0
shy1=0.8
shz1=0.6
req1=1.0
rhos1=0.3
cex2=4.0
cey2=0.0
cez2=0.0
oriw2=-0.5879054862504114
orii2=-0.7981088821667275
orij2=0.13149285849609438
orik2=-0.009948849570185108
lvx2=-4.535057717362618
lvy2=0.5177942031120703
lvz2=7.331216158812038
avx2=5.401135875356028
avy2=1.1216893136798762
avz2=3.007983035835787
shx2=1.0
shy2=0.8
shz2=0.6
req2=1.0
rhos2=0.3
rhof=1.0
ndiv=2
tend=100.0
dt=0.05
tprint=1
logevery=100
nbody=2
impulse_scheme=1
energy_projection=0
impulse_pair_metric_correction=0
