cex1=-4.0
cey1=0.0
cez1=0.0
oriw1=1.0
orii1=1.0
orij1=1.0
orik1=0.0
lvx1=0.1528658454942964
lvy1=0.6555738065151399
lvz1=0.20720812106765357
avx1=-4.9652371750186814
avy1=2.6059510426777077
avz1=-2.8344058572012765
shx1=1.0
shy1=0.7
shz1=0.7
req1=1.0
rhos1=0.1
cex2=4.0
cey2=0.0
cez2=0.0
oriw2=1.0
orii2=-1.0
orij2=0.0
orik2=1.0
lvx2=0.16759143347773173
lvy2=0.7187253217294033
lvz2=0.22716850795327675
avx2=-2.5180560318067142
avy2=5.610723731767576
avz2=-1.2874745165708612
shx2=1.0
shy2=0.7
shz2=0.7
req2=1.0
rhos2=0.1
rhof=1.0
ndiv=2
tend=100.0
dt=0.05
tprint=1
logevery=100
nbody=2
impulse_scheme=1
energy_projection=0
impulse_pair_metric_correction=0
