cex1=-4.0
cey1=0.0
cez1=0.0
oriw1=0.7720467455978554
orii1=-0.14249596241351845
orij1=0.5655562759203542
orik1=-0.2525565720283393
lvx1=3.0282833254127794
lvy1=-4.286464410827218
lvz1=2.0253127397501314
avx1=-3.742767648847423
avy1=-1.9022460157042176
avz1=4.674566078989151
shx1=1.003
shy1=1.003
shz1=0.9940268924035474
req1=1.0
rhos1=1.0
cex2=4.0
cey2=0.0
cez2=0.0
oriw2=-0.4201366714146473
orii2=0.01676332813062889
orij2=0.13121383525650523
orik2=0.8977678417051282
lvx2=4.315200388401564
lvy2=-6.108065495473349
lvz2=2.8860015335629536
avx2=-6.23117112624992
avy2=0.7639540274962179
avz2=0.2594190502238563
shx2=2.0
shy2=2.0
shz2=0.25
req2=1.0
rhos2=1.0
rhof=1.0
ndiv=2
tend=100.0
dt=0.05
tprint=1
logevery=100
nbody=2
impulse_scheme=1
energy_projection=0
impulse_pair_metric_correction=0
