cex1=-5.5
cey1=0.0
cez1=0.0
oriw1=-0.004888371337191294
orii1=0.5943076214749797
orij1=0.07314090947400204
orik1=-0.8008901062216575
lvx1=0.0833180148421546
lvy1=0.1339633600069936
lvz1=-1.1860181868875226
avx1=-4.1874284645032995
avy1=4.332108044368946
avz1=-1.782330034235762
shx1=1.0
shy1=0.8
shz1=0.6
req1=1.0
rhos1=10.0
cex2=5.5
cey2=0.0
cez2=0.0
oriw2=-0.43341082012167387
orii2=-0.47101191904413064
orij2=-0.7642387296582159
orik2=0.07900631120499033
lvx2=0.08553771387017987
lvy2=0.13753231613925224
lvz2=-1.2176152361168155
avx2=-3.449011569242726
avy2=-4.727427958639638
avz2=2.287829035452503
shx2=1.0
shy2=0.8
shz2=0.6
req2=1.0
rhos2=10.0
rhof=1.0
ndiv=2
tend=100.0
dt=0.05
tprint=1
logevery=100
nbody=2
impulse_scheme=1
energy_projection=0
impulse_pair_metric_correction=0
