cex1=-1.5
cey1=0.0
cez1=0.0
oriw1=-0.3347594122251149
orii1=-0.5113020601519963
orij1=-0.6453528173098649
orik1=-0.4582860246628082
lvx1=-0.35405167597143666
lvy1=-0.6165039133195139
lvz1=1.0316790875598154
avx1=-1.9237238515279087
avy1=5.808407092019059
avz1=-1.4283246132454506
shx1=1.0
shy1=0.8
shz1=0.6
req1=1.0
rhos1=0.1
cex2=1.5
cey2=0.0
cez2=0.0
oriw2=0.49731542966257675
orii2=-0.10674222281480329
orij2=-0.7917412399486241
orik2=0.33827395739651134
lvx2=-0.3164400427704049
lvy2=-0.5510114425067364
lvz2=0.9220817093917612
avx2=-5.634270915398189
avy2=2.7687652482829126
avz2=0.259514654993422
shx2=1.0
shy2=0.8
shz2=0.6
req2=1.0
rhos2=0.1
rhof=1.0
ndiv=2
tend=100.0
dt=0.05
tprint=1
logevery=100
nbody=2
impulse_scheme=1
energy_projection=0
impulse_pair_metric_correction=0
