cex1=-2.5
cey1=0.0
cez1=0.0
oriw1=0.8382390858373789
orii1=0.36594488177296525
orij1=-0.3717833564686367
orik1=-0.15879771513343796
lvx1=-0.6270512194879705
lvy1=-1.312200565167865
lvz1=3.180022132501905
avx1=3.6464430639508847
avy1=0.22395496301102094
avz1=5.111918892183702
shx1=1.0
shy1=0.8
shz1=0.6
req1=1.0
rhos1=0.3
cex2=2.5
cey2=0.0
cez2=0.0
oriw2=-0.5889316826171729
orii2=0.1407641634829913
orij2=-0.5402498520848734
orik2=0.584358640571791
lvx2=-0.5771733875595159
lvy2=-1.2078235745620418
lvz2=2.9270721269453994
avx2=-5.161908870835477
avy2=0.45947349488126454
avz2=3.552745209137442
shx2=1.0
shy2=0.8
shz2=0.6
req2=1.0
rhos2=0.3
rhof=1.0
ndiv=2
tend=100.0
dt=0.05
tprint=1
logevery=100
nbody=2
impulse_scheme=1
energy_projection=0
impulse_pair_metric_correction=0
