cex1=-4.0
cey1=0.0
cez1=0.0
oriw1=-0.8701911496825032
orii1=-0.10532353706587824
orij1=-0.4401907302473361
orik1=0.19469575382758836
lvx1=-3.9187122437058255
lvy1=-2.9469666398928975
lvz1=2.742643805157472
avx1=4.523041904367846
avy1=-2.6326756418371624
avz1=-3.4769999281805015
shx1=1.003
shy1=1.0
shz1=0.9970089730807579
req1=1.0
rhos1=1.0
cex2=4.0
cey2=0.0
cez2=0.0
oriw2=0.06798469008548622
orii2=-0.4813449159764004
orij2=-0.8733982371421685
orik2=-0.0293372312020911
lvx2=-5.5875464734188975
lvy2=-4.201970451508562
lvz2=3.9106340982209224
avx2=1.807984101513456
avy2=5.7397256390851865
avz2=1.806975561832578
shx2=2.0
shy2=1.0
shz2=0.5
req2=1.0
rhos2=1.0
rhof=1.0
ndiv=2
tend=100.0
dt=0.05
tprint=1
logevery=100
nbody=2
impulse_scheme=1
energy_projection=0
impulse_pair_metric_correction=0
