cex1=-4.0
cey1=0.0
cez1=0.0
oriw1=-0.7063905279001129
orii1=0.42999354758821995
orij1=-0.4191255774066947
orik1=0.3747688907700342
lvx1=-3.1571380871402557
lvy1=6.734085280358212
lvz1=5.644590316343373
avx1=3.9648740091101002
avy1=-2.1045202005196586
avz1=4.396497062644912
shx1=1.0
shy1=0.8
shz1=0.6
req1=1.0
rhos1=0.1
cex2=4.0
cey2=0.0
cez2=0.0
oriw2=-0.2657782399759623
orii2=0.9288832349845082
orij2=0.20459208608416185
orik2=0.15709850805060413
lvx2=-3.200359687461773
lvy2=6.826275718180428
lvz2=5.721865437005797
avx2=-2.8734761808663123
avy2=4.028185924509195
avz2=3.8723727093265947
shx2=1.0
shy2=0.8
shz2=0.6
req2=1.0
rhos2=0.1
rhof=1.0
ndiv=2
tend=100.0
dt=0.05
tprint=1
logevery=100
nbody=2
impulse_scheme=1
energy_projection=0
impulse_pair_metric_correction=0
