cex1=-5.5
cey1=0.0
cez1=0.0
oriw1=0.6246195018403262
orii1=0.030698958677461974
orij1=0.5914827694452566
orik1=0.5089756234892115
lvx1=-2.4266832491620143
lvy1=0.2224291144911554
lvz1=5.637757254873486
avx1=1.3187915855594783
avy1=0.35731979532011965
avz1=6.132823894592713
shx1=1.0
shy1=0.8
shz1=0.6
req1=1.0
rhos1=10.0
cex2=5.5
cey2=0.0
cez2=0.0
oriw2=-0.4792385635192676
orii2=-0.3764995663653756
orij2=0.7564227244164874
orik2=0.23749344780227494
lvx2=-2.42860543537
lvy2=0.22260530154658467
lvz2=5.642222946571415
avx2=-1.0106920598085236
avy2=-1.1866775767884012
avz2=6.086765601971629
shx2=1.0
shy2=0.8
shz2=0.6
req2=1.0
rhos2=10.0
rhof=1.0
ndiv=2
tend=100.0
dt=0.05
tprint=1
logevery=100
nbody=2
impulse_scheme=1
energy_projection=0
impulse_pair_metric_correction=0
