cex1=-5.5
cey1=0.0
cez1=0.0
oriw1=-0.2197255350816159
orii1=0.052516930509682376
orij1=0.7287648879356301
orik1=-0.6464243183506536
lvx1=-1.5191822535274813
lvy1=-0.6044889700144341
lvz1=0.9105669110557544
avx1=5.7756092438264615
avy1=1.2709498407516833
avz1=-2.122602640457472
shx1=1.0
shy1=0.8
shz1=0.6
req1=1.0
rhos1=1.0
cex2=5.5
cey2=0.0
cez2=0.0
oriw2=-0.2731136972125179
orii2=-0.7250134997908524
orij2=0.4935067705237541
orik2=0.3952409403935065
lvx2=-1.8309431693993992
lvy2=-0.7285399418373242
lvz2=1.0974300563395074
avx2=-0.7152668310079645
avy2=-2.6991283587159502
avz2=5.628633676834245
shx2=1.0
shy2=0.8
shz2=0.6
req2=1.0
rhos2=1.0
rhof=1.0
ndiv=2
tend=100.0
dt=0.05
tprint=1
logevery=100
nbody=2
impulse_scheme=1
energy_projection=0
impulse_pair_metric_correction=0
