cex1=-5.5
cey1=0.0
cez1=0.0
oriw1=1.0
orii1=2.0
orij1=0.0
orik1=0.0
lvx1=0.25878471696049066
lvy1=0.8034489154811691
lvz1=0.7179498787300943
avx1=5.747321170784961
avy1=-1.477211033309714
avz1=2.0650822083569635
shx1=1.0
shy1=0.7
shz1=0.7
req1=1.0
rhos1=0.3
cex2=5.5
cey2=0.0
cez2=0.0
oriw2=1.0
orii2=0.0
orij2=1.0
orik2=0.0
lvx2=0.305853078063577
lvy2=0.9495820570589399
lvz2=0.8485322583346221
avx2=0.6069867768558606
avy2=3.343924061545051
avz2=-5.284709691903578
shx2=1.0
shy2=0.7
shz2=0.7
req2=1.0
rhos2=0.3
rhof=1.0
ndiv=2
tend=100.0
dt=0.05
tprint=1
logevery=100
nbody=2
impulse_scheme=1
energy_projection=0
impulse_pair_metric_correction=0
