cex1=-4.0
cey1=0.0
cez1=0.0
oriw1=-0.5376471490037387
orii1=0.34224220289439683
orij1=0.6164702941284265
orik1=0.4623528892343526
lvx1=3.9279896567087613
lvy1=-1.8790111313637718
lvz1=-3.5527882604374503
avx1=2.440548396450513
avy1=-4.801252154591526
avz1=3.2357563067960617
shx1=1.0001
shy1=1.0001
shz1=0.9998000299960006
req1=1.0
rhos1=1.0
cex2=4.0
cey2=0.0
cez2=0.0
oriw2=0.039159738243327184
orii2=0.7530781563638389
orij2=-0.6543700125366112
orik2=0.05603295459986698
lvx2=3.9278977607775136
lvy2=-1.8789671716050067
lvz2=-3.552705142401444
avx2=-4.802342132201269
avy2=3.4790649566156517
avz2=2.0765439261645624
shx2=1.0001
shy2=1.0001
shz2=0.9998000299960006
req2=1.0
rhos2=1.0
rhof=1.0
ndiv=2
tend=100.0
dt=0.05
tprint=1
logevery=100
nbody=2
impulse_scheme=1
energy_projection=0
impulse_pair_metric_correction=0
