cex1=-4.0
cey1=0.0
cez1=0.0
oriw1=0.5803496282402
orii1=0.6784701861199552
orij1=-0.45017372663763705
orik1=-0.014701407857651626
lvx1=-3.2104703935860277
lvy1=-0.7372738672371275
lvz1=-0.5726763321035914
avx1=-3.628213196938206
avy1=1.710099448767979
avz1=-4.836325720755823
shx1=1.0
shy1=0.7
shz1=0.7
req1=1.0
rhos1=0.3
cex2=4.0
cey2=0.0
cez2=0.0
oriw2=-0.1132672522286501
orii2=-0.9777811651991282
orij2=-0.15624831406667056
orik2=0.08185955598297391
lvx2=-3.367019669316849
lvy2=-0.773224888670567
lvz2=-0.6006012322048695
avx2=-1.7194338252059653
avy2=-6.01300222317743
avz2=0.6047885491296171
shx2=1.0
shy2=0.7
shz2=0.7
req2=1.0
rhos2=0.3
rhof=1.0
ndiv=2
tend=100.0
dt=0.05
tprint=1
logevery=100
nbody=2
impulse_scheme=1
energy_projection=0
impulse_pair_metric_correction=0
