cex1=-1.5
cey1=0.0
cez1=0.0
oriw1=-0.1193778628625996
orii1=-0.8385436817283424
orij1=-0.22083008402149998
orik1=-0.48355712556314584
lvx1=-2.155988894337928
lvy1=6.52421047331733
lvz1=-4.113265944967079
avx1=-6.097628616913559
avy1=1.5028250616106085
avz1=-0.19712860966724702
shx1=1.0
shy1=0.7
shz1=0.7
req1=1.0
rhos1=0.1
cex2=1.5
cey2=0.0
cez2=0.0
oriw2=-0.3601065468575935
orii2=-0.07461844016510254
orij2=-0.244004727874027
orik2=0.8973388747138669
lvx2=-2.5277818344994887
lvy2=7.6492883438378
lvz2=-4.822584644781323
avx2=-2.81082319407122
avy2=-0.32658320099467963
avz2=5.609904989289637
shx2=1.0
shy2=0.7
shz2=0.7
req2=1.0
rhos2=0.1
rhof=1.0
ndiv=2
tend=100.0
dt=0.05
tprint=1
logevery=100
nbody=2
impulse_scheme=1
energy_projection=0
impulse_pair_metric_correction=0
