cex1=-4.0
cey1=0.0
cez1=0.0
oriw1=0.7112565112927486
orii1=0.49474322807095644
orij1=-0.07998357810151635
orik1=0.49289546625595615
lvx1=-4.357421340646037
lvy1=-1.9205949494779264
lvz1=2.984447751864375
avx1=-5.617972869116399
avy1=0.17178123120435024
avz1=-2.8084318853829093
shx1=1.0
shy1=1.0
shz1=1.0
req1=1.0
rhos1=1.0
cex2=4.0
cey2=0.0
cez2=0.0
oriw2=-0.08252531034667131
orii2=0.9630785041798083
orij2=-0.2510117273075029
orik2=-0.05159923151629568
lvx2=-4.357421340646037
lvy2=-1.9205949494779264
lvz2=2.984447751864375
avx2=-0.2981391464943446
avy2=-0.25140794985309434
avz2=-6.271070458576887
shx2=1.0
shy2=1.0
shz2=1.0
req2=1.0
rhos2=1.0
rhof=1.0
ndiv=2
tend=100.0
dt=0.05
tprint=1
logevery=100
nbody=2
impulse_scheme=1
energy_projection=0
impulse_pair_metric_correction=0
