cex1=-5.5
cey1=0.0
cez1=0.0
oriw1=-0.37132882349116136
orii1=-0.44639145284641507
orij1=0.13868808006947214
orik1=0.8022563132297434
lvx1=-1.6426223563560431
lvy1=1.9280153244435996
lvz1=-2.7321491503191146
avx1=0.17384725692554026
avy1=-1.799402308615842
avz1=-6.0175033084631435
shx1=1.0
shy1=0.8
shz1=0.6
req1=1.0
rhos1=4.0
cex2=5.5
cey2=0.0
cez2=0.0
oriw2=0.277480395966673
orii2=-0.09669933777623108
orij2=-0.8938055483930478
orik2=-0.33877058548466066
lvx2=-1.4162308220752857
lvy2=1.662290006796097
lvz2=-2.355595503870057
avx2=4.2443394683954105
avy2=4.5418105421867345
avz2=-0.9143068851648422
shx2=1.0
shy2=0.8
shz2=0.6
req2=1.0
rhos2=4.0
rhof=1.0
ndiv=2
tend=100.0
dt=0.05
tprint=1
logevery=100
nbody=2
impulse_scheme=1
energy_projection=0
impulse_pair_metric_correction=0
