cex1=-1.5
cey1=0.0
cez1=0.0
oriw1=-0.5730733647839541
orii1=0.3376940489013091
orij1=-0.6668063329717512
orik1=0.3360341682338322
lvx1=-0.32975602989165415
lvy1=2.6560403033704616
lvz1=1.597401024634698
avx1=-5.4413230686659535
avy1=-2.006601548772884
avz1=2.4174306797141947
shx1=1.0
shy1=0.8
shz1=0.6
req1=1.0
rhos1=1.0
cex2=1.5
cey2=0.0
cez2=0.0
oriw2=0.16962466174509483
orii2=0.11061080705561022
orij2=0.9499387397790519
orik2=0.23792669912675987
lvx2=-0.34898003794963167
lvy2=2.810881263249446
lvz2=1.6905257816845953
avx2=-3.3405750246979853
avy2=-5.201161093999102
avz2=-1.1255662499344754
shx2=1.0
shy2=0.8
shz2=0.6
req2=1.0
rhos2=1.0
rhof=1.0
ndiv=2
tend=100.0
dt=0.05
tprint=1
logevery=100
nbody=2
impulse_scheme=1
energy_projection=0
impulse_pair_metric_correction=0
