cex1=-1.5
cey1=0.0
cez1=0.0
oriw1=1.0
orii1=2.0
orij1=0.0
orik1=0.0
lvx1=0.5584478182820015
lvy1=-0.8034761726458522
lvz1=-0.14607431879312552
avx1=4.4623807473623405
avy1=-4.413241256010441
avz1=0.2981229380218023
shx1=1.0
shy1=0.7
shz1=0.7
req1=1.0
rhos1=1.0
cex2=1.5
cey2=0.0
cez2=0.0
oriw2=1.0
orii2=0.0
orij2=1.0
orik2=0.0
lvx2=0.6010536362944436
lvy2=-0.8647760084915642
lvz2=-0.1572188082853355
avx2=2.1901285566028523
avy2=3.4055767441713574
avz2=4.804560494932847
shx2=1.0
shy2=0.7
shz2=0.7
req2=1.0
rhos2=1.0
rhof=1.0
ndiv=2
tend=100.0
dt=0.05
tprint=1
logevery=100
nbody=2
impulse_scheme=1
energy_projection=1
