cex1=-2.5
cey1=0.0
cez1=0.0
oriw1=1.0
orii1=2.0
orij1=0.0
orik1=0.0
lvx1=0.11290020346078955
lvy1=-0.48036378509003197
lvz1=0.4675697953198151
avx1=-5.830934280219482
avy1=1.3225402711337344
avz1=1.9311939973364303
shx1=1.0
shy1=0.8
shz1=0.6
req1=1.0
rhos1=4.0
cex2=2.5
cey2=0.0
cez2=0.0
oriw2=1.0
orii2=0.0
orij2=1.0
orik2=0.0
lvx2=0.13592556005612783
lvy2=-0.5783312564332149
lvz2=0.562928004963672
avx2=-0.5615837035295875
avy2=3.2442534226952295
avz2=-5.351435422166441
shx2=1.0
shy2=0.8
shz2=0.6
req2=1.0
rhos2=4.0
rhof=1.0
ndiv=2
tend=100.0
dt=0.05
tprint=1
logevery=100
nbody=2
impulse_scheme=1
energy_projection=0
impulse_pair_metric_correction=0
