cex1=-4.0
cey1=0.0
cez1=0.0
oriw1=0.13988814814599643
orii1=0.005315737111737652
orij1=0.5098149599103454
orik1=0.8488178577285327
lvx1=-1.5698880304145664
lvy1=-3.6432590249359453
lvz1=-3.980824533491442
avx1=-2.9188300180204387
avy1=4.455779515652866
avz1=-3.3323982112209443
shx1=1.001
shy1=1.0
shz1=0.9990009990009991
req1=1.0
rhos1=1.0
cex2=4.0
cey2=0.0
cez2=0.0
oriw2=-0.9917971508468632
orii2=0.08398779544045591
orij2=-0.03762527055375615
orik2=0.08870626136216972
lvx2=-1.5698354768333778
lvy2=-3.6431370631748203
lvz2=-3.9806912713853135
avx2=5.405255452225546
avy2=0.9118103323961867
avz2=3.0708684469183956
shx2=1.0
shy2=1.0
shz2=1.0
req2=1.0
rhos2=1.0
rhof=1.0
ndiv=2
tend=100.0
dt=0.05
tprint=1
logevery=100
nbody=2
impulse_scheme=1
energy_projection=0
impulse_pair_metric_correction=0
