cex1=-4.0
cey1=0.0
cez1=0.0
oriw1=0.016584886776679093
orii1=0.9793325867279545
orij1=-0.2014165280556353
orik1=-0.008000520567536867
lvx1=0.589696823465835
lvy1=1.1235897123218705
lvz1=1.413071646559782
avx1=-5.480868098906312
avy1=2.149921683936176
avz1=-2.1946159663343354
shx1=1.0
shy1=0.8
shz1=0.6
req1=1.0
rhos1=0.03
cex2=4.0
cey2=0.0
cez2=0.0
oriw2=-0.6088177343211618
orii2=0.05289725407700777
orij2=-0.5874973789450564
orik2=0.5304617579240266
lvx2=0.7044078612137971
lvy2=1.3421565025342708
lvz2=1.6879500392165558
avx2=-0.3742081356419534
avy2=2.353521146497427
avz2=-5.813718611058351
shx2=1.0
shy2=0.8
shz2=0.6
req2=1.0
rhos2=0.03
rhof=1.0
ndiv=2
tend=100.0
dt=0.05
tprint=1
logevery=100
nbody=2
impulse_scheme=1
energy_projection=0
impulse_pair_metric_correction=0
