cex1=-2.5
cey1=0.0
cez1=0.0
oriw1=-0.3693436228103757
orii1=0.5559277186982479
orij1=0.18294621586008442
orik1=-0.7218450955535711
lvx1=-0.9689738254674181
lvy1=-0.6425434064706389
lvz1=0.15673693184777804
avx1=4.804748312451557
avy1=1.354551948157784
avz1=3.8154947619009123
shx1=1.0
shy1=0.7
shz1=0.7
req1=1.0
rhos1=10.0
cex2=2.5
cey2=0.0
cez2=0.0
oriw2=-0.23447387857218782
orii2=0.6652216239475475
orij2=-0.3459919090094579
orik2=-0.6187016972660523
lvx2=-1.0827117216142703
lvy2=-0.7179649847570789
lvz2=0.17513467222872114
avx2=0.396488637913852
avy2=4.547451580705827
avz2=-4.3176264874927215
shx2=1.0
shy2=0.7
shz2=0.7
req2=1.0
rhos2=10.0
rhof=1.0
ndiv=2
tend=100.0
dt=0.05
tprint=1
logevery=100
nbody=2
impulse_scheme=1
energy_projection=0
impulse_pair_metric_correction=0
