cex1=-4.0
cey1=0.0
cez1=0.0
oriw1=-0.20254002470816823
orii1=0.14374437887642605
orij1=-0.504607312875749
orik1=0.8268534040112316
lvx1=-0.29850650266272294
lvy1=-1.4257626153750265
lvz1=-5.681438504701309
avx1=-0.22020735439080366
avy1=5.998799471340057
avz1=1.855890952637006
shx1=1.0
shy1=0.7
shz1=0.7
req1=1.0
rhos1=10.0
cex2=4.0
cey2=0.0
cez2=0.0
oriw2=-0.7422868993515733
orii2=-0.5998974766187017
orij2=-0.274601847694744
orik2=0.11716228847275975
lvx2=-0.29553726707387823
lvy2=-1.4115805956834853
lvz2=-5.624925399447276
avx2=-1.5266515865748609
avy2=5.063712963920271
avz2=-3.3921325971417566
shx2=1.0
shy2=0.7
shz2=0.7
req2=1.0
rhos2=10.0
rhof=1.0
ndiv=2
tend=100.0
dt=0.05
tprint=1
logevery=100
nbody=2
impulse_scheme=1
energy_projection=0
impulse_pair_metric_correction=0
