cex1=-1.5
cey1=0.0
cez1=0.0
oriw1=0.49147051576364686
orii1=0.18066475650374444
orij1=-0.0872662051932348
orik1=-0.8474677500198046
lvx1=-0.6378456585600438
lvy1=-0.7509960304595046
lvz1=-0.5231980464750445
avx1=-5.915217228677345
avy1=-1.1755296262256834
avz1=-1.7625983205999778
shx1=1.0
shy1=0.8
shz1=0.6
req1=1.0
rhos1=0.3
cex2=1.5
cey2=0.0
cez2=0.0
oriw2=-0.4879617923837373
orii2=0.33975361808773696
orij2=-0.397976033189734
orik2=-0.6986242517809601
lvx2=-0.7179703566164887
lvy2=-0.8453344168302759
lvz2=-0.5889209763640288
avx2=-1.2367299552813757
avy2=-6.15177957148898
avz2=-0.3233028392668652
shx2=1.0
shy2=0.8
shz2=0.6
req2=1.0
rhos2=0.3
rhof=1.0
ndiv=2
tend=100.0
dt=0.05
tprint=1
logevery=100
nbody=2
impulse_scheme=1
energy_projection=0
impulse_pair_metric_correction=0
