cex1=-5.5
cey1=0.0
cez1=0.0
oriw1=-0.2516480398191927
orii1=0.6498992157889426
orij1=-0.7168397748289573
orik1=-0.02109527423963029
lvx1=-0.07349260821998221
lvy1=-1.1417379689475746
lvz1=-0.6218065089394506
avx1=1.2982578155044289
avy1=-6.123980905533287
avz1=0.538332720074491
shx1=1.0
shy1=0.7
shz1=0.7
req1=1.0
rhos1=0.1
cex2=5.5
cey2=0.0
cez2=0.0
oriw2=0.23874543383677546
orii2=-0.5432564960624907
orij2=0.7260466827100283
orik2=-0.3474610939857273
lvx2=-0.062969432279546
lvy2=-0.9782560921151656
lvz2=-0.53277198624443
avx2=5.648243375402444
avy2=0.020375553466144468
avz2=2.7523352291101424
shx2=1.0
shy2=0.7
shz2=0.7
req2=1.0
rhos2=0.1
rhof=1.0
ndiv=2
tend=100.0
dt=0.05
tprint=1
logevery=100
nbody=2
impulse_scheme=1
energy_projection=0
impulse_pair_metric_correction=0
