cex1=-4.0
cey1=0.0
cez1=0.0
oriw1=-0.5544303341087468
orii1=-0.0806418929124601
orij1=-0.714627781029682
orik1=-0.41882099315596816
lvx1=1.0166188381477845
lvy1=-5.347781604998376
lvz1=0.26682867135658667
avx1=-5.035489135888829
avy1=0.22386250459328164
avz1=3.751286758665648
shx1=1.2100000000000002
shy1=0.9090909090909091
shz1=0.9090909090909091
req1=1.0
rhos1=1.0
cex2=4.0
cey2=0.0
cez2=0.0
oriw2=0.34934321889202563
orii2=-0.21690722338571616
orij2=-0.8882435900656435
orik2=-0.2047776759428487
lvx2=1.0482849526178855
lvy2=-5.514356783531868
lvz2=0.27513997440746946
avx2=-4.367117567919742
avy2=4.486031025979448
avz2=0.5312507753161264
shx2=1.0
shy2=1.0
shz2=1.0
req2=1.0
rhos2=1.0
rhof=1.0
ndiv=2
tend=100.0
dt=0.05
tprint=1
logevery=100
nbody=2
impulse_scheme=1
energy_projection=0
impulse_pair_metric_correction=0
