cex1=-4.0
cey1=0.0
cez1=0.0
oriw1=0.22834536802884903
orii1=0.6409846735644474
orij1=-0.2578729576416008
orik1=0.6859289896719786
lvx1=2.8215774602702113
lvy1=0.08634777016696464
lvz1=-5.457040645557165
avx1=3.229222015087135
avy1=0.9571647422822543
avz1=5.304184992792555
shx1=1.3
shy1=1.0
shz1=0.7692307692307692
req1=1.0
rhos1=1.0
cex2=4.0
cey2=0.0
cez2=0.0
oriw2=0.5108604247673019
orii2=-0.43705047168838895
orij2=-0.22681115759995926
orik2=-0.7046738326287525
lvx2=3.594404723066018
lvy2=0.1099983386189348
lvz2=-6.951718656157494
avx2=2.4570888881591473
avy2=-5.367392066971247
avz2=-2.152262576791318
shx2=2.0
shy2=1.0
shz2=0.5
req2=1.0
rhos2=1.0
rhof=1.0
ndiv=2
tend=100.0
dt=0.05
tprint=1
logevery=100
nbody=2
impulse_scheme=1
energy_projection=0
impulse_pair_metric_correction=0
