cex1=-4.0
cey1=0.0
cez1=0.0
oriw1=-0.44441102433932356
orii1=-0.21943036479052055
orij1=0.11389415663843906
orik1=-0.8610326808763945
lvx1=0.9141878963449228
lvy1=-0.2465858589313731
lvz1=-0.5299232974594078
avx1=6.035112031073114
avy1=-1.4259698037309458
avz1=-1.0111629421619015
shx1=1.0
shy1=0.7
shz1=0.7
req1=1.0
rhos1=4.0
cex2=4.0
cey2=0.0
cez2=0.0
oriw2=0.7324979956656237
orii2=-0.2684796171118203
orij2=-0.5690877210793512
orik2=-0.25981637219013887
lvx2=0.9016511450314478
lvy2=-0.2432042941532765
lvz2=-0.5226561736853707
avx2=6.210650564645411
avy2=-0.9482988221067301
avz2=0.08346563495274102
shx2=1.0
shy2=0.7
shz2=0.7
req2=1.0
rhos2=4.0
rhof=1.0
ndiv=2
tend=100.0
dt=0.05
tprint=1
logevery=100
nbody=2
impulse_scheme=1
energy_projection=0
impulse_pair_metric_correction=0
