cex1=-4.0
cey1=0.0
cez1=0.0
oriw1=0.16999631368448528
orii1=0.5574329481055528
orij1=0.8088191543349642
orik1=0.07862148103992692
lvx1=4.871261202614885
lvy1=-2.8010300022062715
lvz1=-0.022349885778325595
avx1=-5.1518598099143835
avy1=-3.1477678931150543
avz1=-1.7402055609669744
shx1=1.0003
shy1=1.0003
shz1=0.9994002698920407
req1=1.0
rhos1=1.0
cex2=4.0
cey2=0.0
cez2=0.0
oriw2=0.09305501007784539
orii2=0.47033984739415907
orij2=0.5643038563135544
orik2=-0.6720731736963637
lvx2=4.871822710113197
lvy2=-2.8013528753357986
lvz2=-0.022352462036901954
avx2=-3.730839735729235
avy2=2.0581449953332
avz2=4.617714981335048
shx2=1.0
shy2=1.0
shz2=1.0
req2=1.0
rhos2=1.0
rhof=1.0
ndiv=2
tend=100.0
dt=0.05
tprint=1
logevery=100
nbody=2
impulse_scheme=1
energy_projection=0
impulse_pair_metric_correction=0
