cex1=-4.0
cey1=0.0
cez1=0.0
oriw1=-0.6491660413016168
orii1=-0.3150801904369977
orij1=0.4954133353742877
orik1=0.48360474723507035
lvx1=2.94821874400191
lvy1=4.727824186473129
lvz1=0.730473174620836
avx1=-2.471981284987606
avy1=-5.776461885878722
avz1=0.014635983701102818
shx1=1.001
shy1=1.0
shz1=0.9990009990009991
req1=1.0
rhos1=1.0
cex2=4.0
cey2=0.0
cez2=0.0
oriw2=0.1792541539086427
orii2=-0.5990168999266886
orij2=0.050699631795340955
orik2=0.7787658500759603
lvx2=2.948444101600806
lvy2=4.728185574551552
lvz2=0.7305290109392996
avx2=-3.964897087375164
avy2=4.87176317389392
avz2=-0.15470057650960803
shx2=1.0
shy2=1.0
shz2=1.0
req2=1.0
rhos2=1.0
rhof=1.0
ndiv=2
tend=100.0
dt=0.05
tprint=1
logevery=100
nbody=2
impulse_scheme=1
energy_projection=0
impulse_pair_metric_correction=0
