cex1=-4.0
cey1=0.0
cez1=0.0
oriw1=0.32536789380296927
orii1=-0.19644647415486863
orij1=0.012452385526389134
orik1=-0.9248726693815978
lvx1=-4.479555471386699
lvy1=-3.3655024098980006
lvz1=-0.4370035239537013
avx1=3.4276127168769404
avy1=0.4619862093259857
avz1=5.245613158616781
shx1=1.0001
shy1=1.0
shz1=0.9999000099990001
req1=1.0
rhos1=1.0
cex2=4.0
cey2=0.0
cez2=0.0
oriw2=-0.27045641476744614
orii2=-0.8179920425427303
orij2=-0.41901714198346185
orik2=0.286647834061105
lvx2=-6.708869306096498
lvy2=-5.040392057109404
lvz2=-0.654484478925633
avx2=-1.164656161063013
avy2=4.501618175594192
avz2=4.2258049448614425
shx2=2.0
shy2=1.0
shz2=0.5
req2=1.0
rhos2=1.0
rhof=1.0
ndiv=2
tend=100.0
dt=0.05
tprint=1
logevery=100
nbody=2
impulse_scheme=1
energy_projection=0
impulse_pair_metric_correction=0
