cex1=-4.0
cey1=0.0
cez1=0.0
oriw1=0.5673750896220815
orii1=0.7192927169429258
orij1=0.3567040583988568
orik1=-0.1829363543721799
lvx1=3.6397557013449555
lvy1=-2.806900681176439
lvz1=3.234017763917752
avx1=-0.12446731324362342
avy1=5.024971464940749
avz1=-3.769958523488365
shx1=1.001
shy1=1.001
shz1=0.9980029960049943
req1=1.0
rhos1=1.0
cex2=4.0
cey2=0.0
cez2=0.0
oriw2=-0.22144753539849732
orii2=-0.07245933979299504
orij2=-0.30077776803358036
orik2=0.9247936891001325
lvx2=5.242392343456836
lvy2=-4.042819311858136
lvz2=4.65800217248125
avx2=6.114440849831124
avy2=1.105061155229111
avz2=-0.9332044478449412
shx2=2.0
shy2=2.0
shz2=0.25
req2=1.0
rhos2=1.0
rhof=1.0
ndiv=2
tend=100.0
dt=0.05
tprint=1
logevery=100
nbody=2
impulse_scheme=1
energy_projection=0
impulse_pair_metric_correction=0
