cex1=-5.5
cey1=0.0
cez1=0.0
oriw1=-0.22273296355632466
orii1=0.8854428110589802
orij1=-0.40583256634933135
orik1=0.04099979731295823
lvx1=1.5971927834554487
lvy1=-3.0073078245929303
lvz1=-0.7895604297176385
avx1=1.9133903356098259
avy1=4.378208762279287
avz1=-4.080274875771635
shx1=1.0
shy1=0.7
shz1=0.7
req1=1.0
rhos1=0.3
cex2=5.5
cey2=0.0
cez2=0.0
oriw2=-0.2731053467106324
orii2=0.15725381957962412
orij2=-0.903970985643521
orik2=0.28900028190360905
lvx2=1.6071798572701257
lvy2=-3.026112195323111
lvz2=-0.7944974657313365
avx2=-1.5033552986314702
avy2=0.5280143888054367
avz2=6.077790820326785
shx2=1.0
shy2=0.7
shz2=0.7
req2=1.0
rhos2=0.3
rhof=1.0
ndiv=2
tend=100.0
dt=0.05
tprint=1
logevery=100
nbody=2
impulse_scheme=1
energy_projection=0
impulse_pair_metric_correction=0
