cex1=-4.0
cey1=0.0
cez1=0.0
oriw1=0.24174317728747133
orii1=0.28539927709947943
orij1=0.6992175529041275
orik1=-0.6092637381108583
lvx1=5.101804087889644
lvy1=-2.2066012168837923
lvz1=0.8262655259286704
avx1=-5.677626238099883
avy1=2.147834141036882
avz1=-1.621661619263886
shx1=1.0001
shy1=1.0001
shz1=0.9998000299960006
req1=1.0
rhos1=1.0
cex2=4.0
cey2=0.0
cez2=0.0
oriw2=-0.7974069922803514
orii2=0.5367677628277592
orij2=-0.10724257468189159
orik2=-0.254010802185429
lvx2=7.291216093444166
lvy2=-3.1535523566158155
lvz2=1.180852968150968
avx2=3.7741192813244284
avy2=-5.001303656309252
avz2=0.4705347936978915
shx2=2.0
shy2=2.0
shz2=0.25
req2=1.0
rhos2=1.0
rhof=1.0
ndiv=2
tend=100.0
dt=0.05
tprint=1
logevery=100
nbody=2
impulse_scheme=1
energy_projection=0
impulse_pair_metric_correction=0
