cex1=-2.5
cey1=0.0
cez1=0.0
oriw1=0.3783343354351121
orii1=-0.05114450016437517
orij1=0.3930706204510091
orik1=-0.8365063407243648
lvx1=1.3069360749117158
lvy1=-2.229497074614834
lvz1=-2.409663194748198
avx1=1.1052978518496313
avy1=-4.041017414249431
avz1=-4.682618126730693
shx1=1.0
shy1=0.7
shz1=0.7
req1=1.0
rhos1=0.03
cex2=2.5
cey2=0.0
cez2=0.0
oriw2=-0.8435756870778051
orii2=-0.2771650938761302
orij2=0.3645015120179212
orik2=-0.2805320278408409
lvx2=1.3136913558834944
lvy2=-2.2410208816731085
lvz2=-2.422118243040424
avx2=0.1973274371778446
avy2=-1.3779365578725822
avz2=6.127052336105226
shx2=1.0
shy2=0.7
shz2=0.7
req2=1.0
rhos2=0.03
rhof=1.0
ndiv=2
tend=100.0
dt=0.05
tprint=1
logevery=100
nbody=2
impulse_scheme=1
energy_projection=0
impulse_pair_metric_correction=0
