cex1=-4.0
cey1=0.0
cez1=0.0
oriw1=-0.477431771454138
orii1=-0.6290183646740385
orij1=0.5460355815767268
orik1=-0.27971403997856015
lvx1=-0.40523954387407063
lvy1=0.722326917944659
lvz1=0.9984762606592966
avx1=-1.5922900731124825
avy1=-5.232408248284047
avz1=-3.0927227245121665
shx1=1.0
shy1=0.7
shz1=0.7
req1=1.0
rhos1=0.1
cex2=4.0
cey2=0.0
cez2=0.0
oriw2=-0.2732414600153352
orii2=-0.18957997189899825
orij2=-0.24364193094270303
orik2=0.9110637454481295
lvx2=-0.38103270691950436
lvy2=0.6791789818784435
lvz2=0.9388326439141956
avx2=-3.950877568339379
avy2=4.8673513424576615
avz2=-0.42175224175547005
shx2=1.0
shy2=0.7
shz2=0.7
req2=1.0
rhos2=0.1
rhof=1.0
ndiv=2
tend=100.0
dt=0.05
tprint=1
logevery=100
nbody=2
impulse_scheme=1
energy_projection=0
impulse_pair_metric_correction=0
