cex1=-1.5
cey1=0.0
cez1=0.0
oriw1=0.4826961606679714
orii1=-0.5551086695749614
orij1=-0.6692614678042056
orik1=0.1046320655997797
lvx1=1.983583522810425
lvy1=-2.6869506076088876
lvz1=0.49433685677794315
avx1=2.883288664468638
avy1=5.005204648304314
avz1=-2.472446260345607
shx1=1.0
shy1=0.8
shz1=0.6
req1=1.0
rhos1=4.0
cex2=1.5
cey2=0.0
cez2=0.0
oriw2=-0.9205624708392915
orii2=0.08926393152697477
orij2=-0.3429762695256618
orik2=-0.16420708374752493
lvx2=2.0053746932978007
lvy2=-2.7164687993604524
lvz2=0.4997675223387152
avx2=0.8950503177429184
avy2=-6.171528024635155
avz2=0.7678179303771419
shx2=1.0
shy2=0.8
shz2=0.6
req2=1.0
rhos2=4.0
rhof=1.0
ndiv=2
tend=100.0
dt=0.05
tprint=1
logevery=100
nbody=2
impulse_scheme=1
energy_projection=0
impulse_pair_metric_correction=0
