cex1=-2.5
cey1=0.0
cez1=0.0
oriw1=-0.173592765805403
orii1=-0.45946082491631896
orij1=0.842886748837973
orik1=-0.21977995964281646
lvx1=-1.610298613780064
lvy1=4.346220018796346
lvz1=-1.6066848003404468
avx1=5.889850359670444
avy1=-1.529968365420721
avz1=-1.5643775586025348
shx1=1.0
shy1=0.7
shz1=0.7
req1=1.0
rhos1=10.0
cex2=2.5
cey2=0.0
cez2=0.0
oriw2=-0.278766491193944
orii2=-0.1715935603843263
orij2=-0.8375343329431784
orik2=0.4374712957023267
lvx2=-1.6448572387130593
lvy2=4.439494263846633
lvz2=-1.6411658692088908
avx2=-5.584943513443643
avy2=1.1413452108352782
avz2=2.642755127836209
shx2=1.0
shy2=0.7
shz2=0.7
req2=1.0
rhos2=10.0
rhof=1.0
ndiv=2
tend=100.0
dt=0.05
tprint=1
logevery=100
nbody=2
impulse_scheme=1
energy_projection=0
impulse_pair_metric_correction=0
