cex1=-5.5
cey1=0.0
cez1=0.0
oriw1=0.37675451114902886
orii1=0.8172101129532587
orij1=0.0005569368932971313
orik1=-0.43614602994533314
lvx1=-6.827455081949278
lvy1=-4.150206895158032
lvz1=1.3494540526785843
avx1=6.175064702099264
avy1=0.5611460174038503
avz1=1.0159274956398026
shx1=1.0
shy1=0.8
shz1=0.6
req1=1.0
rhos1=0.03
cex2=5.5
cey2=0.0
cez2=0.0
oriw2=0.3247243986900958
orii2=0.6352174726548624
orij2=-0.6544570755222122
orik2=-0.25047707206097397
lvx2=-6.774481456540164
lvy2=-4.118005803712453
lvz2=1.338983756992216
avx2=-6.262889211842766
avy2=0.20057471986506378
avz2=0.4630400698557161
shx2=1.0
shy2=0.8
shz2=0.6
req2=1.0
rhos2=0.03
rhof=1.0
ndiv=2
tend=100.0
dt=0.05
tprint=1
logevery=100
nbody=2
impulse_scheme=1
energy_projection=0
impulse_pair_metric_correction=0
