cex1=-4.0
cey1=0.0
cez1=0.0
oriw1=-0.16702676484414453
orii1=-0.5889938978920185
orij1=-0.03628175333952593
orik1=-0.7898556086059496
lvx1=-2.026728603334936
lvy1=6.294255000722034
lvz1=-0.46010120868097765
avx1=-3.406204293416785
avy1=3.2837906631192024
avz1=-4.134357120118875
shx1=1.6900000000000002
shy1=0.7692307692307692
shz1=0.7692307692307692
req1=1.0
rhos1=1.0
cex2=4.0
cey2=0.0
cez2=0.0
oriw2=-0.8856062803109651
orii2=0.270350225917601
orij2=-0.37177045563877564
orik2=0.06632495709923532
lvx2=-1.9172348668089372
lvy2=5.954208732295923
lvz2=-0.4352443035996992
avx2=-4.086808318695577
avy2=4.584401279524616
avz2=-1.3265294112424135
shx2=1.6900000000000002
shy2=0.7692307692307692
shz2=0.7692307692307692
req2=1.0
rhos2=1.0
rhof=1.0
ndiv=2
tend=100.0
dt=0.05
tprint=1
logevery=100
nbody=2
impulse_scheme=1
energy_projection=0
impulse_pair_metric_correction=0
