cex1=-4.0
cey1=0.0
cez1=0.0
oriw1=0.9912693488462512
orii1=-0.06676236507287898
orij1=0.11290242285328343
orik1=0.01345018816459665
lvx1=1.0637190547708342
lvy1=-3.8011492333228087
lvz1=3.9684341417075735
avx1=-3.9938432377911597
avy1=4.651436366528283
avz1=1.3754175818439383
shx1=1.01
shy1=1.01
shz1=0.9802960494069208
req1=1.0
rhos1=1.0
cex2=4.0
cey2=0.0
cez2=0.0
oriw2=-0.5237585947363089
orii2=0.39415123273122266
orij2=0.6413651640519282
orik2=0.39871351433949126
lvx2=1.52226357585577
lvy2=-5.439736176885539
lvz2=5.67913371487489
avx2=3.6164665596263075
avy2=5.137549454157246
avz2=0.0719224134097669
shx2=2.0
shy2=2.0
shz2=0.25
req2=1.0
rhos2=1.0
rhof=1.0
ndiv=2
tend=100.0
dt=0.05
tprint=1
logevery=100
nbody=2
impulse_scheme=1
energy_projection=0
impulse_pair_metric_correction=0
