cex1=-4.0
cey1=0.0
cez1=0.0
oriw1=-0.20588345710858036
orii1=-0.42543610443503393
orij1=-0.7232460404812601
orik1=-0.5035189053653715
lvx1=-3.7483375051583194
lvy1=2.4348814468146713
lvz1=-3.4015295343780627
avx1=5.175252363899002
avy1=-0.2680515574806691
avz1=-3.5529324419199715
shx1=1.003
shy1=1.0
shz1=0.9970089730807579
req1=1.0
rhos1=1.0
cex2=4.0
cey2=0.0
cez2=0.0
oriw2=-0.6932673811312158
orii2=-0.5126371376802076
orij2=-0.49937821646122516
orik2=-0.08488168385768179
lvx2=-3.3528611324487483
lvy2=2.177984067312708
lvz2=-3.042643879052451
avx2=5.943332165696622
avy2=1.5589154513313344
avz2=1.3133936912265738
shx2=2.0
shy2=1.0
shz2=0.5
req2=1.0
rhos2=1.0
rhof=1.0
ndiv=2
tend=100.0
dt=0.05
tprint=1
logevery=100
nbody=2
impulse_scheme=1
energy_projection=0
impulse_pair_metric_correction=0
