cex1=-4.0
cey1=0.0
cez1=0.0
oriw1=-0.1633736267251266
orii1=-0.47211519326341533
orij1=0.5449105789909744
orik1=0.6734157432702683
lvx1=-2.1266760098223916
lvy1=-3.2897737621354786
lvz1=4.030294895298861
avx1=0.3583008840924224
avy1=3.8248592015204324
avz1=-4.971970451376446
shx1=1.0003
shy1=1.0
shz1=0.9997000899730081
req1=1.0
rhos1=1.0
cex2=4.0
cey2=0.0
cez2=0.0
oriw2=0.8106759572070751
orii2=0.5743616119136215
orij2=0.06093247313505658
orik2=-0.09591905381114277
lvx2=-2.1265159998129284
lvy2=-3.2895262412491846
lvz2=4.029991657983277
avx2=3.9198831710319237
avy2=1.990051328115615
avz2=4.48916798987111
shx2=1.0003
shy2=1.0
shz2=0.9997000899730081
req2=1.0
rhos2=1.0
rhof=1.0
ndiv=2
tend=100.0
dt=0.05
tprint=1
logevery=100
nbody=2
impulse_scheme=1
energy_projection=0
impulse_pair_metric_correction=0
