cex1=-4.0
cey1=0.0
cez1=0.0
oriw1=0.36371942700001314
orii1=0.8412089809564228
orij1=0.34812421100582946
orik1=-0.1971932110712924
lvx1=3.915091550205328
lvy1=-1.8314132805044876
lvz1=-3.591671314559609
avx1=3.43757854195411
avy1=3.9207223924925887
avz1=-3.5056250930841535
shx1=1.0003
shy1=1.0003
shz1=0.9994002698920407
req1=1.0
rhos1=1.0
cex2=4.0
cey2=0.0
cez2=0.0
oriw2=-0.2638153301360826
orii2=0.7287633395125063
orij2=-0.5508150950206184
orik2=-0.3096904868819774
lvx2=3.914667371631685
lvy2=-1.8312148569777034
lvz2=-3.591282176784498
avx2=5.708563527977601
avy2=-2.02729637605336
avz2=1.6675699250832854
shx2=1.0003
shy2=1.0003
shz2=0.9994002698920407
req2=1.0
rhos2=1.0
rhof=1.0
ndiv=2
tend=100.0
dt=0.05
tprint=1
logevery=100
nbody=2
impulse_scheme=1
energy_projection=0
impulse_pair_metric_correction=0
