cex1=-4.0
cey1=0.0
cez1=0.0
oriw1=0.3452894689039723
orii1=0.1574127130422074
orij1=0.08284574636947749
orik1=0.9214841304901504
lvx1=-4.928987728841187
lvy1=-2.764730276370819
lvz1=-0.01682859292122598
avx1=2.8807426827990126
avy1=-1.1126845170497166
avz1=5.4718984242559925
shx1=1.0
shy1=0.7
shz1=0.7
req1=1.0
rhos1=10.0
cex2=4.0
cey2=0.0
cez2=0.0
oriw2=0.2678330578539876
orii2=0.07196788166026169
orij2=0.7315489681720715
orik2=-0.6228339941720382
lvx2=-5.116482189869469
lvy2=-2.86989824220355
lvz2=-0.017468738146414326
avx2=-0.018894684370447095
avy2=2.7390646007435335
avz2=5.654695898827243
shx2=1.0
shy2=0.7
shz2=0.7
req2=1.0
rhos2=10.0
rhof=1.0
ndiv=2
tend=100.0
dt=0.05
tprint=1
logevery=100
nbody=2
impulse_scheme=1
energy_projection=0
impulse_pair_metric_correction=0
