cex1=-2.5
cey1=0.0
cez1=0.0
oriw1=-0.5444698438213605
orii1=0.7060888468499765
orij1=0.3160762437302633
orik1=0.32417115490521486
lvx1=2.3717896277032944
lvy1=4.429142230523471
lvz1=-2.6663991023425093
avx1=-3.61251879266796
avy1=2.5705601548476165
avz1=4.452004724535684
shx1=1.0
shy1=0.8
shz1=0.6
req1=1.0
rhos1=0.3
cex2=2.5
cey2=0.0
cez2=0.0
oriw2=0.09573570416316186
orii2=-0.5325728883600501
orij2=0.7103336441483472
orik2=0.45014098627335236
lvx2=2.4518413986857985
lvy2=4.578633009699421
lvz2=-2.756394423932379
avx2=2.4595901456176827
avy2=-3.0394544586707686
avz2=-4.91838901609096
shx2=1.0
shy2=0.8
shz2=0.6
req2=1.0
rhos2=0.3
rhof=1.0
ndiv=2
tend=100.0
dt=0.05
tprint=1
logevery=100
nbody=2
impulse_scheme=1
energy_projection=0
impulse_pair_metric_correction=0
