cex1=-4.0
cey1=0.0
cez1=0.0
oriw1=-0.5749498153152857
orii1=-0.817586715808316
orij1=0.03115877695188775
orik1=-0.0037151879566587075
lvx1=3.7887841793658628
lvy1=2.8668043877743377
lvz1=3.0019487934988156
avx1=1.5265595568583952
avy1=2.1512006959109526
avz1=-5.7026633330080045
shx1=1.0001
shy1=1.0
shz1=0.9999000099990001
req1=1.0
rhos1=1.0
cex2=4.0
cey2=0.0
cez2=0.0
oriw2=0.059544046606552645
orii2=-0.5520581139410864
orij2=-0.05701957043530303
orik2=0.8297199008899935
lvx2=3.788568933718984
lvy2=2.8666415209717675
lvz2=3.0017782489707128
avx2=-5.198184906377139
avy2=-0.32635691226988517
avz2=-3.5143680014028122
shx2=1.0001
shy2=1.0
shz2=0.9999000099990001
req2=1.0
rhos2=1.0
rhof=1.0
ndiv=2
tend=100.0
dt=0.05
tprint=1
logevery=100
nbody=2
impulse_scheme=1
energy_projection=0
impulse_pair_metric_correction=0
