cex1=-4.0
cey1=0.0
cez1=0.0
oriw1=-0.1979280736533774
orii1=-0.42822112245130245
orij1=-0.8789580609519697
orik1=0.0698847267574478
lvx1=7.369370179915169
lvy1=1.4515686185472316
lvz1=-1.5258872157270713
avx1=2.6648698314627977
avy1=5.645510984449106
avz1=-0.7106983257201034
shx1=2.0
shy1=1.0
shz1=0.5
req1=1.0
rhos1=1.0
cex2=4.0
cey2=0.0
cez2=0.0
oriw2=-0.8559393553331738
orii2=-0.050119605292417616
orij2=-0.3634277975924672
orik2=0.3643845236755425
lvx2=8.470336895372274
lvy2=1.6684295843022385
lvz2=-1.7538512065489245
avx2=-0.48127493200920113
avy2=-1.8286045816882062
avz2=5.991910991328716
shx2=2.0
shy2=1.0
shz2=0.5
req2=1.0
rhos2=1.0
rhof=1.0
ndiv=2
tend=100.0
dt=0.05
tprint=1
logevery=100
nbody=2
impulse_scheme=1
energy_projection=0
impulse_pair_metric_correction=0
