cex1=-5.5
cey1=0.0
cez1=0.0
oriw1=0.483781760432799
orii1=-0.867687655637448
orij1=0.042430448487050014
orik1=0.10617437340582271
lvx1=1.0426506079720324
lvy1=-5.161569099220066
lvz1=7.312427079527874
avx1=4.019230346461054
avy1=4.064716694425635
avz1=-2.608118712885118
shx1=1.0
shy1=0.8
shz1=0.6
req1=1.0
rhos1=0.3
cex2=5.5
cey2=0.0
cez2=0.0
oriw2=0.5213151704880391
orii2=0.17757246477618494
orij2=0.6425109741169419
orik2=-0.5328021780282394
lvx2=1.1508495931232672
lvy2=-5.69720062722524
lvz2=8.071259600170825
avx2=-2.5011132625949704
avy2=-0.5781994375752503
avz2=-5.7348526975343175
shx2=1.0
shy2=0.8
shz2=0.6
req2=1.0
rhos2=0.3
rhof=1.0
ndiv=2
tend=100.0
dt=0.05
tprint=1
logevery=100
nbody=2
impulse_scheme=1
energy_projection=0
impulse_pair_metric_correction=0
