cex1=-4.0
cey1=0.0
cez1=0.0
oriw1=0.20934755643666833
orii1=0.8679059648358831
orij1=-0.03326217867518646
orik1=0.44922874383332917
lvx1=0.9534157809281557
lvy1=-5.40748212710821
lvz1=1.196391687982882
avx1=2.6906833088084747
avy1=-5.040212149522206
avz1=-2.6143646310080118
shx1=1.0001
shy1=1.0001
shz1=0.9998000299960006
req1=1.0
rhos1=1.0
cex2=4.0
cey2=0.0
cez2=0.0
oriw2=-0.7137022150388685
orii2=-0.03282630881210351
orij2=-0.07283974664724008
orik2=0.6958778290811907
lvx2=0.9534386702948727
lvy2=-5.4076119485815894
lvz2=1.1964204106541776
avx2=4.464268949895521
avy2=-1.501315326918048
avz2=4.158698430581031
shx2=1.0
shy2=1.0
shz2=1.0
req2=1.0
rhos2=1.0
rhof=1.0
ndiv=2
tend=100.0
dt=0.05
tprint=1
logevery=100
nbody=2
impulse_scheme=1
energy_projection=0
impulse_pair_metric_correction=0
