cex1=-4.0
cey1=0.0
cez1=0.0
oriw1=0.49432609907971914
orii1=-0.6350888212311426
orij1=0.5603446184127153
orik1=-0.1957493436305061
lvx1=-3.1242049880195846
lvy1=4.663082151124223
lvz1=-0.2774802503732976
avx1=-1.087065754871412
avy1=-5.1176915234321445
avz1=3.479359009923244
shx1=1.0003
shy1=1.0003
shz1=0.9994002698920407
req1=1.0
rhos1=1.0
cex2=4.0
cey2=0.0
cez2=0.0
oriw2=0.45462311853348875
orii2=-0.8328182504438434
orij2=0.2198139863100938
orik2=-0.22674521658682698
lvx2=-5.260641870034243
lvy2=7.851855208503259
lvz2=-0.46723061669095695
avx2=-4.752277656233888
avy2=0.8788967408362941
avz2=4.015198027665001
shx2=2.0
shy2=2.0
shz2=0.25
req2=1.0
rhos2=1.0
rhof=1.0
ndiv=2
tend=100.0
dt=0.05
tprint=1
logevery=100
nbody=2
impulse_scheme=1
energy_projection=0
impulse_pair_metric_correction=0
