cex1=-4.0
cey1=0.0
cez1=0.0
oriw1=0.5357785975716904
orii1=0.023089332436453447
orij1=-0.023266153908489233
orik1=-0.8437220295773117
lvx1=8.079594091062079
lvy1=-2.144504247255363
lvz1=1.3951315956418529
avx1=-5.27315940719406
avy1=-3.4145282716292074
avz1=-0.11490932478734557
shx1=1.0
shy1=0.7
shz1=0.7
req1=1.0
rhos1=10.0
cex2=4.0
cey2=0.0
cez2=0.0
oriw2=0.13113572808511476
orii2=-0.30766672157747116
orij2=0.16749060877100932
orik2=-0.927411184549159
lvx2=9.05281725094396
lvy2=-2.402819352738543
lvz2=1.5631814214943212
avx2=-2.3342592601871117
avy2=3.3351939417759193
avz2=-4.786035173432113
shx2=1.0
shy2=0.7
shz2=0.7
req2=1.0
rhos2=10.0
rhof=1.0
ndiv=2
tend=100.0
dt=0.05
tprint=1
logevery=100
nbody=2
impulse_scheme=1
energy_projection=0
impulse_pair_metric_correction=0
