cex1=-4.0
cey1=0.0
cez1=0.0
oriw1=-0.13209020207488245
orii1=0.7271039644836736
orij1=0.031128511083141474
orik1=-0.6729806974540119
lvx1=-0.7451029596964527
lvy1=5.708152620864837
lvz1=1.2307881735448063
avx1=2.2592593422515326
avy1=5.847060832531252
avz1=-0.4313287023669478
shx1=1.3
shy1=1.0
shz1=0.7692307692307692
req1=1.0
rhos1=1.0
cex2=4.0
cey2=0.0
cez2=0.0
oriw2=0.41829208971164494
orii2=0.591657008502315
orij2=-0.6450901493753325
orik2=0.24255393452522706
lvx2=-0.765957703785894
lvy2=5.8679185439261365
lvz2=1.2652367984677895
avx2=2.9960013939321604
avy2=3.424761837190786
avz2=4.3328281307288865
shx2=1.3
shy2=1.0
shz2=0.7692307692307692
req2=1.0
rhos2=1.0
rhof=1.0
ndiv=2
tend=100.0
dt=0.05
tprint=1
logevery=100
nbody=2
impulse_scheme=1
energy_projection=0
impulse_pair_metric_correction=0
