cex1=-5.5
cey1=0.0
cez1=0.0
oriw1=1.0
orii1=2.0
orij1=0.0
orik1=0.0
lvx1=3.202566372770536
lvy1=-1.8905247563770666
lvz1=4.093739259140117
avx1=3.5808008166860543
avy1=3.0224754506885043
avz1=-4.185800433078869
shx1=1.0
shy1=0.7
shz1=0.7
req1=1.0
rhos1=10.0
cex2=5.5
cey2=0.0
cez2=0.0
oriw2=1.0
orii2=0.0
orij2=1.0
orik2=0.0
lvx2=3.1939277414940284
lvy2=-1.8854252379320136
lvz2=4.082696770121761
avx2=3.657109226710608
avy2=-3.7712261843771726
avz2=3.4470019980460656
shx2=1.0
shy2=0.7
shz2=0.7
req2=1.0
rhos2=10.0
rhof=1.0
ndiv=2
tend=100.0
dt=0.05
tprint=1
logevery=100
nbody=2
impulse_scheme=1
energy_projection=0
impulse_pair_metric_correction=0
