cex1=-5.5
cey1=0.0
cez1=0.0
oriw1=0.1720547654364089
orii1=-0.4309417700667141
orij1=0.1021016907446579
orik1=-0.8799213562867263
lvx1=0.5238111834970213
lvy1=-0.5496486811839673
lvz1=-0.18155999147632187
avx1=1.9819386049750751
avy1=0.2775117088871446
avz1=-5.955948641643699
shx1=1.0
shy1=0.7
shz1=0.7
req1=1.0
rhos1=4.0
cex2=5.5
cey2=0.0
cez2=0.0
oriw2=-0.32956257329947486
orii2=-0.553564725113145
orij2=-0.6701646123295253
orik2=0.3685566411989527
lvx2=0.5316340276695148
lvy2=-0.5578573947776952
lvz2=-0.18427149433465403
avx2=0.758622245390023
avy2=-2.723413778457116
avz2=5.611232242962927
shx2=1.0
shy2=0.7
shz2=0.7
req2=1.0
rhos2=4.0
rhof=1.0
ndiv=2
tend=100.0
dt=0.05
tprint=1
logevery=100
nbody=2
impulse_scheme=1
energy_projection=0
impulse_pair_metric_correction=0
