cex1=-4.0
cey1=0.0
cez1=0.0
oriw1=-0.06959389673509653
orii1=0.34048565717148316
orij1=-0.8201570745950411
orik1=0.45449816258091974
lvx1=5.399011539746699
lvy1=1.3527509814722594
lvz1=0.7862543153697888
avx1=2.660963783476612
avy1=-1.2596680264884421
avz1=-5.55075903011705
shx1=1.0020009999999997
shy1=0.9990009990009991
shz1=0.9990009990009991
req1=1.0
rhos1=1.0
cex2=4.0
cey2=0.0
cez2=0.0
oriw2=0.6053765230121738
orii2=0.16519679277478896
orij2=0.19645823630489342
orik2=0.7534145249665585
lvx2=5.397753579481079
lvy2=1.3524357928545945
lvz2=0.7860711194865933
avx2=4.815618081254757
avy2=-3.777999242486522
avz2=1.419493509538157
shx2=1.0
shy2=1.0
shz2=1.0
req2=1.0
rhos2=1.0
rhof=1.0
ndiv=2
tend=100.0
dt=0.05
tprint=1
logevery=100
nbody=2
impulse_scheme=1
energy_projection=0
impulse_pair_metric_correction=0
