cex1=-5.5
cey1=0.0
cez1=0.0
oriw1=-0.49612863776764987
orii1=-0.7851371505659053
orij1=0.19975627440300156
orik1=-0.3122714531056268
lvx1=1.1651009913721886
lvy1=-0.1000222461404175
lvz1=-0.41986371138900164
avx1=2.8131333299286307
avy1=5.21955324959322
avz1=2.0786924609145387
shx1=1.0
shy1=0.8
shz1=0.6
req1=1.0
rhos1=1.0
cex2=5.5
cey2=0.0
cez2=0.0
oriw2=0.5287954182032889
orii2=-0.5063160932798891
orij2=0.6615732792316539
orik2=-0.1622966899837322
lvx2=1.0829578713093662
lvy2=-0.09297037730285948
lvz2=-0.390262058390638
avx2=-5.159339218560894
avy2=3.126990975407594
avz2=1.7554383702928331
shx2=1.0
shy2=0.8
shz2=0.6
req2=1.0
rhos2=1.0
rhof=1.0
ndiv=2
tend=100.0
dt=0.05
tprint=1
logevery=100
nbody=2
impulse_scheme=1
energy_projection=0
impulse_pair_metric_correction=0
