cex1=-4.0
cey1=0.0
cez1=0.0
oriw1=-0.18816178412531456
orii1=0.07696964506317552
orij1=-0.8699741749984817
orik1=-0.4492390806345085
lvx1=4.228157235220093
lvy1=-1.8877632872078052
lvz1=3.3362278403314916
avx1=-1.3616165908938358
avy1=3.420501919609547
avz1=-5.091619043261925
shx1=1.03
shy1=1.03
shz1=0.9425959091337544
req1=1.0
rhos1=1.0
cex2=4.0
cey2=0.0
cez2=0.0
oriw2=0.27333932835935604
orii2=-0.39747141179115786
orij2=0.8696574517593157
orik2=0.10487137350246425
lvx2=6.0270761629977
lvy2=-2.690934247888747
lvz2=4.755664979366488
avx2=3.886265217433993
avy2=-4.804792410894057
avz2=1.1354867468777576
shx2=2.0
shy2=2.0
shz2=0.25
req2=1.0
rhos2=1.0
rhof=1.0
ndiv=2
tend=100.0
dt=0.05
tprint=1
logevery=100
nbody=2
impulse_scheme=1
energy_projection=0
impulse_pair_metric_correction=0
