cex1=-1.5
cey1=0.0
cez1=0.0
oriw1=1.0
orii1=1.0
orij1=1.0
orik1=0.0
lvx1=-5.605665768016415
lvy1=-4.40089958999691
lvz1=4.221007206534949
avx1=2.648258650133427
avy1=-5.237541757862975
avz1=-2.2435017408044353
shx1=1.0
shy1=0.8
shz1=0.6
req1=1.0
rhos1=0.03
cex2=1.5
cey2=0.0
cez2=0.0
oriw2=1.0
orii2=-1.0
orij2=0.0
orik2=1.0
lvx2=-5.837392770301099
lvy2=-4.582823969999098
lvz2=4.395495195485904
avx2=2.5336790024680256
avy2=-3.5977990184380944
avz2=4.484944875885984
shx2=1.0
shy2=0.8
shz2=0.6
req2=1.0
rhos2=0.03
rhof=1.0
ndiv=2
tend=100.0
dt=0.05
tprint=1
logevery=100
nbody=2
impulse_scheme=1
energy_projection=1
