cex1=-4.0
cey1=0.0
cez1=0.0
oriw1=0.2537803309268784
orii1=0.5067399063255795
orij1=0.39458753427494864
orik1=0.7232640518970946
lvx1=4.75206411663306
lvy1=-0.01709142050350254
lvz1=-3.3322729001794347
avx1=-3.1209663956769442
avy1=-1.7736933016543426
avz1=5.156743006305358
shx1=1.2100000000000002
shy1=0.9090909090909091
shz1=0.9090909090909091
req1=1.0
rhos1=1.0
cex2=4.0
cey2=0.0
cez2=0.0
oriw2=-0.5036202875650873
orii2=-0.15124586897791048
orij2=-0.5425624257695706
orik2=0.6550704597316344
lvx2=4.601289327538376
lvy2=-0.0165491392424555
lvz2=-3.2265456348481614
avx2=-1.9748279360722094
avy2=-0.1278758694858234
avz2=-5.9633983590960495
shx2=1.0
shy2=1.0
shz2=1.0
req2=1.0
rhos2=1.0
rhof=1.0
ndiv=2
tend=100.0
dt=0.05
tprint=1
logevery=100
nbody=2
impulse_scheme=1
energy_projection=0
impulse_pair_metric_correction=0
