cex1=-5.5
cey1=0.0
cez1=0.0
oriw1=-0.0035790126644659167
orii1=0.19519637616819116
orij1=0.09980872760896346
orik1=0.9756658153754457
lvx1=1.1611474068265795
lvy1=0.4919940502086187
lvz1=0.11841940871008824
avx1=2.793352936840792
avy1=-5.4036647828055155
avz1=-1.5735322969890957
shx1=1.0
shy1=0.7
shz1=0.7
req1=1.0
rhos1=0.3
cex2=5.5
cey2=0.0
cez2=0.0
oriw2=0.353280944001921
orii2=0.11817459573192125
orij2=-0.756043261186674
orik2=-0.5381690503391356
lvx2=1.1321445780934105
lvy2=0.4797051546798964
lvz2=0.1154615604564472
avx2=3.6204620299609513
avy2=3.860427973016001
avz2=3.3864093313012273
shx2=1.0
shy2=0.7
shz2=0.7
req2=1.0
rhos2=0.3
rhof=1.0
ndiv=2
tend=100.0
dt=0.05
tprint=1
logevery=100
nbody=2
impulse_scheme=1
energy_projection=0
impulse_pair_metric_correction=0
