cex1=-4.0
cey1=0.0
cez1=0.0
oriw1=-0.12554347960821943
orii1=-0.7056285049568899
orij1=0.3442167827173349
orik1=-0.606499838595108
lvx1=-2.8550038193338447
lvy1=-2.5470958817614453
lvz1=4.125566034691781
avx1=-3.4715495124799003
avy1=3.4008860775928142
avz1=3.982553888397916
shx1=1.01
shy1=1.01
shz1=0.9802960494069208
req1=1.0
rhos1=1.0
cex2=4.0
cey2=0.0
cez2=0.0
oriw2=0.7959979787024312
orii2=0.42220621793607455
orij2=-0.404840392044059
orik2=0.15567075642962777
lvx2=-2.8515611494632065
lvy2=-2.5440244987424854
lvz2=4.120591273610629
avx2=-1.5937527469796668
avy2=1.0459606823333552
avz2=5.987013949947414
shx2=1.0
shy2=1.0
shz2=1.0
req2=1.0
rhos2=1.0
rhof=1.0
ndiv=2
tend=100.0
dt=0.05
tprint=1
logevery=100
nbody=2
impulse_scheme=1
energy_projection=0
impulse_pair_metric_correction=0
