cex1=-5.5
cey1=0.0
cez1=0.0
oriw1=0.8471941250785557
orii1=0.19084260076765786
orij1=-0.3401540982012569
orik1=0.36074423854235915
lvx1=-1.6904006988834386
lvy1=-2.6741433758098134
lvz1=-4.609663053515749
avx1=3.253072081550458
avy1=-2.020519358638129
avz1=4.981309181125275
shx1=1.0
shy1=0.7
shz1=0.7
req1=1.0
rhos1=0.03
cex2=5.5
cey2=0.0
cez2=0.0
oriw2=-0.42092190645155936
orii2=-0.8016895514985626
orij2=-0.2545691361330963
orik2=0.33957792421720717
lvx2=-1.7141914386357249
lvy2=-2.711779333459508
lvz2=-4.674539561271786
avx2=-2.7591736201171333
avy2=-5.607558201684123
avz2=0.6485904355849462
shx2=1.0
shy2=0.7
shz2=0.7
req2=1.0
rhos2=0.03
rhof=1.0
ndiv=2
tend=100.0
dt=0.05
tprint=1
logevery=100
nbody=2
impulse_scheme=1
energy_projection=0
impulse_pair_metric_correction=0
