cex1=-5.5
cey1=0.0
cez1=0.0
oriw1=-0.3564507105657926
orii1=-0.34759019150206755
orij1=-0.493646431375654
orik1=-0.7130477897720314
lvx1=1.6942581364825986
lvy1=-0.10589431608748773
lvz1=-0.8560996683865266
avx1=-5.218858918232628
avy1=-2.693649201894138
avz1=-2.232976303742669
shx1=1.0
shy1=0.7
shz1=0.7
req1=1.0
rhos1=0.03
cex2=5.5
cey2=0.0
cez2=0.0
oriw2=0.23567809191197642
orii2=-0.04706117112569481
orij2=-0.8414631170346507
orik2=-0.4839224171655388
lvx2=1.7838785273664948
lvy2=-0.11149575886399758
lvz2=-0.9013843775251582
avx2=-4.203492367875139
avy2=4.599158686409533
avz2=0.8104374712441615
shx2=1.0
shy2=0.7
shz2=0.7
req2=1.0
rhos2=0.03
rhof=1.0
ndiv=2
tend=100.0
dt=0.05
tprint=1
logevery=100
nbody=2
impulse_scheme=1
energy_projection=0
impulse_pair_metric_correction=0
