cex1=-4.0
cey1=0.0
cez1=0.0
oriw1=0.3526507741689519
orii1=0.7359472525971879
orij1=-0.5397807797730727
orik1=-0.2065327641326276
lvx1=-2.6552694865062483
lvy1=3.0886795305567163
lvz1=3.871993904312704
avx1=3.6255703305298916
avy1=4.607039418820702
avz1=-2.260275464665982
shx1=1.0
shy1=1.0
shz1=1.0
req1=1.0
rhos1=1.0
cex2=4.0
cey2=0.0
cez2=0.0
oriw2=0.06575806380071124
orii2=0.8896698162799552
orij2=0.4059703748849816
orik2=0.1983722504820668
lvx2=-2.6552694865062474
lvy2=3.0886795305567154
lvz2=3.871993904312703
avx2=-3.8498285490793442
avy2=-4.5504492185187955
avz2=1.9876241236040433
shx2=1.0
shy2=1.0
shz2=1.0
req2=1.0
rhos2=1.0
rhof=1.0
ndiv=2
tend=100.0
dt=0.05
tprint=1
logevery=100
nbody=2
impulse_scheme=1
energy_projection=0
impulse_pair_metric_correction=0
