cex1=-5.5
cey1=0.0
cez1=0.0
oriw1=0.39735902439311743
orii1=-0.7950109572630373
orij1=-0.22201410808105917
orik1=0.4009652346251865
lvx1=-0.30283936038288095
lvy1=0.5185112190952488
lvz1=0.38739908023824954
avx1=-4.689491639765911
avy1=-4.175106946919335
avz1=0.2357281203186713
shx1=1.0
shy1=0.7
shz1=0.7
req1=1.0
rhos1=10.0
cex2=5.5
cey2=0.0
cez2=0.0
oriw2=-0.3396532039559705
orii2=0.7851233098280809
orij2=0.1416273297141252
orik2=0.4981553862853333
lvx2=-0.30838984028603345
lvy2=0.5280145613870455
lvz2=0.3944993818854449
avx2=4.305601127126708
avy2=-0.5658258681602611
avz2=-4.540931361005509
shx2=1.0
shy2=0.7
shz2=0.7
req2=1.0
rhos2=10.0
rhof=1.0
ndiv=2
tend=100.0
dt=0.05
tprint=1
logevery=100
nbody=2
impulse_scheme=1
energy_projection=0
impulse_pair_metric_correction=0
