cex1=-1.5
cey1=0.0
cez1=0.0
oriw1=0.7225302141666174
orii1=0.24254896721355396
orij1=-0.642728459101626
orik1=0.07759005078507032
lvx1=-0.23522333417277438
lvy1=-0.4850457056154801
lvz1=0.550261181050635
avx1=-1.9822297663966284
avy1=-5.2316869787384315
avz1=-2.859831133837685
shx1=1.0
shy1=0.8
shz1=0.6
req1=1.0
rhos1=1.0
cex2=1.5
cey2=0.0
cez2=0.0
oriw2=-0.8837327984931446
orii2=-0.2569876084293995
orij2=-0.35443263876315817
orik2=-0.16538202611105426
lvx2=-0.23695950734848903
lvy2=-0.4886258068246001
lvz2=0.5543226348410802
avx2=-2.474344292562182
avy2=4.412509664190222
avz2=-3.726365037090473
shx2=1.0
shy2=0.8
shz2=0.6
req2=1.0
rhos2=1.0
rhof=1.0
ndiv=2
tend=100.0
dt=0.05
tprint=1
logevery=100
nbody=2
impulse_scheme=1
energy_projection=0
impulse_pair_metric_correction=0
