cex1=-4.0
cey1=0.0
cez1=0.0
oriw1=0.7296336558114288
orii1=-0.004634578482800913
orij1=-0.14712716783088434
orik1=-0.6678074913293494
lvx1=5.24848031466731
lvy1=-1.6223098293034934
lvz1=1.1855768962791513
avx1=-3.2510636767624757
avy1=4.239340173663505
avz1=-3.3071131619519423
shx1=1.003
shy1=1.0
shz1=0.9970089730807579
req1=1.0
rhos1=1.0
cex2=4.0
cey2=0.0
cez2=0.0
oriw2=-0.7952447820728658
orii2=0.206372442953994
orij2=0.45126193576216667
orik2=-0.34836592357356505
lvx2=5.248372857306554
lvy2=-1.6222766141398395
lvz2=1.1855526227834707
avx2=3.418311323027154
avy2=-0.6327718675676843
avz2=-5.233848017170224
shx2=1.0
shy2=1.0
shz2=1.0
req2=1.0
rhos2=1.0
rhof=1.0
ndiv=2
tend=100.0
dt=0.05
tprint=1
logevery=100
nbody=2
impulse_scheme=1
energy_projection=0
impulse_pair_metric_correction=0
