cex1=-4.0
cey1=0.0
cez1=0.0
oriw1=0.04744188998314148
orii1=-0.05663875570536068
orij1=0.13394951477459768
orik1=-0.9882301583733547
lvx1=2.9660386557902187
lvy1=-0.6134349209757796
lvz1=4.735585128016949
avx1=2.499767219834928
avy1=-5.286516114494151
avz1=-2.29833174763563
shx1=1.0020009999999997
shy1=0.9990009990009991
shz1=0.9990009990009991
req1=1.0
rhos1=1.0
cex2=4.0
cey2=0.0
cez2=0.0
oriw2=0.44770059113442656
orii2=0.6771691077908615
orij2=-0.047264526014939266
orik2=0.58204144588869
lvx2=4.521603574270699
lvy2=-0.9351562313093221
lvz2=7.2192041729813035
avx2=5.392136977755289
avy2=-3.0458341406445584
avz2=-1.0612119511037912
shx2=4.0
shy2=0.5
shz2=0.5
req2=1.0
rhos2=1.0
rhof=1.0
ndiv=2
tend=100.0
dt=0.05
tprint=1
logevery=100
nbody=2
impulse_scheme=1
energy_projection=0
impulse_pair_metric_correction=0
