cex1=-4.0
cey1=0.0
cez1=0.0
oriw1=0.4139645068904171
orii1=0.4223242257002157
orij1=0.6244507872829841
orik1=-0.510232152733781
lvx1=-3.821289921720105
lvy1=5.020153532300698
lvz1=0.6612203102961663
avx1=3.9600907933723213
avy1=0.9669277079077767
avz1=4.78133342492295
shx1=1.6900000000000002
shy1=0.7692307692307692
shz1=0.7692307692307692
req1=1.0
rhos1=1.0
cex2=4.0
cey2=0.0
cez2=0.0
oriw2=-0.5444574743887289
orii2=-0.37804830900491054
orij2=0.6495648377715986
orik2=-0.3724393322026167
lvx2=-3.122980407221915
lvy2=4.10276148729479
lvz2=0.5403877005444797
avx2=5.516936550913179
avy2=0.45198592967095474
avz2=2.9727995924608006
shx2=1.6900000000000002
shy2=0.7692307692307692
shz2=0.7692307692307692
req2=1.0
rhos2=1.0
rhof=1.0
ndiv=2
tend=100.0
dt=0.05
tprint=1
logevery=100
nbody=2
impulse_scheme=1
energy_projection=0
impulse_pair_metric_correction=0
