cex1=-4.0
cey1=0.0
cez1=0.0
oriw1=1.0
orii1=1.0
orij1=1.0
orik1=0.0
lvx1=-0.8872551281413243
lvy1=-1.8032750387045928
lvz1=0.1782574712814867
avx1=3.4294815842018993
avy1=-5.107937508361132
avz1=-1.2751659024044433
shx1=1.0
shy1=0.8
shz1=0.6
req1=1.0
rhos1=0.1
cex2=4.0
cey2=0.0
cez2=0.0
oriw2=1.0
orii2=-1.0
orij2=0.0
orik2=1.0
lvx2=-0.9103107088303234
lvy2=-1.85013366125931
lvz2=0.18288954314243697
avx2=-1.8171001845888346
avy2=-6.003543895720956
avz2=-0.3660945447234998
shx2=1.0
shy2=0.8
shz2=0.6
req2=1.0
rhos2=0.1
rhof=1.0
ndiv=2
tend=100.0
dt=0.05
tprint=1
logevery=100
nbody=2
impulse_scheme=1
energy_projection=1
