cex1=-4.0
cey1=0.0
cez1=0.0
oriw1=0.35366260309116165
orii1=0.7740486846938799
orij1=-0.42566882659733696
orik1=-0.30753446467299256
lvx1=1.6902924343179064
lvy1=0.8266599783632358
lvz1=-1.0675167233136624
avx1=1.5000027502434563
avy1=4.59921217034193
avz1=4.0094459424960665
shx1=1.0
shy1=0.8
shz1=0.6
req1=1.0
rhos1=0.3
cex2=4.0
cey2=0.0
cez2=0.0
oriw2=0.04044899391130769
orii2=0.5861110504519672
orij2=0.42122893704868325
orik2=0.6909442076047031
lvx2=1.6990417144589471
lvy2=0.8309389300909025
lvz2=-1.0730423960776692
avx2=-2.9879135071683756
avy2=-1.9397333706909978
avz2=-5.175734240536888
shx2=1.0
shy2=0.8
shz2=0.6
req2=1.0
rhos2=0.3
rhof=1.0
ndiv=2
tend=100.0
dt=0.05
tprint=1
logevery=100
nbody=2
impulse_scheme=1
energy_projection=0
impulse_pair_metric_correction=0
