cex1=-4.0
cey1=0.0
cez1=0.0
oriw1=-0.17273353646250553
orii1=0.4341784870133915
orij1=-0.8836615202274791
orik1=0.028186600809233683
lvx1=1.0973773273493954
lvy1=5.300337376422117
lvz1=2.8231153610517925
avx1=1.6179191089345761
avy1=-0.9262927039412854
avz1=6.000228094658312
shx1=1.0
shy1=0.8
shz1=0.6
req1=1.0
rhos1=4.0
cex2=4.0
cey2=0.0
cez2=0.0
oriw2=-0.3033214436341667
orii2=-0.28336602603621813
orij2=-0.28127227269183674
orik2=0.8652084753022796
lvx2=1.065335926402639
lvy2=5.145577267206786
lvz2=2.740685581478256
avx2=-2.4581519550782933
avy2=-2.4376246809343365
avz2=5.243461879808222
shx2=1.0
shy2=0.8
shz2=0.6
req2=1.0
rhos2=4.0
rhof=1.0
ndiv=2
tend=100.0
dt=0.05
tprint=1
logevery=100
nbody=2
impulse_scheme=1
energy_projection=0
impulse_pair_metric_correction=0
