cex1=-5.5
cey1=0.0
cez1=0.0
oriw1=1.0
orii1=1.0
orij1=1.0
orik1=0.0
lvx1=0.6710380090588121
lvy1=0.20917396485906525
lvz1=0.12696522250901096
avx1=4.684059199374834
avy1=3.678774474299221
avz1=2.001156012996965
shx1=1.0
shy1=0.8
shz1=0.6
req1=1.0
rhos1=0.3
cex2=5.5
cey2=0.0
cez2=0.0
oriw2=1.0
orii2=-1.0
orij2=0.0
orik2=1.0
lvx2=0.6195231654579179
lvy2=0.1931159116048132
lvz2=0.11721824321423424
avx2=6.214607106526906
avy2=-0.37818818678801763
avz2=0.8450146810776121
shx2=1.0
shy2=0.8
shz2=0.6
req2=1.0
rhos2=0.3
rhof=1.0
ndiv=2
tend=100.0
dt=0.05
tprint=1
logevery=100
nbody=2
impulse_scheme=1
energy_projection=0
impulse_pair_metric_correction=0
