cex1=-4.0
cey1=0.0
cez1=0.0
oriw1=0.1534586775352673
orii1=0.782986019714993
orij1=0.0951848387343689
orik1=-0.5952505133934045
lvx1=0.5017735489654923
lvy1=-1.01446122119131
lvz1=-0.5695894976155906
avx1=-3.771015872737242
avy1=2.3262434585578298
avz1=4.454935270398226
shx1=1.0
shy1=0.8
shz1=0.6
req1=1.0
rhos1=0.03
cex2=4.0
cey2=0.0
cez2=0.0
oriw2=0.7913916351072742
orii2=0.5579604834830543
orij2=-0.16202314750335603
orik2=-0.19007335012225443
lvx2=0.5390242566389136
lvy2=-1.0897728801548605
lvz2=-0.6118747314890653
avx2=-1.7105102311972855
avy2=-1.2082160525523689
avz2=-5.923916468324111
shx2=1.0
shy2=0.8
shz2=0.6
req2=1.0
rhos2=0.03
rhof=1.0
ndiv=2
tend=100.0
dt=0.05
tprint=1
logevery=100
nbody=2
impulse_scheme=1
energy_projection=0
impulse_pair_metric_correction=0
