cex1=-4.0
cey1=0.0
cez1=0.0
oriw1=0.9053895149295217
orii1=0.23526503595217102
orij1=0.32052843064999376
orik1=-0.1489352686879815
lvx1=2.9793944627643945
lvy1=1.2305066557534463
lvz1=-4.603454799265577
avx1=3.1349132737529675
avy1=1.9472854207487935
avz1=-5.08515642439287
shx1=1.0
shy1=1.0
shz1=1.0
req1=1.0
rhos1=1.0
cex2=4.0
cey2=0.0
cez2=0.0
oriw2=0.5503982730559672
orii2=0.38377324101182425
orij2=-0.6312937274964145
orik2=0.3889062485020931
lvx2=2.9793944627643945
lvy2=1.2305066557534463
lvz2=-4.603454799265577
avx2=2.8740233965894224
avy2=-3.748039913380423
avz2=4.143742743935886
shx2=1.0
shy2=1.0
shz2=1.0
req2=1.0
rhos2=1.0
rhof=1.0
ndiv=2
tend=100.0
dt=0.05
tprint=1
logevery=100
nbody=2
impulse_scheme=1
energy_projection=0
impulse_pair_metric_correction=0
