cex1=-5.5
cey1=0.0
cez1=0.0
oriw1=-0.2414137266247464
orii1=0.08947412838683809
orij1=-0.3796002557036091
orik1=-0.8886042081918826
lvx1=1.722834775071267
lvy1=7.667589933863501
lvz1=4.552801356647352
avx1=4.15829288754525
avy1=3.3321939784166217
avz1=3.3291892640629523
shx1=1.0
shy1=0.8
shz1=0.6
req1=1.0
rhos1=4.0
cex2=5.5
cey2=0.0
cez2=0.0
oriw2=0.5572834657831105
orii2=-0.6379519029330558
orij2=-0.36538266628128147
orik2=-0.38593783889382927
lvx2=1.8350770583167193
lvy2=8.167131627367501
lvz2=4.849415301772735
avx2=-0.09368265650243286
avy2=-5.129080277545962
avz2=-3.627971426392042
shx2=1.0
shy2=0.8
shz2=0.6
req2=1.0
rhos2=4.0
rhof=1.0
ndiv=2
tend=100.0
dt=0.05
tprint=1
logevery=100
nbody=2
impulse_scheme=1
energy_projection=0
impulse_pair_metric_correction=0
