cex1=-4.0
cey1=0.0
cez1=0.0
oriw1=-0.4167062970942806
orii1=0.7019263761090235
orij1=0.30523215540583876
orik1=-0.49039632522148113
lvx1=-4.73302339574575
lvy1=2.5708204720835
lvz1=-1.884520153715407
avx1=1.1464003650067354
avy1=-1.7223739285967357
avz1=5.932757525599719
shx1=1.0609
shy1=0.970873786407767
shz1=0.970873786407767
req1=1.0
rhos1=1.0
cex2=4.0
cey2=0.0
cez2=0.0
oriw2=-0.5399228614831484
orii2=-0.5985037552237339
orij2=-0.4261908776690186
orik2=-0.41065544489589983
lvx2=-4.599816476748393
lvy2=2.498466915857815
lvz2=-1.8314819363910444
avx2=5.100268318525757
avy2=2.2762543666645048
avz2=-2.878254113458479
shx2=1.0609
shy2=0.970873786407767
shz2=0.970873786407767
req2=1.0
rhos2=1.0
rhof=1.0
ndiv=2
tend=100.0
dt=0.05
tprint=1
logevery=100
nbody=2
impulse_scheme=1
energy_projection=0
impulse_pair_metric_correction=0
