cex1=-4.0
cey1=0.0
cez1=0.0
oriw1=-0.4312959748893079
orii1=-0.7892029857930717
orij1=0.42257178954722097
orik1=-0.1121405900574869
lvx1=-7.160794280509128
lvy1=0.8996256577036468
lvz1=3.9355644293881245
avx1=0.6220374913486985
avy1=-6.076055118786873
avz1=1.4741238608671567
shx1=2.0
shy1=2.0
shz1=0.25
req1=1.0
rhos1=1.0
cex2=4.0
cey2=0.0
cez2=0.0
oriw2=-0.9214231222249103
orii2=0.2413401828844662
orij2=0.21861739873912242
orik2=-0.2119924029844699
lvx2=-4.895455795332552
lvy2=0.6150264156620974
lvz2=2.690536962665392
avx2=-2.547261068764407
avy2=-5.511769827728497
avz2=1.615633627421889
shx2=1.0
shy2=1.0
shz2=1.0
req2=1.0
rhos2=1.0
rhof=1.0
ndiv=2
tend=100.0
dt=0.05
tprint=1
logevery=100
nbody=2
impulse_scheme=1
energy_projection=0
impulse_pair_metric_correction=0
