cex1=-4.0
cey1=0.0
cez1=0.0
oriw1=0.6255294260206052
orii1=-0.21007821540063712
orij1=0.6023016956061058
orik1=-0.4492357377440331
lvx1=-1.5437554901483166
lvy1=5.334193801049418
lvz1=0.8646092926207116
avx1=-4.04371051980959
avy1=0.19354903627946013
avz1=-4.805139082991665
shx1=1.0003
shy1=1.0
shz1=0.9997000899730081
req1=1.0
rhos1=1.0
cex2=4.0
cey2=0.0
cez2=0.0
oriw2=0.1004769496924501
orii2=-0.7373600855745449
orij2=0.05049499391845487
orik2=-0.666074126784081
lvx2=-2.387315513174039
lvy2=8.248977051604596
lvz2=1.3370609466849888
avx2=-1.1904130456380007
avy2=2.080529297547686
avz2=-5.807988655909894
shx2=2.0
shy2=1.0
shz2=0.5
req2=1.0
rhos2=1.0
rhof=1.0
ndiv=2
tend=100.0
dt=0.05
tprint=1
logevery=100
nbody=2
impulse_scheme=1
energy_projection=0
impulse_pair_metric_correction=0
