cex1=-4.0
cey1=0.0
cez1=0.0
oriw1=0.10603967151141856
orii1=0.4369163859841627
orij1=0.09473008936686032
orik1=-0.8881924734497783
lvx1=2.2388033013803543
lvy1=7.577571181028221
lvz1=7.6366444717913184
avx1=-1.8244107208891907
avy1=0.46354398496910565
avz1=-5.994586733033477
shx1=2.0
shy1=2.0
shz1=0.25
req1=1.0
rhos1=1.0
cex2=4.0
cey2=0.0
cez2=0.0
oriw2=0.026995668930505742
orii2=0.6715637632732855
orij2=0.18807282134179612
orik2=0.71617173889351
lvx2=1.6466212812641565
lvy2=5.573240828831184
lvz2=5.61668874480703
avx2=0.07598171620440454
avy2=6.223472009802535
avz2=0.8608371079155833
shx2=2.0
shy2=2.0
shz2=0.25
req2=1.0
rhos2=1.0
rhof=1.0
ndiv=2
tend=100.0
dt=0.05
tprint=1
logevery=100
nbody=2
impulse_scheme=1
energy_projection=0
impulse_pair_metric_correction=0
