cex1=-1.5
cey1=0.0
cez1=0.0
oriw1=0.5052363975786055
orii1=-0.21848052613741945
orij1=-0.37925035048030864
orik1=-0.7437550765682696
lvx1=-6.415327863281672
lvy1=-3.7883270463605374
lvz1=3.613402762613525
avx1=5.815241295922525
avy1=-1.9533726982270088
avz1=-1.3585732870832121
shx1=1.0
shy1=0.8
shz1=0.6
req1=1.0
rhos1=4.0
cex2=1.5
cey2=0.0
cez2=0.0
oriw2=-0.474036629999798
orii2=-0.25084486170000175
orij2=0.6643956186728985
orik2=-0.5205233814781023
lvx2=-6.467285103686381
lvy2=-3.819008411876707
lvz2=3.6426674299878457
avx2=-5.778567304442818
avy2=1.5316918139770277
avz2=1.934036633411493
shx2=1.0
shy2=0.8
shz2=0.6
req2=1.0
rhos2=4.0
rhof=1.0
ndiv=2
tend=100.0
dt=0.05
tprint=1
logevery=100
nbody=2
impulse_scheme=1
energy_projection=0
impulse_pair_metric_correction=0
