cex1=-5.5
cey1=0.0
cez1=0.0
oriw1=0.24466634270277088
orii1=0.7759493030908182
orij1=0.18580977665546536
orik1=0.5509226685121696
lvx1=0.12890485930868578
lvy1=0.727431508264314
lvz1=-0.24835818476550603
avx1=2.0721661767655655
avy1=-5.625867302245785
avz1=1.8799367111017173
shx1=1.0
shy1=0.7
shz1=0.7
req1=1.0
rhos1=1.0
cex2=5.5
cey2=0.0
cez2=0.0
oriw2=-0.626728753218167
orii2=0.5047287069038947
orij2=0.3047598155510721
orik2=-0.5094913710181959
lvx2=0.12927026560121194
lvy2=0.7294935565992416
lvz2=-0.24906220511043628
avx2=-1.9140068402533532
avy2=-4.974036080416694
avz2=3.327756074374105
shx2=1.0
shy2=0.7
shz2=0.7
req2=1.0
rhos2=1.0
rhof=1.0
ndiv=2
tend=100.0
dt=0.05
tprint=1
logevery=100
nbody=2
impulse_scheme=1
energy_projection=0
impulse_pair_metric_correction=0
