cex1=-1.5
cey1=0.0
cez1=0.0
oriw1=-0.8118939304047895
orii1=-0.3915276443780107
orij1=-0.4013200476935761
orik1=-0.16271622162186083
lvx1=3.8558591021319564
lvy1=-9.317989457153276
lvz1=-1.0492515604333201
avx1=1.5040414285241634
avy1=0.99915754351528
avz1=6.018136022796173
shx1=1.0
shy1=0.8
shz1=0.6
req1=1.0
rhos1=10.0
cex2=1.5
cey2=0.0
cez2=0.0
oriw2=0.33148921917259194
orii2=0.4875905698356039
orij2=0.0858086733270767
orik2=-0.8031234060601044
lvx2=3.385647498270069
lvy2=-8.18168580824825
lvz2=-0.921298166386025
avx2=4.071979006839459
avy2=-4.451280437919643
avz2=1.7559917526030946
shx2=1.0
shy2=0.8
shz2=0.6
req2=1.0
rhos2=10.0
rhof=1.0
ndiv=2
tend=100.0
dt=0.05
tprint=1
logevery=100
nbody=2
impulse_scheme=1
energy_projection=0
impulse_pair_metric_correction=0
