cex1=-2.5
cey1=0.0
cez1=0.0
oriw1=-0.7079688833308442
orii1=-0.6488361668299706
orij1=0.2530172039468674
orik1=0.11736261481228694
lvx1=-0.6282015781283798
lvy1=-1.082161462391897
lvz1=0.2809142078877763
avx1=2.25898393296382
avy1=-5.045155270639104
avz1=-2.986941159465852
shx1=1.0
shy1=0.7
shz1=0.7
req1=1.0
rhos1=0.1
cex2=2.5
cey2=0.0
cez2=0.0
oriw2=0.8999822263040459
orii2=-0.29512241791514376
orij2=-0.07503121694664598
orik2=-0.31193760155556394
lvx2=-0.6161627375302693
lvy2=-1.0614229450103123
lvz2=0.2755307744672791
avx2=3.047562931001192
avy2=5.110868054854617
avz2=2.0173758974993836
shx2=1.0
shy2=0.7
shz2=0.7
req2=1.0
rhos2=0.1
rhof=1.0
ndiv=2
tend=100.0
dt=0.05
tprint=1
logevery=100
nbody=2
impulse_scheme=1
energy_projection=0
impulse_pair_metric_correction=0
