cex1=-5.5
cey1=0.0
cez1=0.0
oriw1=0.020384889320431178
orii1=-0.7566407919872433
orij1=0.5283902449918277
orik1=0.3845554799840813
lvx1=-0.01793081246038872
lvy1=0.6993736125347108
lvz1=0.30856824700161994
avx1=3.950465010969851
avy1=-1.8832521215978117
avz1=4.508392756621559
shx1=1.0
shy1=0.8
shz1=0.6
req1=1.0
rhos1=10.0
cex2=5.5
cey2=0.0
cez2=0.0
oriw2=0.48317259582834166
orii2=-0.6844448362809583
orij2=-0.28371353577758235
orik2=-0.4664612935125663
lvx2=-0.01852567924982978
lvy2=0.7225758035356701
lvz2=0.3188052065829445
avx2=-2.807803262083094
avy2=-2.8716244760228196
avz2=-4.832021452197789
shx2=1.0
shy2=0.8
shz2=0.6
req2=1.0
rhos2=10.0
rhof=1.0
ndiv=2
tend=100.0
dt=0.05
tprint=1
logevery=100
nbody=2
impulse_scheme=1
energy_projection=0
impulse_pair_metric_correction=0
