cex1=-5.5
cey1=0.0
cez1=0.0
oriw1=-0.27718631620448214
orii1=0.3101341345427972
orij1=-0.7747934964235551
orik1=0.4761088138232074
lvx1=0.966208846438507
lvy1=4.802030708412393
lvz1=-2.238472864713422
avx1=4.258572313206141
avy1=1.3625394626548921
avz1=-4.414347706089728
shx1=1.0
shy1=0.7
shz1=0.7
req1=1.0
rhos1=0.3
cex2=5.5
cey2=0.0
cez2=0.0
oriw2=0.4527138362716072
orii2=-0.1758673699183573
orij2=0.5252640806085366
orik2=0.6987263386109849
lvx2=0.9046930194477882
lvy2=4.496298783734123
lvz2=-2.0959555301053774
avx2=-5.488057109406918
avy2=-2.537673797048398
avz2=-1.708759335898298
shx2=1.0
shy2=0.7
shz2=0.7
req2=1.0
rhos2=0.3
rhof=1.0
ndiv=2
tend=100.0
dt=0.05
tprint=1
logevery=100
nbody=2
impulse_scheme=1
energy_projection=0
impulse_pair_metric_correction=0
