cex1=-4.0
cey1=0.0
cez1=0.0
oriw1=-0.6578262707433793
orii1=-0.24939030171983564
orij1=0.6615033545063822
orik1=0.2597737225062442
lvx1=-1.2846131628954296
lvy1=-0.3796114351402746
lvz1=1.2661758127649714
avx1=5.823910889277782
avy1=2.220111011943091
avz1=0.7947242620922906
shx1=1.0
shy1=0.8
shz1=0.6
req1=1.0
rhos1=10.0
cex2=4.0
cey2=0.0
cez2=0.0
oriw2=0.8448744223250437
orii2=-0.3975058865549816
orij2=0.31059256482626196
orik2=-0.17806891735984104
lvx2=-1.5680318652717127
lvy2=-0.4633634808628617
lvz2=1.5455267615169233
avx2=1.8081841992863046
avy2=1.4468674329328406
avz2=5.840844300041486
shx2=1.0
shy2=0.8
shz2=0.6
req2=1.0
rhos2=10.0
rhof=1.0
ndiv=2
tend=100.0
dt=0.05
tprint=1
logevery=100
nbody=2
impulse_scheme=1
energy_projection=0
impulse_pair_metric_correction=0
