cex1=-4.0
cey1=0.0
cez1=0.0
oriw1=-0.4874636476257363
orii1=0.3535546012270119
orij1=-0.6859343070800022
orik1=-0.40850026017776025
lvx1=-5.144562451656337
lvy1=-2.1377325462643864
lvz1=1.1127414425028155
avx1=-2.289697103021839
avy1=-5.605413866510239
avz1=-1.6778081433541656
shx1=1.0609
shy1=0.970873786407767
shz1=0.970873786407767
req1=1.0
rhos1=1.0
cex2=4.0
cey2=0.0
cez2=0.0
oriw2=0.46967529897279714
orii2=0.8136889134016241
orij2=-0.19385113998278494
orik2=-0.28237776341183896
lvx2=-5.174483142520413
lvy2=-2.1501655637013224
lvz2=1.1192131284869273
avx2=-0.3109631388556758
avy2=3.38144411259901
avz2=-5.286544735836437
shx2=1.0609
shy2=0.970873786407767
shz2=0.970873786407767
req2=1.0
rhos2=1.0
rhof=1.0
ndiv=2
tend=100.0
dt=0.05
tprint=1
logevery=100
nbody=2
impulse_scheme=1
energy_projection=0
impulse_pair_metric_correction=0
