cex1=-4.0
cey1=0.0
cez1=0.0
oriw1=0.06682262717912987
orii1=0.2307027629589511
orij1=0.6468895220361579
orik1=0.723771316052119
lvx1=2.7598413058582696
lvy1=3.589776568208105
lvz1=4.155856365678023
avx1=2.833273341219164
avy1=2.6855565305801097
avz1=4.923288118661425
shx1=1.3
shy1=1.0
shz1=0.7692307692307692
req1=1.0
rhos1=1.0
cex2=4.0
cey2=0.0
cez2=0.0
oriw2=-0.9361594124614182
orii2=0.1718019059815097
orij2=0.30650692089661985
orik2=0.011965241472109353
lvx2=2.523541222238452
lvy2=3.28241668434687
lvz2=3.8000282227202624
avx2=-0.1338091690461446
avy2=-5.876987301012325
avz2=-2.218452833480235
shx2=1.0
shy2=1.0
shz2=1.0
req2=1.0
rhos2=1.0
rhof=1.0
ndiv=2
tend=100.0
dt=0.05
tprint=1
logevery=100
nbody=2
impulse_scheme=1
energy_projection=0
impulse_pair_metric_correction=0
