cex1=-4.0
cey1=0.0
cez1=0.0
oriw1=0.6026585846238629
orii1=0.5362046091840345
orij1=-0.4734913752583643
orik1=0.35368512129421287
lvx1=-2.51648261237678
lvy1=-2.756200208450836
lvz1=-3.6824822873600986
avx1=-5.833898314347274
avy1=-2.0795307057507944
avz1=-1.0581115754272203
shx1=1.2100000000000002
shy1=0.9090909090909091
shz1=0.9090909090909091
req1=1.0
rhos1=1.0
cex2=4.0
cey2=0.0
cez2=0.0
oriw2=0.2412353951559543
orii2=0.5661080268609473
orij2=-0.6026034514507161
orik2=-0.5081301667360834
lvx2=-6.174463112514776
lvy2=-6.762636242382747
lvz2=-9.035369818954912
avx2=3.8029763404188257
avy2=-3.725481985071755
avz2=3.337150361832366
shx2=4.0
shy2=0.5
shz2=0.5
req2=1.0
rhos2=1.0
rhof=1.0
ndiv=2
tend=100.0
dt=0.05
tprint=1
logevery=100
nbody=2
impulse_scheme=1
energy_projection=0
impulse_pair_metric_correction=0
