cex1=-1.5
cey1=0.0
cez1=0.0
oriw1=-0.3327606317829229
orii1=-0.11754077126761545
orij1=-0.279746568855095
orik1=-0.8928585477213318
lvx1=0.26173827117570597
lvy1=-0.34077227052906484
lvz1=1.2346474782490644
avx1=-0.8881672866069659
avy1=4.278984310530504
avz1=4.514406909616416
shx1=1.0
shy1=0.7
shz1=0.7
req1=1.0
rhos1=1.0
cex2=1.5
cey2=0.0
cez2=0.0
oriw2=0.8063596822144156
orii2=-0.5767681952013043
orij2=-0.05314507884363261
orik2=0.11957471512824511
lvx2=0.23044954603895118
lvy2=-0.30003566040736773
lvz2=1.0870552082527918
avx2=-5.151599947343669
avy2=3.090985501638695
avz2=1.8399033169016052
shx2=1.0
shy2=0.7
shz2=0.7
req2=1.0
rhos2=1.0
rhof=1.0
ndiv=2
tend=100.0
dt=0.05
tprint=1
logevery=100
nbody=2
impulse_scheme=1
energy_projection=0
impulse_pair_metric_correction=0
