cex1=-5.5
cey1=0.0
cez1=0.0
oriw1=1.0
orii1=1.0
orij1=1.0
orik1=0.0
lvx1=-2.470672782003896
lvy1=-1.4330026417119595
lvz1=0.4311071355042214
avx1=-6.251165484684625
avy1=0.15683563286585878
avz1=-0.6137998629102404
shx1=1.0
shy1=0.7
shz1=0.7
req1=1.0
rhos1=0.03
cex2=5.5
cey2=0.0
cez2=0.0
oriw2=1.0
orii2=-1.0
orij2=0.0
orik2=1.0
lvx2=-2.4943731308671837
lvy2=-1.4467489632718062
lvz2=0.43524260402248294
avx2=-6.13245000651255
avy2=0.24277958108443784
avz2=-1.3463033079474025
shx2=1.0
shy2=0.7
shz2=0.7
req2=1.0
rhos2=0.03
rhof=1.0
ndiv=2
tend=100.0
dt=0.05
tprint=1
logevery=100
nbody=2
impulse_scheme=1
energy_projection=0
impulse_pair_metric_correction=0
