cex1=-4.0
cey1=0.0
cez1=0.0
oriw1=0.4984621906330816
orii1=-0.3577200272853558
orij1=0.1827435451476309
orik1=0.7682295381558233
lvx1=0.9591133787931163
lvy1=-4.8659526809264415
lvz1=-2.644933115520986
avx1=-3.5791300763406513
avy1=0.9890535706629597
avz1=5.068532187463156
shx1=1.001
shy1=1.0
shz1=0.9990009990009991
req1=1.0
rhos1=1.0
cex2=4.0
cey2=0.0
cez2=0.0
oriw2=0.7109385219030946
orii2=0.39296556959891016
orij2=0.39743748268628926
orik2=0.42683477662912245
lvx2=0.9588902222973956
lvy2=-4.864820521817178
lvz2=-2.644317720075019
avx2=-3.80889270974291
avy2=3.997766629238223
avz2=-2.9981020509939285
shx2=1.001
shy2=1.0
shz2=0.9990009990009991
req2=1.0
rhos2=1.0
rhof=1.0
ndiv=2
tend=100.0
dt=0.05
tprint=1
logevery=100
nbody=2
impulse_scheme=1
energy_projection=0
impulse_pair_metric_correction=0
