cex1=-4.0
cey1=0.0
cez1=0.0
oriw1=0.4366527081775872
orii1=0.6177302759990303
orij1=0.3999144261863003
orik1=-0.5175057200489892
lvx1=0.5335746910289667
lvy1=-2.495209986090023
lvz1=-4.989937136539676
avx1=5.424462016356945
avy1=-0.9826238142944476
avz1=-3.0146442372259457
shx1=1.03
shy1=1.03
shz1=0.9425959091337544
req1=1.0
rhos1=1.0
cex2=4.0
cey2=0.0
cez2=0.0
oriw2=0.29947483512532724
orii2=-0.7928237088694357
orij2=-0.521349032955008
orik2=-0.09970243536668563
lvx2=0.5350377246616633
lvy2=-2.502051720137135
lvz2=-5.003619280724066
avx2=-1.4989143819398267
avy2=4.756951314844311
avz2=3.8213986272269933
shx2=1.0
shy2=1.0
shz2=1.0
req2=1.0
rhos2=1.0
rhof=1.0
ndiv=2
tend=100.0
dt=0.05
tprint=1
logevery=100
nbody=2
impulse_scheme=1
energy_projection=0
impulse_pair_metric_correction=0
