cex1=-4.0
cey1=0.0
cez1=0.0
oriw1=-0.531230604902513
orii1=-0.31781698950063164
orij1=0.2468080387423827
orik1=0.7455683721911788
lvx1=-0.9558287873726333
lvy1=1.837428511142237
lvz1=0.19592992882256782
avx1=3.1377566139120447
avy1=-4.482193341618524
avz1=3.089149378803043
shx1=1.0
shy1=0.7
shz1=0.7
req1=1.0
rhos1=0.3
cex2=4.0
cey2=0.0
cez2=0.0
oriw2=0.47445074473023724
orii2=0.33778180894669196
orij2=-0.19944098134321847
orik2=-0.788050274621155
lvx2=-0.8476478107634343
lvy2=1.6294678246563834
lvz2=0.17375452321958407
avx2=5.689790331649872
avy2=-1.6262005898137695
avz2=-2.1119126941969957
shx2=1.0
shy2=0.7
shz2=0.7
req2=1.0
rhos2=0.3
rhof=1.0
ndiv=2
tend=100.0
dt=0.05
tprint=1
logevery=100
nbody=2
impulse_scheme=1
energy_projection=0
impulse_pair_metric_correction=0
