cex1=-4.0
cey1=0.0
cez1=0.0
oriw1=1.0
orii1=2.0
orij1=0.0
orik1=0.0
lvx1=-4.917582071017997
lvy1=1.6988669159014342
lvz1=6.58710023906865
avx1=1.1383897216230698
avy1=5.952814302926469
avz1=-1.6572532458663154
shx1=1.0
shy1=0.8
shz1=0.6
req1=1.0
rhos1=0.1
cex2=4.0
cey2=0.0
cez2=0.0
oriw2=1.0
orii2=0.0
orij2=1.0
orik2=0.0
lvx2=-4.605370049569835
lvy2=1.5910076740372328
lvz2=6.168892296339682
avx2=4.22126377895025
avy2=4.623529130700658
avz2=0.5313455471183659
shx2=1.0
shy2=0.8
shz2=0.6
req2=1.0
rhos2=0.1
rhof=1.0
ndiv=2
tend=100.0
dt=0.05
tprint=1
logevery=100
nbody=2
impulse_scheme=1
energy_projection=1
