cex1=-4.0
cey1=0.0
cez1=0.0
oriw1=-0.10179517252608161
orii1=0.03876598798162268
orij1=0.9922225989246688
orik1=-0.060243300120178846
lvx1=3.341355456074515
lvy1=-2.859952288447685
lvz1=3.4983925890971497
avx1=-4.228675511034826
avy1=4.537338916753759
avz1=-1.0046275833579386
shx1=1.0
shy1=1.0
shz1=1.0
req1=1.0
rhos1=1.0
cex2=4.0
cey2=0.0
cez2=0.0
oriw2=0.24771000094131737
orii2=0.06702087795987259
orij2=-0.9642212770334274
orik2=0.06652282515924075
lvx2=3.341355456074516
lvy2=-2.8599522884476856
lvz2=3.49839258909715
avx2=-0.5781230392977962
avy2=6.029654577203643
avz2=1.6695679187734986
shx2=1.0
shy2=1.0
shz2=1.0
req2=1.0
rhos2=1.0
rhof=1.0
ndiv=2
tend=100.0
dt=0.05
tprint=1
logevery=100
nbody=2
impulse_scheme=1
energy_projection=0
impulse_pair_metric_correction=0
