cex1=-1.5
cey1=0.0
cez1=0.0
oriw1=-0.6760547580512626
orii1=0.2788219011154248
orij1=-0.10239879845627875
orik1=0.6743313708032124
lvx1=0.7516659149781749
lvy1=-0.5475224659032134
lvz1=0.5216600071688977
avx1=6.25571241640672
avy1=0.5082471447066675
avz1=-0.29353808521170704
shx1=1.0
shy1=0.7
shz1=0.7
req1=1.0
rhos1=0.03
cex2=1.5
cey2=0.0
cez2=0.0
oriw2=0.21949690165416624
orii2=-0.2511944436214571
orij2=0.4239437592547478
orik2=0.8420179039942561
lvx2=0.8441352576354999
lvy2=-0.614878243920177
lvz2=0.5858342060946585
avx2=4.385353312472507
avy2=1.1691956550550566
avz2=4.345120878565315
shx2=1.0
shy2=0.7
shz2=0.7
req2=1.0
rhos2=0.03
rhof=1.0
ndiv=2
tend=100.0
dt=0.05
tprint=1
logevery=100
nbody=2
impulse_scheme=1
energy_projection=0
impulse_pair_metric_correction=0
