cex1=-1.5
cey1=0.0
cez1=0.0
oriw1=0.019983914797452297
orii1=0.39192342640940814
orij1=0.8846111367486066
orik1=-0.2519123016472507
lvx1=-1.0686644575123787
lvy1=-1.1110339851050086
lvz1=-1.5313144421435925
avx1=-0.5110320152481018
avy1=-6.032897336391406
avz1=1.6797064065813332
shx1=1.0
shy1=0.7
shz1=0.7
req1=1.0
rhos1=10.0
cex2=1.5
cey2=0.0
cez2=0.0
oriw2=-0.32010792345162475
orii2=0.34103650151207104
orij2=0.5865013510841341
orik2=-0.6612421547030869
lvx2=-1.066834030371013
lvy2=-1.1091309866970238
lvz2=-1.5286915800308303
avx2=0.8093395330621354
avy2=-5.725396101593826
avz2=2.4582975012057466
shx2=1.0
shy2=0.7
shz2=0.7
req2=1.0
rhos2=10.0
rhof=1.0
ndiv=2
tend=100.0
dt=0.05
tprint=1
logevery=100
nbody=2
impulse_scheme=1
energy_projection=0
impulse_pair_metric_correction=0
