cex1=-5.5
cey1=0.0
cez1=0.0
oriw1=0.9081197070349544
orii1=0.39504426727870773
orij1=-0.0632879297595051
orik1=0.1235040992507275
lvx1=0.17629526924548072
lvy1=-6.303801924229907
lvz1=5.876999946352211
avx1=-4.943189017863086
avy1=3.56155795055541
avz1=-1.5357750170095732
shx1=1.0
shy1=0.8
shz1=0.6
req1=1.0
rhos1=0.3
cex2=5.5
cey2=0.0
cez2=0.0
oriw2=-0.6187133567342828
orii2=0.5024757052867179
orij2=0.550315984078603
orik2=0.24872528110911868
lvx2=0.19700391783898197
lvy2=-7.04428247944061
lvz2=6.567345905117372
avx2=0.08690046032593597
avy2=-5.296435812911736
avz2=-3.3791468737032693
shx2=1.0
shy2=0.8
shz2=0.6
req2=1.0
rhos2=0.3
rhof=1.0
ndiv=2
tend=100.0
dt=0.05
tprint=1
logevery=100
nbody=2
impulse_scheme=1
energy_projection=0
impulse_pair_metric_correction=0
