cex1=-5.5
cey1=0.0
cez1=0.0
oriw1=-0.7067286198393382
orii1=-0.7059619689960311
orij1=-0.04138897633180594
orik1=-0.020959696310682435
lvx1=-1.5025320161204723
lvy1=-0.6870327699305675
lvz1=-2.940273956278597
avx1=4.154967504866546
avy1=-2.2328524434712658
avz1=-4.150786986047936
shx1=1.0
shy1=0.8
shz1=0.6
req1=1.0
rhos1=0.1
cex2=5.5
cey2=0.0
cez2=0.0
oriw2=-0.17932380364041442
orii2=0.31742257488058195
orij2=-0.8239964218578306
orik2=-0.4337231595956198
lvx2=-1.591495984052561
lvy2=-0.7277115445966885
lvz2=-3.1143657128278646
avx2=2.764250982384503
avy2=-2.0510076854251924
avz2=5.256491375915168
shx2=1.0
shy2=0.8
shz2=0.6
req2=1.0
rhos2=0.1
rhof=1.0
ndiv=2
tend=100.0
dt=0.05
tprint=1
logevery=100
nbody=2
impulse_scheme=1
energy_projection=0
impulse_pair_metric_correction=0
