cex1=-4.0
cey1=0.0
cez1=0.0
oriw1=0.07471873982726286
orii1=0.8386634870053294
orij1=-0.13429053665045054
orik1=0.5225195855169654
lvx1=-0.7989354137317578
lvy1=0.04324015004956762
lvz1=-6.438479889300508
avx1=0.8462931751915129
avy1=-4.509073780421013
avz1=4.293071057960892
shx1=1.3
shy1=1.3
shz1=0.5917159763313609
req1=1.0
rhos1=1.0
cex2=4.0
cey2=0.0
cez2=0.0
oriw2=0.24255330569138583
orii2=-0.4832102458630123
orij2=0.7712066603594989
orik2=0.33602981892733397
lvx2=-0.6989389364579026
lvy2=0.03782811973092986
lvz2=-5.632625877996441
avx2=6.282550590353937
avy2=-0.08915993895591687
avz2=0.005117546893720201
shx2=1.3
shy2=1.3
shz2=0.5917159763313609
req2=1.0
rhos2=1.0
rhof=1.0
ndiv=2
tend=100.0
dt=0.05
tprint=1
logevery=100
nbody=2
impulse_scheme=1
energy_projection=0
impulse_pair_metric_correction=0
