cex1=-4.0
cey1=0.0
cez1=0.0
oriw1=0.2821022258459312
orii1=-0.18702352902853878
orij1=0.9283408947463004
orik1=-0.15370008752151285
lvx1=-5.058705103489398
lvy1=-1.8831655196920616
lvz1=-1.563945134862217
avx1=-3.852521149445639
avy1=-1.8145602243227508
avz1=-4.619942595935285
shx1=1.0
shy1=1.0
shz1=1.0
req1=1.0
rhos1=1.0
cex2=4.0
cey2=0.0
cez2=0.0
oriw2=-0.11456208847504724
orii2=0.1871272795059086
orij2=0.32933877990697846
orik2=0.9183653288307088
lvx2=-5.058705103489397
lvy2=-1.8831655196920614
lvz2=-1.5639451348622169
avx2=-0.4675637369151733
avy2=-4.39663339278651
avz2=4.464237512242592
shx2=1.0
shy2=1.0
shz2=1.0
req2=1.0
rhos2=1.0
rhof=1.0
ndiv=2
tend=100.0
dt=0.05
tprint=1
logevery=100
nbody=2
impulse_scheme=1
energy_projection=0
impulse_pair_metric_correction=0
