cex1=-4.0
cey1=0.0
cez1=0.0
oriw1=0.5459114029921722
orii1=0.3863857266059591
orij1=-0.4204161991831738
orik1=-0.6131370400022146
lvx1=1.0056250178847563
lvy1=2.709467379172371
lvz1=-1.250291501332069
avx1=-5.2761724549288145
avy1=-2.185349451786705
avz1=-2.620051450598523
shx1=1.0
shy1=0.8
shz1=0.6
req1=1.0
rhos1=4.0
cex2=4.0
cey2=0.0
cez2=0.0
oriw2=-0.21991828863722396
orii2=-0.029691074956236265
orij2=0.2856202137475681
orik2=-0.9322958113654761
lvx2=1.063688030205475
lvy2=2.865907239976927
lvz2=-1.3224811242583485
avx2=-3.0983905997144734
avy2=5.207422144347476
avz2=1.6616702159327355
shx2=1.0
shy2=0.8
shz2=0.6
req2=1.0
rhos2=4.0
rhof=1.0
ndiv=2
tend=100.0
dt=0.05
tprint=1
logevery=100
nbody=2
impulse_scheme=1
energy_projection=0
impulse_pair_metric_correction=0
