cex1=-4.0
cey1=0.0
cez1=0.0
oriw1=-0.46400824751205244
orii1=-0.711905585713122
orij1=0.5170086359257048
orik1=-0.10290215570867657
lvx1=2.0068962708772453
lvy1=0.7923377190456232
lvz1=0.21568673441172503
avx1=-0.8569078322752656
avy1=-6.082723902734491
avz1=-1.3208317434273054
shx1=1.0
shy1=0.7
shz1=0.7
req1=1.0
rhos1=10.0
cex2=4.0
cey2=0.0
cez2=0.0
oriw2=0.07211199089860494
orii2=-0.4367762349790926
orij2=-0.6998828723010846
orik2=0.5605268471587349
lvx2=1.9088226379699869
lvy2=0.7536175122646879
lvz2=0.2051464878027588
avx2=-3.4149188214339237
avy2=4.214595513633884
avz2=3.170793544813492
shx2=1.0
shy2=0.7
shz2=0.7
req2=1.0
rhos2=10.0
rhof=1.0
ndiv=2
tend=100.0
dt=0.05
tprint=1
logevery=100
nbody=2
impulse_scheme=1
energy_projection=0
impulse_pair_metric_correction=0
