cex1=-5.5
cey1=0.0
cez1=0.0
oriw1=-0.9057770801278597
orii1=-0.1279769124827405
orij1=0.12052136081280243
orik1=-0.3855702174368036
lvx1=-0.897059577874278
lvy1=5.314319353226196
lvz1=1.7966765770483937
avx1=2.678287448738972
avy1=-1.7824935386811562
avz1=5.397027953498541
shx1=1.0
shy1=0.7
shz1=0.7
req1=1.0
rhos1=0.1
cex2=5.5
cey2=0.0
cez2=0.0
oriw2=0.0004752721134215528
orii2=-0.327099077761328
orij2=-0.7385917630252727
orik2=0.589481276238123
lvx2=-0.8173228265655748
lvy2=4.841946535305496
lvz2=1.6369757534467333
avx2=5.054465681608593
avy2=2.736606749479193
avz2=-2.5380657549605257
shx2=1.0
shy2=0.7
shz2=0.7
req2=1.0
rhos2=0.1
rhof=1.0
ndiv=2
tend=100.0
dt=0.05
tprint=1
logevery=100
nbody=2
impulse_scheme=1
energy_projection=0
impulse_pair_metric_correction=0
