cex1=-4.0
cey1=0.0
cez1=0.0
oriw1=0.37518402320456135
orii1=0.27043958823354236
orij1=-0.568175566707074
orik1=0.6806437417953731
lvx1=1.0074201902503863
lvy1=-0.7900277088554666
lvz1=0.2776665063825673
avx1=0.5563574102015565
avy1=-1.539334563128018
avz1=-6.066245390621016
shx1=1.0
shy1=0.7
shz1=0.7
req1=1.0
rhos1=4.0
cex2=4.0
cey2=0.0
cez2=0.0
oriw2=0.35128341528777335
orii2=0.07770327666097777
orij2=-0.6709095849125601
orik2=0.6484153698150296
lvx2=0.955256395386863
lvy2=-0.7491204054878488
lvz2=0.26328905115625156
avx2=-3.4515896026743076
avy2=-3.433533467111501
avz2=3.9718754700132934
shx2=1.0
shy2=0.7
shz2=0.7
req2=1.0
rhos2=4.0
rhof=1.0
ndiv=2
tend=100.0
dt=0.05
tprint=1
logevery=100
nbody=2
impulse_scheme=1
energy_projection=0
impulse_pair_metric_correction=0
