cex1=-4.0
cey1=0.0
cez1=0.0
oriw1=0.9552961117614539
orii1=-0.11274837722631409
orij1=-0.2015322016346412
orik1=0.1846128760151226
lvx1=0.4642201228009644
lvy1=3.298671861371653
lvz1=-4.525103300814239
avx1=-6.004513415767905
avy1=1.8424297876446734
avz1=0.17230415497105392
shx1=1.0003
shy1=1.0003
shz1=0.9994002698920407
req1=1.0
rhos1=1.0
cex2=4.0
cey2=0.0
cez2=0.0
oriw2=0.16207177914910625
orii2=0.9168483076252889
orij2=0.2908317942525121
orik2=-0.22031519843159114
lvx2=0.8413868547055275
lvy2=5.9787566411357576
lvz2=-8.201631610704885
avx2=-1.7765411966261468
avy2=-3.3466265517725753
avz2=-5.0122260228383935
shx2=2.0
shy2=2.0
shz2=0.25
req2=1.0
rhos2=1.0
rhof=1.0
ndiv=2
tend=100.0
dt=0.05
tprint=1
logevery=100
nbody=2
impulse_scheme=1
energy_projection=0
impulse_pair_metric_correction=0
