cex1=-1.5
cey1=0.0
cez1=0.0
oriw1=1.0
orii1=1.0
orij1=1.0
orik1=0.0
lvx1=-1.4695908511115612
lvy1=-3.109318679067083
lvz1=1.2129521911052057
avx1=1.3816037833942645
avy1=2.9135885758423994
avz1=-5.3926422281464905
shx1=1.0
shy1=0.8
shz1=0.6
req1=1.0
rhos1=0.3
cex2=1.5
cey2=0.0
cez2=0.0
oriw2=1.0
orii2=-1.0
orij2=0.0
orik2=1.0
lvx2=-1.3165998108500407
lvy2=-2.7856245713804135
lvz2=1.0866783936300002
avx2=3.9158733285119953
avy2=4.572136168506993
avz2=1.7999790376657228
shx2=1.0
shy2=0.8
shz2=0.6
req2=1.0
rhos2=0.3
rhof=1.0
ndiv=2
tend=100.0
dt=0.05
tprint=1
logevery=100
nbody=2
impulse_scheme=1
energy_projection=0
impulse_pair_metric_correction=0
