cex1=-4.0
cey1=0.0
cez1=0.0
oriw1=0.5947065093074675
orii1=0.10209088138410286
orij1=0.5389563144833593
orik1=0.5877309850637946
lvx1=0.43184961327101823
lvy1=-2.0802373858996956
lvz1=-5.2022355658192945
avx1=-3.730081075097709
avy1=-3.248098036992768
avz1=3.874889923551259
shx1=1.0201
shy1=0.9900990099009901
shz1=0.9900990099009901
req1=1.0
rhos1=1.0
cex2=4.0
cey2=0.0
cez2=0.0
oriw2=0.1561084093719187
orii2=-0.4616506530200722
orij2=0.09006882370224184
orik2=-0.8685599841613731
lvx2=0.43021449051978705
lvy2=-2.0723609322150844
lvz2=-5.1825382140803296
avx2=-4.879272601688666
avy2=3.8697651841516687
avz2=0.8342864629702089
shx2=1.0201
shy2=0.9900990099009901
shz2=0.9900990099009901
req2=1.0
rhos2=1.0
rhof=1.0
ndiv=2
tend=100.0
dt=0.05
tprint=1
logevery=100
nbody=2
impulse_scheme=1
energy_projection=0
impulse_pair_metric_correction=0
