cex1=-2.5
cey1=0.0
cez1=0.0
oriw1=-0.23974071515613823
orii1=-0.564230315232193
orij1=0.27606800260570263
orik1=0.7402398251963356
lvx1=5.437418175022919
lvy1=-2.076622968806906
lvz1=-1.270831005577712
avx1=-1.081697456883561
avy1=-3.8540234265916116
avz1=4.8430209212238715
shx1=1.0
shy1=0.8
shz1=0.6
req1=1.0
rhos1=0.1
cex2=2.5
cey2=0.0
cez2=0.0
oriw2=-0.5662794106117183
orii2=0.5729588213866199
orij2=0.590296297477437
orik2=0.05095193123847007
lvx2=4.496647172478316
lvy2=-1.7173298982011336
lvz2=-1.0509544169654945
avx2=6.0427937046153115
avy2=1.2711701988071082
avz2=1.1606843556642317
shx2=1.0
shy2=0.8
shz2=0.6
req2=1.0
rhos2=0.1
rhof=1.0
ndiv=2
tend=100.0
dt=0.05
tprint=1
logevery=100
nbody=2
impulse_scheme=1
energy_projection=0
impulse_pair_metric_correction=0
