cex1=-4.0
cey1=0.0
cez1=0.0
oriw1=0.041284935763726084
orii1=-0.020749563549450047
orij1=-0.9365057993214485
orik1=-0.3475944440418851
lvx1=-1.8663413288918254
lvy1=3.8604722132141456
lvz1=-4.454574567707849
avx1=-0.4104233810394114
avy1=-0.8151817038748806
avz1=-6.216546391873968
shx1=1.0
shy1=0.8
shz1=0.6
req1=1.0
rhos1=1.0
cex2=4.0
cey2=0.0
cez2=0.0
oriw2=-0.9334221452195494
orii2=-0.07239838395340827
orij2=0.32486970887569017
orik2=0.13394493297506133
lvx2=-1.7047934531517155
lvy2=3.526315177872293
lvz2=-4.068992869655643
avx2=3.520645718302941
avy2=3.2927115586577904
avz2=-4.030077160803994
shx2=1.0
shy2=0.8
shz2=0.6
req2=1.0
rhos2=1.0
rhof=1.0
ndiv=2
tend=100.0
dt=0.05
tprint=1
logevery=100
nbody=2
impulse_scheme=1
energy_projection=0
impulse_pair_metric_correction=0
