cex1=-4.0
cey1=0.0
cez1=0.0
oriw1=0.4153859959035872
orii1=0.8894596151590942
orij1=-0.06813732323727806
orik1=-0.1779701452218316
lvx1=-5.092940458187557
lvy1=2.2826892670625467
lvz1=0.6610972974547304
avx1=2.50022683794008
avy1=-4.342434163547595
avz1=-3.7908506826906647
shx1=1.001
shy1=1.001
shz1=0.9980029960049943
req1=1.0
rhos1=1.0
cex2=4.0
cey2=0.0
cez2=0.0
oriw2=0.536495750725642
orii2=-0.1325066714855758
orij2=0.7467489043198428
orik2=-0.3701085859072413
lvx2=-5.090270684801814
lvy2=2.281492657146692
lvz2=0.6607507432421648
avx2=-5.2553616907706235
avy2=3.362156339436539
avz2=-0.7453159415473805
shx2=1.001
shy2=1.001
shz2=0.9980029960049943
req2=1.0
rhos2=1.0
rhof=1.0
ndiv=2
tend=100.0
dt=0.05
tprint=1
logevery=100
nbody=2
impulse_scheme=1
energy_projection=0
impulse_pair_metric_correction=0
