cex1=-4.0
cey1=0.0
cez1=0.0
oriw1=-0.06788272053261707
orii1=0.4164215406078987
orij1=-0.3702125266548442
orik1=0.8276036019004938
lvx1=1.0592079664016367
lvy1=3.840544175392546
lvz1=3.9637145462628434
avx1=-3.151025577880729
avy1=4.412704831007458
avz1=3.1745064949220527
shx1=1.0
shy1=1.0
shz1=1.0
req1=1.0
rhos1=1.0
cex2=4.0
cey2=0.0
cez2=0.0
oriw2=-0.17978122151328252
orii2=-0.4465345843609653
orij2=0.3667574756800889
orik2=-0.7960995737930908
lvx2=1.0592079664016367
lvy2=3.840544175392546
lvz2=3.9637145462628434
avx2=-5.88808175646947
avy2=1.1018311387839392
avz2=-1.8960166072835245
shx2=1.0
shy2=1.0
shz2=1.0
req2=1.0
rhos2=1.0
rhof=1.0
ndiv=2
tend=100.0
dt=0.05
tprint=1
logevery=100
nbody=2
impulse_scheme=1
energy_projection=0
impulse_pair_metric_correction=0
