cex1=-2.5
cey1=0.0
cez1=0.0
oriw1=0.44469830412271827
orii1=0.17734755734459065
orij1=-0.5067719659370025
orik1=-0.7169194074333817
lvx1=-0.4261040306920772
lvy1=0.16163680073321623
lvz1=0.650575469324542
avx1=-0.02797498520177716
avy1=-5.593096607457801
avz1=2.8626745089521504
shx1=1.0
shy1=0.7
shz1=0.7
req1=1.0
rhos1=1.0
cex2=2.5
cey2=0.0
cez2=0.0
oriw2=-0.8166196776862253
orii2=0.36654073837839257
orij2=-0.2117039946569054
orik2=0.39237941812864896
lvx2=-0.39067063608576513
lvy2=0.1481956217469965
lvz2=0.596475776138533
avx2=-4.2878299359527325
avy2=1.4902851988968864
avz2=4.344189460722666
shx2=1.0
shy2=0.7
shz2=0.7
req2=1.0
rhos2=1.0
rhof=1.0
ndiv=2
tend=100.0
dt=0.05
tprint=1
logevery=100
nbody=2
impulse_scheme=1
energy_projection=0
impulse_pair_metric_correction=0
