cex1=-4.0
cey1=0.0
cez1=0.0
oriw1=-0.43879293420103327
orii1=0.47289982311384304
orij1=0.4607812750794539
orik1=-0.609513851139001
lvx1=3.0734191247242286
lvy1=4.769694037980793
lvz1=2.9763570869735756
avx1=1.4824391055108608
avy1=-4.559613528594932
avz1=4.060876306003874
shx1=1.3
shy1=1.3
shz1=0.5917159763313609
req1=1.0
rhos1=1.0
cex2=4.0
cey2=0.0
cez2=0.0
oriw2=0.0011979464973152936
orii2=-0.8525429793107562
orij2=0.5078245189151617
orik2=-0.12362560956660108
lvx2=4.005628757060732
lvy2=6.2164068178079335
lvz2=3.87912648911255
avx2=-1.6488543093618175
avy2=5.763186602624945
avz2=1.8829172191524381
shx2=2.0
shy2=2.0
shz2=0.25
req2=1.0
rhos2=1.0
rhof=1.0
ndiv=2
tend=100.0
dt=0.05
tprint=1
logevery=100
nbody=2
impulse_scheme=1
energy_projection=0
impulse_pair_metric_correction=0
