cex1=-2.5
cey1=0.0
cez1=0.0
oriw1=0.08886827841280662
orii1=-0.3583005371769026
orij1=-0.09379146084103557
orik1=-0.9246222558558665
lvx1=4.944918888101949
lvy1=-2.2679153497588254
lvz1=-1.7520156592331433
avx1=-2.421694697633575
avy1=3.6276225695610997
avz1=-4.522628316435234
shx1=1.0
shy1=0.7
shz1=0.7
req1=1.0
rhos1=0.03
cex2=2.5
cey2=0.0
cez2=0.0
oriw2=0.5312160002208164
orii2=0.8084008495739865
orij2=0.12416102839766495
orik2=-0.2210919866134655
lvx2=5.062872052166166
lvy2=-2.3220128582088657
lvz2=-1.79380720226408
avx2=0.7613447264752158
avy2=-4.102245219394532
avz2=4.697909744958977
shx2=1.0
shy2=0.7
shz2=0.7
req2=1.0
rhos2=0.03
rhof=1.0
ndiv=2
tend=100.0
dt=0.05
tprint=1
logevery=100
nbody=2
impulse_scheme=1
energy_projection=0
impulse_pair_metric_correction=0
