cex1=-1.5
cey1=0.0
cez1=0.0
oriw1=-0.14847580675986943
orii1=0.2998427869912911
orij1=0.9368262906854946
orik1=0.10200852403970201
lvx1=2.0932777968178446
lvy1=0.5349693282072123
lvz1=-0.2327744967699516
avx1=0.4909903691592027
avy1=4.217858021120894
avz1=4.6310927193715825
shx1=1.0
shy1=0.7
shz1=0.7
req1=1.0
rhos1=1.0
cex2=1.5
cey2=0.0
cez2=0.0
oriw2=0.454615618000958
orii2=0.010458821620509085
orij2=0.1440759897757204
orik2=0.8788955353681484
lvx2=2.093902247942689
lvy2=0.5351289162940223
lvz2=-0.23284393633337885
avx2=-0.4151999918098473
avy2=0.2782708044167359
avz2=-6.263273260090749
shx2=1.0
shy2=0.7
shz2=0.7
req2=1.0
rhos2=1.0
rhof=1.0
ndiv=2
tend=100.0
dt=0.05
tprint=1
logevery=100
nbody=2
impulse_scheme=1
energy_projection=0
impulse_pair_metric_correction=0
