cex1=-4.0
cey1=0.0
cez1=0.0
oriw1=1.0
orii1=1.0
orij1=1.0
orik1=0.0
lvx1=0.9988189712214186
lvy1=0.1893366645388443
lvz1=1.6265796623964786
avx1=-5.227567889149357
avy1=-2.767111619266488
avz1=2.1199162377821357
shx1=1.0
shy1=0.8
shz1=0.6
req1=1.0
rhos1=0.03
cex2=4.0
cey2=0.0
cez2=0.0
oriw2=1.0
orii2=-1.0
orij2=0.0
orik2=1.0
lvx2=1.1140356319236115
lvy2=0.2111771970729636
lvz2=1.8142103366899864
avx2=1.8797337508062937
avy2=-4.767630863618339
avz2=-3.6352048881336785
shx2=1.0
shy2=0.8
shz2=0.6
req2=1.0
rhos2=0.03
rhof=1.0
ndiv=2
tend=100.0
dt=0.05
tprint=1
logevery=100
nbody=2
impulse_scheme=1
energy_projection=1
