cex1=-1.5
cey1=0.0
cez1=0.0
oriw1=0.17918168219159314
orii1=-0.6534812178663822
orij1=-0.5269370423651928
orik1=0.5130239527022923
lvx1=-1.613334209278028
lvy1=-6.025495613376852
lvz1=7.412790764539758
avx1=-1.5703050004982875
avy1=4.482697082911192
avz1=4.113148024643291
shx1=1.0
shy1=0.8
shz1=0.6
req1=1.0
rhos1=1.0
cex2=1.5
cey2=0.0
cez2=0.0
oriw2=0.6341570040865502
orii2=-0.5281182220554679
orij2=0.46022794904902214
orik2=-0.3273015010889399
lvx2=-1.5968748264714794
lvy2=-5.964022957352202
lvz2=7.337164796803656
avx2=-0.7394437423335142
avy2=5.352822820181335
avz2=-3.2060767944681525
shx2=1.0
shy2=0.8
shz2=0.6
req2=1.0
rhos2=1.0
rhof=1.0
ndiv=2
tend=100.0
dt=0.05
tprint=1
logevery=100
nbody=2
impulse_scheme=1
energy_projection=0
impulse_pair_metric_correction=0
