cex1=-4.0
cey1=0.0
cez1=0.0
oriw1=0.027152917660023212
orii1=0.9464754732350696
orij1=0.3178144474718091
orik1=0.049405208279974605
lvx1=-0.7223715123575112
lvy1=0.015180810466205933
lvz1=2.051734987677292
avx1=-0.10010666685171057
avy1=0.3012533211169113
avz1=6.275160770540091
shx1=1.0
shy1=0.7
shz1=0.7
req1=1.0
rhos1=4.0
cex2=4.0
cey2=0.0
cez2=0.0
oriw2=-0.580642893793082
orii2=0.02688602397072173
orij2=-0.7324877734001979
orik2=0.35439050977962416
lvx2=-0.707071694335839
lvy2=0.014859281123504643
lvz2=2.0082792707737935
avx2=-2.2008211957118906
avy2=-2.2238938461603968
avz2=-5.4487704879057475
shx2=1.0
shy2=0.7
shz2=0.7
req2=1.0
rhos2=4.0
rhof=1.0
ndiv=2
tend=100.0
dt=0.05
tprint=1
logevery=100
nbody=2
impulse_scheme=1
energy_projection=0
impulse_pair_metric_correction=0
