cex1=-2.5
cey1=0.0
cez1=0.0
oriw1=1.0
orii1=1.0
orij1=1.0
orik1=0.0
lvx1=2.5274262771904374
lvy1=1.8017664807885225
lvz1=-1.3637418379115696
avx1=-3.2064367608887188
avy1=0.49389024567967377
avz1=5.380822737091546
shx1=1.0
shy1=0.7
shz1=0.7
req1=1.0
rhos1=0.1
cex2=2.5
cey2=0.0
cez2=0.0
oriw2=1.0
orii2=-1.0
orij2=0.0
orik2=1.0
lvx2=2.632808438522192
lvy2=1.8768919345650315
lvz2=-1.4206036596290432
avx2=-1.1566073143165483
avy2=3.1900848399293427
avz2=-5.288103236405268
shx2=1.0
shy2=0.7
shz2=0.7
req2=1.0
rhos2=0.1
rhof=1.0
ndiv=2
tend=100.0
dt=0.05
tprint=1
logevery=100
nbody=2
impulse_scheme=1
energy_projection=0
impulse_pair_metric_correction=0
