cex1=-4.0
cey1=0.0
cez1=0.0
oriw1=-0.7115630916108461
orii1=0.6661247494054959
orij1=0.16390355602170975
orik1=0.15195857728380524
lvx1=-3.696425454333119
lvy1=-2.0193010505772087
lvz1=3.683357054461928
avx1=4.734894254586706
avy1=3.074082299337611
avz1=-2.7584800197098445
shx1=1.03
shy1=1.03
shz1=0.9425959091337544
req1=1.0
rhos1=1.0
cex2=4.0
cey2=0.0
cez2=0.0
oriw2=-0.5192919152519322
orii2=0.42523127355072426
orij2=0.6961168957513619
orik2=0.2548245243258519
lvx2=-3.7571884117775074
lvy2=-2.0524949308054166
lvz2=3.743905189604325
avx2=1.1670822186780696
avy2=3.9318440657408606
avz2=4.75993056061759
shx2=1.03
shy2=1.03
shz2=0.9425959091337544
req2=1.0
rhos2=1.0
rhof=1.0
ndiv=2
tend=100.0
dt=0.05
tprint=1
logevery=100
nbody=2
impulse_scheme=1
energy_projection=0
impulse_pair_metric_correction=0
