cex1=-5.5
cey1=0.0
cez1=0.0
oriw1=-0.35539824027064526
orii1=-0.0054286427515258
orij1=0.796134766523984
orik1=-0.4897265095767293
lvx1=0.21322699632022363
lvy1=-0.610989373725894
lvz1=-0.45072535147411824
avx1=-2.0941949975063876
avy1=4.117538248434533
avz1=4.258948660110302
shx1=1.0
shy1=0.8
shz1=0.6
req1=1.0
rhos1=0.03
cex2=5.5
cey2=0.0
cez2=0.0
oriw2=-0.9596473567276259
orii2=-0.18799829032570048
orij2=0.07136833533486742
orik2=-0.19657099041268572
lvx2=0.20411902786778552
lvy2=-0.584891027659465
lvz2=-0.43147266606004814
avx2=4.2817305300364445
avy2=-1.466469238999797
avz2=-4.358287420946286
shx2=1.0
shy2=0.8
shz2=0.6
req2=1.0
rhos2=0.03
rhof=1.0
ndiv=2
tend=100.0
dt=0.05
tprint=1
logevery=100
nbody=2
impulse_scheme=1
energy_projection=0
impulse_pair_metric_correction=0
