cex1=-1.5
cey1=0.0
cez1=0.0
oriw1=1.0
orii1=2.0
orij1=0.0
orik1=0.0
lvx1=-1.4509946657681203
lvy1=-0.27951637434022664
lvz1=1.2343506527347552
avx1=5.485870850513259
avy1=0.3323518221659416
avz1=-3.0451897941096115
shx1=1.0
shy1=0.8
shz1=0.6
req1=1.0
rhos1=10.0
cex2=1.5
cey2=0.0
cez2=0.0
oriw2=1.0
orii2=0.0
orij2=1.0
orik2=0.0
lvx2=-1.6393501392307244
lvy2=-0.3158007524096202
lvz2=1.3945832897662986
avx2=2.03611095068744
avy2=3.813393649450964
avz2=-4.559681861180139
shx2=1.0
shy2=0.8
shz2=0.6
req2=1.0
rhos2=10.0
rhof=1.0
ndiv=2
tend=100.0
dt=0.05
tprint=1
logevery=100
nbody=2
impulse_scheme=1
energy_projection=0
impulse_pair_metric_correction=0
