cex1=-1.5
cey1=0.0
cez1=0.0
oriw1=1.0
orii1=1.0
orij1=1.0
orik1=0.0
lvx1=0.13040877678043244
lvy1=0.03535757437657815
lvz1=1.194538850573011
avx1=4.297829107465991
avy1=4.174567458082997
avz1=1.8921070543946477
shx1=1.0
shy1=0.7
shz1=0.7
req1=1.0
rhos1=0.03
cex2=1.5
cey2=0.0
cez2=0.0
oriw2=1.0
orii2=-1.0
orij2=0.0
orik2=1.0
lvx2=0.11664957671064476
lvy2=0.0316270590551375
lvz2=1.068505162949047
avx2=-6.150907221862955
avy2=-1.2256165539718522
avz2=0.3776533000276134
shx2=1.0
shy2=0.7
shz2=0.7
req2=1.0
rhos2=0.03
rhof=1.0
ndiv=2
tend=100.0
dt=0.05
tprint=1
logevery=100
nbody=2
impulse_scheme=1
energy_projection=0
impulse_pair_metric_correction=0
