cex1=-1.5
cey1=0.0
cez1=0.0
oriw1=-0.30266650873549744
orii1=-0.4685792547344438
orij1=-0.8244158348183722
orik1=0.09573399512766899
lvx1=1.1105394911933242
lvy1=1.4789629309919048
lvz1=-1.1228079440006458
avx1=-1.1122108850766832
avy1=5.717434814588655
avz1=-2.3563411663857097
shx1=1.0
shy1=0.7
shz1=0.7
req1=1.0
rhos1=0.03
cex2=1.5
cey2=0.0
cez2=0.0
oriw2=-0.0849213027936566
orii2=-0.25198658489498643
orij2=-0.9585609931723819
orik2=0.10223480685738529
lvx2=1.0154115657446967
lvy2=1.3522761480756997
lvz2=-1.0266291126875444
avx2=4.466267409253237
avy2=2.492590820970411
avz2=3.649364880717448
shx2=1.0
shy2=0.7
shz2=0.7
req2=1.0
rhos2=0.03
rhof=1.0
ndiv=2
tend=100.0
dt=0.05
tprint=1
logevery=100
nbody=2
impulse_scheme=1
energy_projection=0
impulse_pair_metric_correction=0
