cex1=-1.5
cey1=0.0
cez1=0.0
oriw1=-0.7548622785788471
orii1=0.6253558994684031
orij1=0.18299434730991154
orik1=-0.07500672124173186
lvx1=2.2135059791219525
lvy1=-2.042632589172828
lvz1=-0.3956037603011237
avx1=-5.608140912642695
avy1=2.793281198217098
avz1=0.47408148665333444
shx1=1.0
shy1=0.8
shz1=0.6
req1=1.0
rhos1=0.03
cex2=1.5
cey2=0.0
cez2=0.0
oriw2=0.03697536040405014
orii2=0.004283684128307122
orij2=-0.4662906286780511
orik2=-0.88384813309771
lvx2=2.704188162179057
lvy2=-2.4954361630021125
lvz2=-0.4832998038452013
avx2=-0.6657786603796881
avy2=2.0113388241131247
avz2=-5.915206886859976
shx2=1.0
shy2=0.8
shz2=0.6
req2=1.0
rhos2=0.03
rhof=1.0
ndiv=2
tend=100.0
dt=0.05
tprint=1
logevery=100
nbody=2
impulse_scheme=1
energy_projection=0
impulse_pair_metric_correction=0
