cex1=-5.5
cey1=0.0
cez1=0.0
oriw1=-0.13073685409799715
orii1=0.46704444870647194
orij1=-0.438417385655066
orik1=-0.7566819370570463
lvx1=-0.3404181918194111
lvy1=-0.5139456286783256
lvz1=0.5336090015657036
avx1=0.6393655885819632
avy1=-3.4606260405467273
avz1=-5.205160579269823
shx1=1.0
shy1=0.8
shz1=0.6
req1=1.0
rhos1=10.0
cex2=5.5
cey2=0.0
cez2=0.0
oriw2=-0.09351743139286715
orii2=-0.22863990864591344
orij2=-0.09892295305691506
orik2=-0.9639463323020467
lvx2=-0.3135048353711515
lvy2=-0.47331324700178345
lvz2=0.49142203973977333
avx2=-3.362559476738963
avy2=-4.496917826709212
avz2=2.8194576481258453
shx2=1.0
shy2=0.8
shz2=0.6
req2=1.0
rhos2=10.0
rhof=1.0
ndiv=2
tend=100.0
dt=0.05
tprint=1
logevery=100
nbody=2
impulse_scheme=1
energy_projection=0
impulse_pair_metric_correction=0
