cex1=-4.0
cey1=0.0
cez1=0.0
oriw1=0.20420187018438382
orii1=0.2184115540470789
orij1=0.4082532963712574
orik1=-0.8625121652904046
lvx1=0.5279874519237318
lvy1=-0.6929090907674399
lvz1=0.7581976968522821
avx1=5.0931076319582225
avy1=-3.4792894229040936
avz1=1.1971705665083996
shx1=1.0
shy1=0.7
shz1=0.7
req1=1.0
rhos1=4.0
cex2=4.0
cey2=0.0
cez2=0.0
oriw2=0.9084405617840449
orii2=-0.078982353742598
orij2=-0.024878937650771562
orik2=-0.4097298768263512
lvx2=0.5576488872424105
lvy2=-0.7318355427174603
lvz2=0.8007919514354453
avx2=-3.951330974865674
avy2=2.986832778530137
avz2=3.8657769056843483
shx2=1.0
shy2=0.7
shz2=0.7
req2=1.0
rhos2=4.0
rhof=1.0
ndiv=2
tend=100.0
dt=0.05
tprint=1
logevery=100
nbody=2
impulse_scheme=1
energy_projection=0
impulse_pair_metric_correction=0
