cex1=-1.5
cey1=0.0
cez1=0.0
oriw1=-0.6786334395330075
orii1=-0.1155373105390682
orij1=-0.1757097666464374
orik1=0.7037285432082839
lvx1=-1.146705300645222
lvy1=-4.824483417445727
lvz1=2.00560006133284
avx1=-3.931635117203183
avy1=4.86001457723358
avz1=0.6331834004530273
shx1=1.0
shy1=0.8
shz1=0.6
req1=1.0
rhos1=10.0
cex2=1.5
cey2=0.0
cez2=0.0
oriw2=-0.12941736880295449
orii2=0.3462996341153333
orij2=0.8984398492670704
orik2=-0.23692518927431583
lvx2=-1.0515774871958867
lvy2=-4.424256298703053
lvz2=1.839220479428846
avx2=-6.037867825306182
avy2=-1.7384345087999018
avz2=0.020376140544087887
shx2=1.0
shy2=0.8
shz2=0.6
req2=1.0
rhos2=10.0
rhof=1.0
ndiv=2
tend=100.0
dt=0.05
tprint=1
logevery=100
nbody=2
impulse_scheme=1
energy_projection=0
impulse_pair_metric_correction=0
