cex1=-4.0
cey1=0.0
cez1=0.0
oriw1=0.7217542311466781
orii1=-0.26854928779385523
orij1=0.2115688399368982
orik1=-0.6018228442116796
lvx1=-2.271074973865594
lvy1=7.681049138906071
lvz1=0.013040099635677548
avx1=1.6208589916889322
avy1=6.07031048508024
avz1=-0.050639393198102574
shx1=2.0
shy1=2.0
shz1=0.25
req1=1.0
rhos1=1.0
cex2=4.0
cey2=0.0
cez2=0.0
oriw2=0.33585012274637344
orii2=-0.6159414760077901
orij2=0.02625947542040095
orik2=-0.7121314718050565
lvx2=-2.301927335605717
lvy2=7.7853955428355865
lvz2=0.013217248288063246
avx2=0.975866172615744
avy2=6.116312439836769
avz2=1.0567993924107402
shx2=2.0
shy2=2.0
shz2=0.25
req2=1.0
rhos2=1.0
rhof=1.0
ndiv=2
tend=100.0
dt=0.05
tprint=1
logevery=100
nbody=2
impulse_scheme=1
energy_projection=0
impulse_pair_metric_correction=0
