cex1=-4.0
cey1=0.0
cez1=0.0
oriw1=-0.8866831423855854
orii1=-0.11976704418418826
orij1=-0.44566179689078755
orik1=0.028886379639559593
lvx1=-3.3942662705811903
lvy1=-3.501356122846521
lvz1=-2.781525859084194
avx1=5.71570880358247
avy1=1.2310961944201195
avz1=2.3007591436505423
shx1=1.003
shy1=1.0
shz1=0.9970089730807579
req1=1.0
rhos1=1.0
cex2=4.0
cey2=0.0
cez2=0.0
oriw2=0.7884481675487303
orii2=0.19663649263700722
orij2=-0.18979287760724484
orik2=0.5510555693049721
lvx2=-3.4013914136544408
lvy2=-3.5087060657611087
lvz2=-2.787364755660957
avx2=-0.5054649029577188
avy2=3.3313633588926317
avz2=5.303295297007605
shx2=1.003
shy2=1.0
shz2=0.9970089730807579
req2=1.0
rhos2=1.0
rhof=1.0
ndiv=2
tend=100.0
dt=0.05
tprint=1
logevery=100
nbody=2
impulse_scheme=1
energy_projection=0
impulse_pair_metric_correction=0
