cex1=-4.0
cey1=0.0
cez1=0.0
oriw1=-0.34405211331542873
orii1=0.5186306709850282
orij1=-0.568328185626425
orik1=0.5381946152270409
lvx1=-3.9635426254967046
lvy1=3.5231029632947273
lvz1=-2.0961308339632994
avx1=1.130232556578248
avy1=-5.61309002869666
avz1=2.587317588189389
shx1=1.1
shy1=1.0
shz1=0.9090909090909091
req1=1.0
rhos1=1.0
cex2=4.0
cey2=0.0
cez2=0.0
oriw2=-0.07428957257270342
orii2=0.3032602049172311
orij2=0.7393068270081912
orik2=-0.5966068412779093
lvx2=-3.9328344457613316
lvy2=3.4958071602101013
lvz2=-2.0798907254340926
avx2=-4.2922047710087785
avy2=-0.9190247827411299
avz2=-4.49564113968125
shx2=1.1
shy2=1.0
shz2=0.9090909090909091
req2=1.0
rhos2=1.0
rhof=1.0
ndiv=2
tend=100.0
dt=0.05
tprint=1
logevery=100
nbody=2
impulse_scheme=1
energy_projection=0
impulse_pair_metric_correction=0
