cex1=-4.0
cey1=0.0
cez1=0.0
oriw1=-0.23865673120583952
orii1=0.3462189573056867
orij1=-0.735663921152071
orik1=0.531012234668342
lvx1=-3.3831634937820163
lvy1=-3.1534108581310236
lvz1=3.192204173058364
avx1=-0.029265260686169293
avy1=6.154048593767801
avz1=-1.2669834467817498
shx1=1.0001
shy1=1.0001
shz1=0.9998000299960006
req1=1.0
rhos1=1.0
cex2=4.0
cey2=0.0
cez2=0.0
oriw2=-0.27503004416822574
orii2=-0.36480103496715877
orij2=0.8765153192709791
orik2=0.15165610694926573
lvx2=-3.3833119371845206
lvy2=-3.153549220654187
lvz2=3.1923442377196807
avx2=2.6719206756859677
avy2=-5.188046687994547
avz2=2.328825684843779
shx2=1.0
shy2=1.0
shz2=1.0
req2=1.0
rhos2=1.0
rhof=1.0
ndiv=2
tend=100.0
dt=0.05
tprint=1
logevery=100
nbody=2
impulse_scheme=1
energy_projection=0
impulse_pair_metric_correction=0
