cex1=-4.0
cey1=0.0
cez1=0.0
oriw1=0.6369444319846569
orii1=-0.5086025782883528
orij1=-0.1988851413524225
orik1=-0.5441230637194215
lvx1=2.9842181012784783
lvy1=1.4488150526897496
lvz1=4.53631032344431
avx1=-2.7312352732697844
avy1=0.7737179250775177
avz1=-5.605366362586668
shx1=1.0
shy1=1.0
shz1=1.0
req1=1.0
rhos1=1.0
cex2=4.0
cey2=0.0
cez2=0.0
oriw2=-0.23007493141763882
orii2=-0.5652148482377277
orij2=0.774307949303374
orik2=-0.16746611869382683
lvx2=2.9842181012784788
lvy2=1.4488150526897499
lvz2=4.53631032344431
avx2=-2.71168932153779
avy2=-4.5682215900437715
avz2=-3.355072299082885
shx2=1.0
shy2=1.0
shz2=1.0
req2=1.0
rhos2=1.0
rhof=1.0
ndiv=2
tend=100.0
dt=0.05
tprint=1
logevery=100
nbody=2
impulse_scheme=1
energy_projection=0
impulse_pair_metric_correction=0
