cex1=-4.0
cey1=0.0
cez1=0.0
oriw1=-0.06689889161209385
orii1=0.8069481987711502
orij1=0.47645952353001836
orik1=0.34255724373981294
lvx1=-1.4539831060237334
lvy1=2.5185761367720887
lvz1=-4.761596385929494
avx1=2.314523089164819
avy1=5.394032191048042
avz1=2.2418334452001196
shx1=1.03
shy1=1.03
shz1=0.9425959091337544
req1=1.0
rhos1=1.0
cex2=4.0
cey2=0.0
cez2=0.0
oriw2=-0.24844590423915142
orii2=-0.3207821460061158
orij2=-0.542246739271241
orik2=0.7357594180302472
lvx2=-1.4645156427729038
lvy2=2.5368204998642296
lvz2=-4.796089007413021
avx2=0.6451885205415937
avy2=-3.3610217475501982
avz2=5.269315153776
shx2=1.0
shy2=1.0
shz2=1.0
req2=1.0
rhos2=1.0
rhof=1.0
ndiv=2
tend=100.0
dt=0.05
tprint=1
logevery=100
nbody=2
impulse_scheme=1
energy_projection=0
impulse_pair_metric_correction=0
