cex1=-4.0
cey1=0.0
cez1=0.0
oriw1=0.3355160870200348
orii1=-0.8111219772132714
orij1=0.4225576413008721
orik1=0.2257324372141517
lvx1=3.5182811912739824
lvy1=0.009347272345072806
lvz1=-5.011385962751691
avx1=-2.345952389142609
avy1=3.965887074435186
avz1=-4.271611488075834
shx1=1.3
shy1=1.0
shz1=0.7692307692307692
req1=1.0
rhos1=1.0
cex2=4.0
cey2=0.0
cez2=0.0
oriw2=-0.7415261417451805
orii2=0.4231372641381838
orij2=-0.1501047421349925
orik2=0.4985603305466117
lvx2=3.229117945147775
lvy2=0.008579031415260072
lvz2=-4.599506253939713
avx2=-1.2654148251879287
avy2=1.2788483681739105
avz2=6.020107123280362
shx2=1.0
shy2=1.0
shz2=1.0
req2=1.0
rhos2=1.0
rhof=1.0
ndiv=2
tend=100.0
dt=0.05
tprint=1
logevery=100
nbody=2
impulse_scheme=1
energy_projection=0
impulse_pair_metric_correction=0
