cex1=-4.0
cey1=0.0
cez1=0.0
oriw1=0.6604527177962517
orii1=0.5869190637183285
orij1=-0.2743779443747169
orik1=-0.3795325596576006
lvx1=-0.9991873069400835
lvy1=2.030889390734937
lvz1=5.08070520793222
avx1=5.633752156175262
avy1=-1.6704628530876067
avz1=2.2245916712067473
shx1=1.1
shy1=1.1
shz1=0.8264462809917354
req1=1.0
rhos1=1.0
cex2=4.0
cey2=0.0
cez2=0.0
oriw2=-0.4651397876178265
orii2=-0.1461452861032925
orij2=-0.7073378461930704
orik2=0.5118199924461513
lvx2=-1.0095701823868715
lvy2=2.05199301309257
lvz2=5.133500443609659
avx2=5.524097126045415
avy2=-0.5248508334559219
avz2=-2.947422628160889
shx2=1.0
shy2=1.0
shz2=1.0
req2=1.0
rhos2=1.0
rhof=1.0
ndiv=2
tend=100.0
dt=0.05
tprint=1
logevery=100
nbody=2
impulse_scheme=1
energy_projection=0
impulse_pair_metric_correction=0
