cex1=-4.0
cey1=0.0
cez1=0.0
oriw1=0.5839381372297705
orii1=0.0971258621592799
orij1=0.20335830522908616
orik1=-0.7798898758688921
lvx1=-4.762358279810374
lvy1=2.5399156413500563
lvz1=1.555757177440565
avx1=-5.603968277120297
avy1=2.820576608404263
avz1=-0.34395457477624813
shx1=1.001
shy1=1.001
shz1=0.9980029960049943
req1=1.0
rhos1=1.0
cex2=4.0
cey2=0.0
cez2=0.0
oriw2=-0.9562864703730707
orii2=0.17802163115053551
orij2=0.10905534280558091
orik2=0.20477162310602023
lvx2=-8.48233126271144
lvy2=4.523894378255643
lvz2=2.7709901204487424
avx2=2.0889826955083004
avy2=3.5063592463901676
avz2=4.77702980286689
shx2=2.0
shy2=2.0
shz2=0.25
req2=1.0
rhos2=1.0
rhof=1.0
ndiv=2
tend=100.0
dt=0.05
tprint=1
logevery=100
nbody=2
impulse_scheme=1
energy_projection=0
impulse_pair_metric_correction=0
