cex1=-4.0
cey1=0.0
cez1=0.0
oriw1=0.2989224072273793
orii1=0.7913825528313935
orij1=-0.30084273234631553
orik1=-0.4402870653628819
lvx1=0.8521255003287096
lvy1=0.9739140961606284
lvz1=0.35096742483130916
avx1=2.2035146118504056
avy1=1.9080788037804643
avz1=5.566163511637337
shx1=1.0
shy1=0.8
shz1=0.6
req1=1.0
rhos1=0.03
cex2=4.0
cey2=0.0
cez2=0.0
oriw2=0.017447917862439138
orii2=0.3590140013386274
orij2=0.09183147587010379
orik2=-0.9286395948077015
lvx2=0.8803471101672801
lvy2=1.0061692318507665
lvz2=0.3625911419079794
avx2=-0.22472552088010794
avy2=0.21468157358224443
avz2=-6.275494232854242
shx2=1.0
shy2=0.8
shz2=0.6
req2=1.0
rhos2=0.03
rhof=1.0
ndiv=2
tend=100.0
dt=0.05
tprint=1
logevery=100
nbody=2
impulse_scheme=1
energy_projection=0
impulse_pair_metric_correction=0
