cex1=-5.5
cey1=0.0
cez1=0.0
oriw1=0.6793409855138505
orii1=-0.42828431495339525
orij1=0.5943717429009752
orik1=-0.04231550787629144
lvx1=1.0754712636307648
lvy1=0.5789738296647762
lvz1=0.4061822919207799
avx1=-3.6291083716393913
avy1=-1.2692343162901112
avz1=-4.969611079511745
shx1=1.0
shy1=0.8
shz1=0.6
req1=1.0
rhos1=0.03
cex2=5.5
cey2=0.0
cez2=0.0
oriw2=-0.22151022729550246
orii2=-0.6209440573663902
orij2=-0.15299535426646912
orik2=0.7361753312885033
lvx2=1.0123926399130678
lvy2=0.545015811836829
lvz2=0.3823588567260865
avx2=-4.254667656061523
avy2=-3.6133144123461376
avz2=-2.8844721698004077
shx2=1.0
shy2=0.8
shz2=0.6
req2=1.0
rhos2=0.03
rhof=1.0
ndiv=2
tend=100.0
dt=0.05
tprint=1
logevery=100
nbody=2
impulse_scheme=1
energy_projection=0
impulse_pair_metric_correction=0
