cex1=-5.5
cey1=0.0
cez1=0.0
oriw1=0.482917637650224
orii1=0.7595573221354722
orij1=0.435643623691659
orik1=0.008823988526599933
lvx1=2.636109997711023
lvy1=0.6107685637183321
lvz1=-1.7239229796870617
avx1=-4.609727065885478
avy1=-2.080943122584001
avz1=-3.7280705067059343
shx1=1.0
shy1=0.7
shz1=0.7
req1=1.0
rhos1=0.3
cex2=5.5
cey2=0.0
cez2=0.0
oriw2=-0.6895899305881941
orii2=-0.3921485474881893
orij2=-0.2738783951901951
orik2=-0.5437608564270845
lvx2=2.446414007130378
lvy2=0.5668173068243973
lvz2=-1.5998684912171448
avx2=-5.856944773277345
avy2=-2.274208662884638
avz2=0.0508968053721567
shx2=1.0
shy2=0.7
shz2=0.7
req2=1.0
rhos2=0.3
rhof=1.0
ndiv=2
tend=100.0
dt=0.05
tprint=1
logevery=100
nbody=2
impulse_scheme=1
energy_projection=0
impulse_pair_metric_correction=0
