cex1=-2.5
cey1=0.0
cez1=0.0
oriw1=-0.030062618127724414
orii1=0.9175667942637866
orij1=-0.3487909439416266
orik1=-0.18844706015242985
lvx1=0.0470855124448294
lvy1=0.19203030527565498
lvz1=3.510840713039129
avx1=-3.3806519706224454
avy1=-1.4358091630494396
avz1=5.097848752678651
shx1=1.0
shy1=0.8
shz1=0.6
req1=1.0
rhos1=0.3
cex2=2.5
cey2=0.0
cez2=0.0
oriw2=-0.6005309930825821
orii2=0.4071225127556904
orij2=-0.11984651621263588
orik2=-0.6776803070079837
lvx2=0.04882682567793537
lvy2=0.19913195702311512
lvz2=3.6406783865720547
avx2=-0.24877202178807117
avy2=3.5703360946870646
avz2=5.164226007496924
shx2=1.0
shy2=0.8
shz2=0.6
req2=1.0
rhos2=0.3
rhof=1.0
ndiv=2
tend=100.0
dt=0.05
tprint=1
logevery=100
nbody=2
impulse_scheme=1
energy_projection=0
impulse_pair_metric_correction=0
