cex1=-4.0
cey1=0.0
cez1=0.0
oriw1=-0.4603352051970694
orii1=-0.44545791165502374
orij1=0.7511103626084142
orik1=0.15966205241814255
lvx1=0.20049672989651063
lvy1=-0.10360497703237302
lvz1=-1.2088972595363772
avx1=3.737378665251481
avy1=-1.9990567127208199
avz1=-4.638339204522058
shx1=1.0
shy1=0.7
shz1=0.7
req1=1.0
rhos1=0.03
cex2=4.0
cey2=0.0
cez2=0.0
oriw2=0.19772506756337438
orii2=-0.33842100942918635
orij2=0.09270137960426078
orik2=0.915304578953616
lvx2=0.21383982559366566
lvy2=-0.11049990805672467
lvz2=-1.2893496032247174
avx2=-0.16287530601019232
avy2=-1.467522174083088
avz2=-6.107230788796503
shx2=1.0
shy2=0.7
shz2=0.7
req2=1.0
rhos2=0.03
rhof=1.0
ndiv=2
tend=100.0
dt=0.05
tprint=1
logevery=100
nbody=2
impulse_scheme=1
energy_projection=0
impulse_pair_metric_correction=0
