cex1=-2.5
cey1=0.0
cez1=0.0
oriw1=1.0
orii1=1.0
orij1=1.0
orik1=0.0
lvx1=0.2272741572157609
lvy1=-1.9996439806892519
lvz1=0.33831086016400036
avx1=3.7188154574986316
avy1=4.790579023077213
avz1=1.6429186897346004
shx1=1.0
shy1=0.7
shz1=0.7
req1=1.0
rhos1=10.0
cex2=2.5
cey2=0.0
cez2=0.0
oriw2=1.0
orii2=-1.0
orij2=0.0
orik2=1.0
lvx2=0.20753931195350606
lvy2=-1.826009349185424
lvz2=0.3089343900995284
avx2=-5.540116090598833
avy2=2.279035352544681
avz2=-1.895133021425378
shx2=1.0
shy2=0.7
shz2=0.7
req2=1.0
rhos2=10.0
rhof=1.0
ndiv=2
tend=100.0
dt=0.05
tprint=1
logevery=100
nbody=2
impulse_scheme=1
energy_projection=0
impulse_pair_metric_correction=0
