cex1=-4.0
cey1=0.0
cez1=0.0
oriw1=-0.8118542308488104
orii1=0.10562460372701793
orij1=0.40407361097995276
orik1=-0.4079959164624308
lvx1=5.234467238618664
lvy1=1.8866989780520007
lvz1=-0.28735655605088056
avx1=-3.6219692232903467
avy1=4.755355548282463
avz1=-1.9355490588755833
shx1=1.03
shy1=1.03
shz1=0.9425959091337544
req1=1.0
rhos1=1.0
cex2=4.0
cey2=0.0
cez2=0.0
oriw2=0.5426575510111951
orii2=-0.737781239761254
orij2=0.3236651953091881
orik2=0.23757623183379342
lvx2=5.279873545744519
lvy2=1.9030651198857726
lvz2=-0.28984922616301934
avx2=-2.3218453127077354
avy2=4.392142216300189
avz2=3.846626924983526
shx2=1.0
shy2=1.0
shz2=1.0
req2=1.0
rhos2=1.0
rhof=1.0
ndiv=2
tend=100.0
dt=0.05
tprint=1
logevery=100
nbody=2
impulse_scheme=1
energy_projection=0
impulse_pair_metric_correction=0
