cex1=-1.5
cey1=0.0
cez1=0.0
oriw1=-0.1806963051522733
orii1=-0.3051164010534554
orij1=0.9350093700183034
orik1=0.0032101542765017236
lvx1=-1.2809984717741192
lvy1=0.07703145881976131
lvz1=1.3469550295442017
avx1=-5.748159551002893
avy1=-2.0361073180603304
avz1=1.5137193828159876
shx1=1.0
shy1=0.8
shz1=0.6
req1=1.0
rhos1=0.03
cex2=1.5
cey2=0.0
cez2=0.0
oriw2=-0.2946419424192075
orii2=-0.11481948477910826
orij2=-0.725645122809306
orik2=0.6110988196892249
lvx2=-1.4390413021719768
lvy2=0.08653519364052994
lvz2=1.513135231924125
avx2=-2.1821415674907327
avy2=-5.392588710250229
avz2=-2.3741657031193713
shx2=1.0
shy2=0.8
shz2=0.6
req2=1.0
rhos2=0.03
rhof=1.0
ndiv=2
tend=100.0
dt=0.05
tprint=1
logevery=100
nbody=2
impulse_scheme=1
energy_projection=0
impulse_pair_metric_correction=0
