cex1=-4.0
cey1=0.0
cez1=0.0
oriw1=0.16032930274773385
orii1=0.6290539316193371
orij1=0.350314283971829
orik1=-0.6751781751804369
lvx1=3.2571907411512937
lvy1=-4.623831848040473
lvz1=7.096164263847229
avx1=-3.871194575504222
avy1=0.7030490825156642
avz1=4.898774556000512
shx1=1.0
shy1=0.7
shz1=0.7
req1=1.0
rhos1=1.0
cex2=4.0
cey2=0.0
cez2=0.0
oriw2=-0.0023100349235581326
orii2=-0.9758412942308556
orij2=0.17183039851845994
orik2=-0.13491755392641727
lvx2=3.3932925966110794
lvy2=-4.817038861035334
lvz2=7.392677793360596
avx2=2.5346486614589203
avy2=5.652386648538858
avz2=-1.0509514464244283
shx2=1.0
shy2=0.7
shz2=0.7
req2=1.0
rhos2=1.0
rhof=1.0
ndiv=2
tend=100.0
dt=0.05
tprint=1
logevery=100
nbody=2
impulse_scheme=1
energy_projection=0
impulse_pair_metric_correction=0
