cex1=-2.5
cey1=0.0
cez1=0.0
oriw1=0.05743465586665245
orii1=-0.3126218288628479
orij1=-0.930675531596252
orik1=-0.18114057334556777
lvx1=-2.1032957726225736
lvy1=3.307054779385308
lvz1=-7.283541138220118
avx1=-5.765272811842239
avy1=-2.340022761333106
avz1=-0.8742656837787344
shx1=1.0
shy1=0.8
shz1=0.6
req1=1.0
rhos1=1.0
cex2=2.5
cey2=0.0
cez2=0.0
oriw2=0.10979681789870967
orii2=-0.010620074704267938
orij2=-0.8174269143418585
orik2=-0.565371658736217
lvx2=-2.328788406813692
lvy2=3.6616014405465656
lvz2=-8.064403677324052
avx2=-3.98661568928574
avy2=-3.3592466615143475
avz2=3.507246044605787
shx2=1.0
shy2=0.8
shz2=0.6
req2=1.0
rhos2=1.0
rhof=1.0
ndiv=2
tend=100.0
dt=0.05
tprint=1
logevery=100
nbody=2
impulse_scheme=1
energy_projection=0
impulse_pair_metric_correction=0
