cex1=-5.5
cey1=0.0
cez1=0.0
oriw1=-0.40131002517532616
orii1=0.7107082463016514
orij1=0.0996555159327132
orik1=0.5691334030583648
lvx1=0.8018081135553125
lvy1=0.5459687036191344
lvz1=-0.5858328265768854
avx1=-5.409524090544687
avy1=1.7119315642438313
avz1=-2.69902890638833
shx1=1.0
shy1=0.7
shz1=0.7
req1=1.0
rhos1=1.0
cex2=5.5
cey2=0.0
cez2=0.0
oriw2=-0.6792244998067766
orii2=0.17769916664395283
orij2=0.21867440846631012
orik2=0.6776862018059598
lvx2=0.7534785650741201
lvy2=0.513060055671218
lvz2=-0.5505213405551511
avx2=6.2711084141782045
avy2=-0.2635742746004639
avz2=-0.2866102994478683
shx2=1.0
shy2=0.7
shz2=0.7
req2=1.0
rhos2=1.0
rhof=1.0
ndiv=2
tend=100.0
dt=0.05
tprint=1
logevery=100
nbody=2
impulse_scheme=1
energy_projection=0
impulse_pair_metric_correction=0
