cex1=-1.5
cey1=0.0
cez1=0.0
oriw1=0.41053539779193854
orii1=-0.34102670290364007
orij1=0.756141536322896
orik1=-0.37869704529311776
lvx1=0.023509567947491504
lvy1=-0.4465354344250628
lvz1=0.5431045375114331
avx1=5.480021861342552
avy1=-0.22812233212367192
avz1=-3.0652468424503114
shx1=1.0
shy1=0.8
shz1=0.6
req1=1.0
rhos1=1.0
cex2=1.5
cey2=0.0
cez2=0.0
oriw2=0.5053862191872447
orii2=-0.2590979958509007
orij2=-0.8223041533383892
orik2=0.03562130548005978
lvx2=0.026826645691991103
lvy2=-0.5095392614188243
lvz2=0.619733762614149
avx2=-0.8420585117379689
avy2=4.239188933840996
avz2=4.560551748458416
shx2=1.0
shy2=0.8
shz2=0.6
req2=1.0
rhos2=1.0
rhof=1.0
ndiv=2
tend=100.0
dt=0.05
tprint=1
logevery=100
nbody=2
impulse_scheme=1
energy_projection=0
impulse_pair_metric_correction=0
