cex1=-4.0
cey1=0.0
cez1=0.0
oriw1=-0.442719751104107
orii1=-0.15963042935192284
orij1=0.7322880681109878
orik1=0.4922108626488406
lvx1=-1.0296783374573808
lvy1=-3.435890947843117
lvz1=0.9357971387122722
avx1=1.5359695860291085
avy1=-0.43991358936187125
avz1=-6.076651303888166
shx1=1.0
shy1=0.8
shz1=0.6
req1=1.0
rhos1=0.3
cex2=4.0
cey2=0.0
cez2=0.0
oriw2=-0.1500947254162904
orii2=-0.7300249580981665
orij2=-0.5532032230418122
orik2=0.37215766547544027
lvx2=-0.8893336620165815
lvy2=-2.967580619866559
lvz2=0.8082484267180874
avx2=-4.2766598032662
avy2=-4.593397771871765
avz2=-0.29882342754216074
shx2=1.0
shy2=0.8
shz2=0.6
req2=1.0
rhos2=0.3
rhof=1.0
ndiv=2
tend=100.0
dt=0.05
tprint=1
logevery=100
nbody=2
impulse_scheme=1
energy_projection=0
impulse_pair_metric_correction=0
