cex1=-4.0
cey1=0.0
cez1=0.0
oriw1=0.186420838474806
orii1=-0.70177425050907
orij1=-0.6874779884380714
orik1=-0.011583942244596577
lvx1=-4.807522028603192
lvy1=-6.693782850702037
lvz1=0.5579506791168846
avx1=0.13648512289412848
avy1=-6.072121622286364
avz1=-1.6090768843496661
shx1=2.0
shy1=2.0
shz1=0.25
req1=1.0
rhos1=1.0
cex2=4.0
cey2=0.0
cez2=0.0
oriw2=-0.8684622129866405
orii2=0.2647860316121585
orij2=-0.23573041247351387
orik2=0.3465442463993581
lvx2=-3.270826333943385
lvy2=-4.5541551534265405
lvz2=0.3796050779256308
avx2=4.595400788795451
avy2=-2.215502363572475
avz2=-3.667732061056309
shx2=1.0
shy2=1.0
shz2=1.0
req2=1.0
rhos2=1.0
rhof=1.0
ndiv=2
tend=100.0
dt=0.05
tprint=1
logevery=100
nbody=2
impulse_scheme=1
energy_projection=0
impulse_pair_metric_correction=0
