cex1=-4.0
cey1=0.0
cez1=0.0
oriw1=-0.8695854723913142
orii1=0.1458149302939906
orij1=0.1528556660403491
orik1=0.44631183904159955
lvx1=0.26039078915525427
lvy1=-1.581936339958144
lvz1=5.386316750501115
avx1=4.81358001690285
avy1=-3.531189744509684
avz1=1.9592253605699983
shx1=1.0
shy1=1.0
shz1=1.0
req1=1.0
rhos1=1.0
cex2=4.0
cey2=0.0
cez2=0.0
oriw2=-0.35981747605327247
orii2=0.48891739307880405
orij2=-0.7524127560079522
orik2=-0.25566816631758577
lvx2=0.2603907891552542
lvy2=-1.5819363399581439
lvz2=5.3863167505011145
avx2=1.586107762168321
avy2=5.545701585863372
avz2=-2.4915604932851454
shx2=1.0
shy2=1.0
shz2=1.0
req2=1.0
rhos2=1.0
rhof=1.0
ndiv=2
tend=100.0
dt=0.05
tprint=1
logevery=100
nbody=2
impulse_scheme=1
energy_projection=0
impulse_pair_metric_correction=0
