cex1=-5.5
cey1=0.0
cez1=0.0
oriw1=-0.44648158648530245
orii1=0.7876967122196264
orij1=0.38277346259190653
orik1=-0.1835008414786179
lvx1=0.5582217630365701
lvy1=3.223470715350338
lvz1=0.2643120336954042
avx1=4.108362550085967
avy1=-0.07460843786444234
avz1=-4.75333654840555
shx1=1.0
shy1=0.7
shz1=0.7
req1=1.0
rhos1=4.0
cex2=5.5
cey2=0.0
cez2=0.0
oriw2=0.1690956883329811
orii2=-0.7893371527213056
orij2=-0.015901260069766072
orik2=0.5900005571600856
lvx2=0.6034572599439432
lvy2=3.484684643632251
lvz2=0.28573055761280053
avx2=-0.5240545350300587
avy2=5.927062217053601
avz2=-2.018345343058891
shx2=1.0
shy2=0.7
shz2=0.7
req2=1.0
rhos2=4.0
rhof=1.0
ndiv=2
tend=100.0
dt=0.05
tprint=1
logevery=100
nbody=2
impulse_scheme=1
energy_projection=0
impulse_pair_metric_correction=0
