cex1=-4.0
cey1=0.0
cez1=0.0
oriw1=-0.008270961769513842
orii1=-0.9088629069440065
orij1=-0.3726424480240903
orik1=-0.18718283442482253
lvx1=-4.990001432597999
lvy1=1.5070976757348882
lvz1=-2.100788921417915
avx1=-4.205700483089272
avy1=-2.916260644747958
avz1=3.644986269218902
shx1=1.003
shy1=1.003
shz1=0.9940268924035474
req1=1.0
rhos1=1.0
cex2=4.0
cey2=0.0
cez2=0.0
oriw2=0.9697299995852371
orii2=0.02330108216871295
orij2=-0.02825418799187673
orik2=0.24141766367667206
lvx2=-7.794894835896144
lvy2=2.3542413861914753
lvz2=-3.2816480989149976
avx2=0.7816612907842737
avy2=-5.537552490326455
avz2=-2.8640767531136757
shx2=2.0
shy2=2.0
shz2=0.25
req2=1.0
rhos2=1.0
rhof=1.0
ndiv=2
tend=100.0
dt=0.05
tprint=1
logevery=100
nbody=2
impulse_scheme=1
energy_projection=0
impulse_pair_metric_correction=0
