cex1=-4.0
cey1=0.0
cez1=0.0
oriw1=1.0
orii1=1.0
orij1=1.0
orik1=0.0
lvx1=0.6612431004069859
lvy1=0.09985955053449654
lvz1=-0.47936249992789765
avx1=1.5084918899339563
avy1=1.9207707840753374
avz1=-5.789085369676589
shx1=1.0
shy1=0.8
shz1=0.6
req1=1.0
rhos1=10.0
cex2=4.0
cey2=0.0
cez2=0.0
oriw2=1.0
orii2=-1.0
orij2=0.0
orik2=1.0
lvx2=0.600826711645781
lvy2=0.09073559381888319
lvz2=-0.4355641583870006
avx2=4.364739587936734
avy2=2.0295222929500136
avz2=-4.03837903078379
shx2=1.0
shy2=0.8
shz2=0.6
req2=1.0
rhos2=10.0
rhof=1.0
ndiv=2
tend=100.0
dt=0.05
tprint=1
logevery=100
nbody=2
impulse_scheme=1
energy_projection=0
impulse_pair_metric_correction=0
