cex1=-2.5
cey1=0.0
cez1=0.0
oriw1=-0.8181425885005885
orii1=-0.018063285489970445
orij1=-0.4753297932822316
orik1=-0.3230758583013214
lvx1=0.8772508481428791
lvy1=-0.5543114267443183
lvz1=0.5135446897168333
avx1=-4.857305048398826
avy1=3.9840711352200446
avz1=0.11037418476794159
shx1=1.0
shy1=0.8
shz1=0.6
req1=1.0
rhos1=0.1
cex2=2.5
cey2=0.0
cez2=0.0
oriw2=-0.6980033578848667
orii2=0.5756704862721608
orij2=0.18958353086422008
orik2=-0.38138286332985666
lvx2=1.042635275543295
lvy2=-0.658813437893911
lvz2=0.6103611187156112
avx2=-0.7751133485415614
avy2=-1.3499382537244318
avz2=-6.087305119049114
shx2=1.0
shy2=0.8
shz2=0.6
req2=1.0
rhos2=0.1
rhof=1.0
ndiv=2
tend=100.0
dt=0.05
tprint=1
logevery=100
nbody=2
impulse_scheme=1
energy_projection=0
impulse_pair_metric_correction=0
