cex1=-2.5
cey1=0.0
cez1=0.0
oriw1=0.13439442732449386
orii1=-0.41088015851258247
orij1=-0.12268527327133537
orik1=0.8933442544546499
lvx1=0.4559821192634708
lvy1=-0.5639218771920658
lvz1=-0.12771524618707486
avx1=-3.5732140494443407
avy1=4.89549869808031
avz1=-1.6566989642976786
shx1=1.0
shy1=0.8
shz1=0.6
req1=1.0
rhos1=1.0
cex2=2.5
cey2=0.0
cez2=0.0
oriw2=-0.43363666017378044
orii2=0.5531585653802501
orij2=0.37749402586610636
orik2=-0.6028873103119622
lvx2=0.46447097474173893
lvy2=-0.5744202084078807
lvz2=-0.13009287509279754
avx2=-3.26802551794485
avy2=-4.6953074471169405
avz2=-2.5985601388974864
shx2=1.0
shy2=0.8
shz2=0.6
req2=1.0
rhos2=1.0
rhof=1.0
ndiv=2
tend=100.0
dt=0.05
tprint=1
logevery=100
nbody=2
impulse_scheme=1
energy_projection=0
impulse_pair_metric_correction=0
