cex1=-4.0
cey1=0.0
cez1=0.0
oriw1=0.925138291108707
orii1=0.3286750998320076
orij1=0.18304421436945392
orik1=0.05085898800360173
lvx1=2.2250765965907773
lvy1=-2.5807151863789577
lvz1=-4.472072883794302
avx1=-1.2852270620942168
avy1=-3.2161747610446825
avz1=5.242406785975052
shx1=1.0020009999999997
shy1=0.9990009990009991
shz1=0.9990009990009991
req1=1.0
rhos1=1.0
cex2=4.0
cey2=0.0
cez2=0.0
oriw2=-0.010103039127467333
orii2=-0.3657098683880234
orij2=-0.6937565888295079
orik2=0.6203676460129498
lvx2=2.2240994144542587
lvy2=-2.5795818192025486
lvz2=-4.470108893097555
avx2=-0.2913195778795798
avy2=5.006004271823765
avz2=-3.785957175983864
shx2=1.0
shy2=1.0
shz2=1.0
req2=1.0
rhos2=1.0
rhof=1.0
ndiv=2
tend=100.0
dt=0.05
tprint=1
logevery=100
nbody=2
impulse_scheme=1
energy_projection=0
impulse_pair_metric_correction=0
