cex1=-4.0
cey1=0.0
cez1=0.0
oriw1=0.2952462346030567
orii1=-0.9447358139741029
orij1=0.12399763369010004
orik1=0.07020320211117026
lvx1=2.752122876557815
lvy1=-2.4529791258358586
lvz1=4.241888133486117
avx1=-4.368427437064675
avy1=-2.0589868863136758
avz1=4.019431842119767
shx1=1.0003
shy1=1.0003
shz1=0.9994002698920407
req1=1.0
rhos1=1.0
cex2=4.0
cey2=0.0
cez2=0.0
oriw2=0.3406332287750475
orii2=0.6987845261400818
orij2=-0.5636196659521263
orik2=0.2792884917669916
lvx2=2.7520028642015046
lvy2=-2.4528721582991326
lvz2=4.2417031566471675
avx2=-3.7412474502327377
avy2=-3.6267346680626273
avz2=-3.511165158171449
shx2=1.0003
shy2=1.0003
shz2=0.9994002698920407
req2=1.0
rhos2=1.0
rhof=1.0
ndiv=2
tend=100.0
dt=0.05
tprint=1
logevery=100
nbody=2
impulse_scheme=1
energy_projection=0
impulse_pair_metric_correction=0
