cex1=-4.0
cey1=0.0
cez1=0.0
oriw1=0.7249216519463855
orii1=-0.17134194053416596
orij1=-0.13843005826402147
orik1=0.6526619775368637
lvx1=0.31312659219356037
lvy1=1.2124526484450597
lvz1=0.09327084957076621
avx1=3.1064142555162877
avy1=-5.1018362071376675
avz1=1.9493269076842308
shx1=1.0
shy1=0.7
shz1=0.7
req1=1.0
rhos1=0.3
cex2=4.0
cey2=0.0
cez2=0.0
oriw2=0.2899785024553817
orii2=0.33180150696391725
orij2=-0.3408855805243686
orik2=-0.830431965353437
lvx2=0.2925566052866687
lvy2=1.132803919383032
lvz2=0.08714367863640064
avx2=4.804125120249718
avy2=-0.6860755463504772
avz2=3.991002352547911
shx2=1.0
shy2=0.7
shz2=0.7
req2=1.0
rhos2=0.3
rhof=1.0
ndiv=2
tend=100.0
dt=0.05
tprint=1
logevery=100
nbody=2
impulse_scheme=1
energy_projection=0
impulse_pair_metric_correction=0
