cex1=-5.5
cey1=0.0
cez1=0.0
oriw1=0.2626455436008945
orii1=0.8635661823077577
orij1=-0.1966700950283239
orik1=-0.38287287828017447
lvx1=-0.5181701182701554
lvy1=0.9216433795857821
lvz1=0.5317177013654409
avx1=4.521709361518353
avy1=-3.978811210544144
avz1=1.789308080002703
shx1=1.0
shy1=0.8
shz1=0.6
req1=1.0
rhos1=4.0
cex2=5.5
cey2=0.0
cez2=0.0
oriw2=-0.09239793757212686
orii2=0.5544101991561527
orij2=-0.5472900908002573
orik2=-0.6201334604066278
lvx2=-0.5930551939097929
lvy2=1.0548377336397328
lvz2=0.6085606509716661
avx2=-1.0270785547292047
avy2=-2.80707718893674
avz2=-5.526648613954374
shx2=1.0
shy2=0.8
shz2=0.6
req2=1.0
rhos2=4.0
rhof=1.0
ndiv=2
tend=100.0
dt=0.05
tprint=1
logevery=100
nbody=2
impulse_scheme=1
energy_projection=0
impulse_pair_metric_correction=0
