cex1=-4.0
cey1=0.0
cez1=0.0
oriw1=-0.4229478833642754
orii1=-0.13224328925383896
orij1=-0.8651662953682298
orik1=-0.2347638851352943
lvx1=1.6618530229679906
lvy1=1.7686231844519502
lvz1=-5.20170156905493
avx1=2.754421721802946
avy1=-0.7165748945648432
avz1=-5.6016157493438365
shx1=1.03
shy1=1.03
shz1=0.9425959091337544
req1=1.0
rhos1=1.0
cex2=4.0
cey2=0.0
cez2=0.0
oriw2=0.8272217911358557
orii2=-0.18589535223572615
orij2=-0.5122538131071009
orik2=-0.13690528566997415
lvx2=1.6586051851040744
lvy2=1.7651666806179325
lvz2=-5.19153563796519
avx2=2.8536436065521347
avy2=-1.350020365531828
avz2=-5.432548277170748
shx2=1.03
shy2=1.03
shz2=0.9425959091337544
req2=1.0
rhos2=1.0
rhof=1.0
ndiv=2
tend=100.0
dt=0.05
tprint=1
logevery=100
nbody=2
impulse_scheme=1
energy_projection=0
impulse_pair_metric_correction=0
