cex1=-4.0
cey1=0.0
cez1=0.0
oriw1=-0.12695756818071863
orii1=-0.257498277623483
orij1=-0.6654216465344088
orik1=0.6890503938218265
lvx1=0.07549107560532986
lvy1=5.622645512899496
lvz1=0.12065937655773311
avx1=1.7322467396577035
avy1=1.3457708360188316
avz1=-5.887838287030637
shx1=1.001
shy1=1.001
shz1=0.9980029960049943
req1=1.0
rhos1=1.0
cex2=4.0
cey2=0.0
cez2=0.0
oriw2=-0.816450200360906
orii2=-0.13586526793078027
orij2=-0.06432970172728485
orik2=-0.5575046087490328
lvx2=0.0753969057022737
lvy2=5.615631650947957
lvz2=0.12050886231876978
avx2=-4.219530262466794
avy2=4.46327982257988
avz2=-1.324052564604467
shx2=1.001
shy2=1.001
shz2=0.9980029960049943
req2=1.0
rhos2=1.0
rhof=1.0
ndiv=2
tend=100.0
dt=0.05
tprint=1
logevery=100
nbody=2
impulse_scheme=1
energy_projection=0
impulse_pair_metric_correction=0
