cex1=-4.0
cey1=0.0
cez1=0.0
oriw1=-0.06376292547580072
orii1=0.05647338041887698
orij1=-0.8811049619729662
orik1=0.46518715870652544
lvx1=-3.4880697737997095
lvy1=3.543746528319205
lvz1=-2.624721618169346
avx1=0.49554119530605284
avy1=-0.08760503090384751
avz1=6.263001028793817
shx1=1.001
shy1=1.0
shz1=0.9990009990009991
req1=1.0
rhos1=1.0
cex2=4.0
cey2=0.0
cez2=0.0
oriw2=-0.28156231056370296
orii2=-0.5981867276103106
orij2=0.716644526381592
orik2=-0.22207189598911573
lvx2=-5.129828474521449
lvy2=5.211711068398555
lvz2=-3.860121089237784
avx2=2.6322936550109723
avy2=0.7869204054222971
avz2=5.650681728223279
shx2=2.0
shy2=1.0
shz2=0.5
req2=1.0
rhos2=1.0
rhof=1.0
ndiv=2
tend=100.0
dt=0.05
tprint=1
logevery=100
nbody=2
impulse_scheme=1
energy_projection=0
impulse_pair_metric_correction=0
