cex1=-4.0
cey1=0.0
cez1=0.0
oriw1=0.6490895060763365
orii1=-0.36850366582363536
orij1=0.4193143176593254
orik1=0.5167817376630238
lvx1=0.14075775101807292
lvy1=1.911878539926112
lvz1=2.92410970708605
avx1=-1.883598368931482
avy1=4.729383934197786
avz1=-3.6828524803293403
shx1=1.0
shy1=0.8
shz1=0.6
req1=1.0
rhos1=10.0
cex2=4.0
cey2=0.0
cez2=0.0
oriw2=-0.5995849511873803
orii2=0.09298115493212668
orij2=-0.7920364427228528
orik2=-0.06731021123160921
lvx2=0.13095287502401057
lvy2=1.77870127711749
lvz2=2.7204226428665352
avx2=4.629636364893029
avy2=-2.912009508787678
avz2=-3.092747217919311
shx2=1.0
shy2=0.8
shz2=0.6
req2=1.0
rhos2=10.0
rhof=1.0
ndiv=2
tend=100.0
dt=0.05
tprint=1
logevery=100
nbody=2
impulse_scheme=1
energy_projection=0
impulse_pair_metric_correction=0
