cex1=-4.0
cey1=0.0
cez1=0.0
oriw1=0.8379299443143611
orii1=0.5208187666284843
orij1=0.029492595534796367
orik1=-0.16047245108596406
lvx1=-0.10577902056515097
lvy1=0.6040481665777178
lvz1=-5.589311732215978
avx1=0.9164598536645852
avy1=5.856195731582275
avz1=-2.084104242684627
shx1=1.01
shy1=1.0
shz1=0.9900990099009901
req1=1.0
rhos1=1.0
cex2=4.0
cey2=0.0
cez2=0.0
oriw2=-0.6839202267825841
orii2=-0.3943383533767671
orij2=0.043985468315114754
orik2=-0.6122219083231656
lvx2=-0.14804378700719403
lvy2=0.8453999444988157
lvz2=-7.822561328135437
avx2=-3.337462093351265
avy2=1.0324269310865737
avz2=-5.222438033310494
shx2=2.0
shy2=1.0
shz2=0.5
req2=1.0
rhos2=1.0
rhof=1.0
ndiv=2
tend=100.0
dt=0.05
tprint=1
logevery=100
nbody=2
impulse_scheme=1
energy_projection=0
impulse_pair_metric_correction=0
