cex1=-4.0
cey1=0.0
cez1=0.0
oriw1=0.04157160989330504
orii1=0.10998008537060099
orij1=0.7398763250690803
orik1=0.662389013854417
lvx1=-0.765842311893941
lvy1=1.532134184606426
lvz1=-1.3031183037729388
avx1=-1.561303921218446
avy1=-4.911455187649581
avz1=-3.5942114030278405
shx1=1.0
shy1=0.7
shz1=0.7
req1=1.0
rhos1=0.3
cex2=4.0
cey2=0.0
cez2=0.0
oriw2=0.6487384160404268
orii2=-0.206922745071361
orij2=0.446920840505557
orik2=0.5801579159567652
lvx2=-0.651281371699365
lvy2=1.3029450552428479
lvz2=-1.1081872380084983
avx2=-5.8041965890749285
avy2=-2.3947349224778054
avz2=0.23444447272993157
shx2=1.0
shy2=0.7
shz2=0.7
req2=1.0
rhos2=0.3
rhof=1.0
ndiv=2
tend=100.0
dt=0.05
tprint=1
logevery=100
nbody=2
impulse_scheme=1
energy_projection=0
impulse_pair_metric_correction=0
