cex1=-4.0
cey1=0.0
cez1=0.0
oriw1=-0.3466424888143316
orii1=-0.9063302049084282
orij1=-0.21524979166752187
orik1=-0.10987298032883673
lvx1=-2.188930680289753
lvy1=0.3874926907032705
lvz1=5.409051842731355
avx1=-0.8502488740013279
avy1=-0.42613284798247625
avz1=6.210789422648883
shx1=1.0
shy1=0.7
shz1=0.7
req1=1.0
rhos1=0.3
cex2=4.0
cey2=0.0
cez2=0.0
oriw2=0.06836049984696824
orii2=-0.3867785060986515
orij2=-0.9011224137089447
orik2=-0.18359636377699207
lvx2=-2.088236085115474
lvy2=0.36966735709417103
lvz2=5.1602261076430125
avx2=-3.3204584340911567
avy2=1.5271608673401948
avz2=5.110846610601328
shx2=1.0
shy2=0.7
shz2=0.7
req2=1.0
rhos2=0.3
rhof=1.0
ndiv=2
tend=100.0
dt=0.05
tprint=1
logevery=100
nbody=2
impulse_scheme=1
energy_projection=0
impulse_pair_metric_correction=0
