cex1=-4.0
cey1=0.0
cez1=0.0
oriw1=-0.781995215603253
orii1=0.6218704047804873
orij1=0.041141829925204786
orik1=0.008248167201271204
lvx1=5.117424381375326
lvy1=-1.5329662565103392
lvz1=-1.7441112222889328
avx1=3.36074181486194
avy1=5.163902539195478
avz1=-1.232048141870441
shx1=1.0001
shy1=1.0001
shz1=0.9998000299960006
req1=1.0
rhos1=1.0
cex2=4.0
cey2=0.0
cez2=0.0
oriw2=-0.7808760566310058
orii2=0.08099555462819048
orij2=-0.09852023824751831
orik2=0.6115276502060509
lvx2=7.425640554455739
lvy2=-2.2244112574255728
lvz2=-2.5307932386544425
avx2=-5.347804499751157
avy2=-3.064847639298659
avz2=1.219062584400059
shx2=2.0
shy2=2.0
shz2=0.25
req2=1.0
rhos2=1.0
rhof=1.0
ndiv=2
tend=100.0
dt=0.05
tprint=1
logevery=100
nbody=2
impulse_scheme=1
energy_projection=0
impulse_pair_metric_correction=0
