cex1=-4.0
cey1=0.0
cez1=0.0
oriw1=-0.16081607878885038
orii1=0.5877159176960233
orij1=0.7857371669591106
orik1=-0.10651428706408486
lvx1=0.20948925855926318
lvy1=-5.2954408452475175
lvz1=1.8866036039331169
avx1=-0.5897696395424598
avy1=-6.201652539786902
avz1=-0.818593398694405
shx1=1.03
shy1=1.0
shz1=0.970873786407767
req1=1.0
rhos1=1.0
cex2=4.0
cey2=0.0
cez2=0.0
oriw2=-0.17746535801777014
orii2=0.4883011737975547
orij2=-0.45793820925601747
orik2=-0.7213602476397954
lvx2=0.20928354476204056
lvy2=-5.290240839997915
lvz2=1.8847510011128672
avx2=-3.2874276426470446
avy2=-5.350127735650239
avz2=0.21764721671450937
shx2=1.0
shy2=1.0
shz2=1.0
req2=1.0
rhos2=1.0
rhof=1.0
ndiv=2
tend=100.0
dt=0.05
tprint=1
logevery=100
nbody=2
impulse_scheme=1
energy_projection=0
impulse_pair_metric_correction=0
