cex1=-4.0
cey1=0.0
cez1=0.0
oriw1=1.0
orii1=2.0
orij1=0.0
orik1=0.0
lvx1=0.8669137260007942
lvy1=0.33141584574850486
lvz1=1.5576244293818067
avx1=-6.098590258635198
avy1=1.5029491353061846
avz1=-0.16357982247113856
shx1=1.0
shy1=0.8
shz1=0.6
req1=1.0
rhos1=1.0
cex2=4.0
cey2=0.0
cez2=0.0
oriw2=1.0
orii2=0.0
orij2=1.0
orik2=0.0
lvx2=1.0406351125282205
lvy2=0.39782847541834254
lvz2=1.8697577679661246
avx2=0.3422634696451109
avy2=-4.850354823153629
avz2=3.9793631916695222
shx2=1.0
shy2=0.8
shz2=0.6
req2=1.0
rhos2=1.0
rhof=1.0
ndiv=2
tend=100.0
dt=0.05
tprint=1
logevery=100
nbody=2
impulse_scheme=1
energy_projection=1
