cex1=-4.0
cey1=0.0
cez1=0.0
oriw1=-0.12119695623450831
orii1=-0.06752095425321056
orij1=0.4972994807993597
orik1=-0.856414295147456
lvx1=3.735342828793276
lvy1=-3.0024165542395687
lvz1=-2.935148108488838
avx1=-3.695828315756685
avy1=-0.7687438766424609
avz1=-5.022778465842712
shx1=1.0006000899999998
shy1=0.9997000899730081
shz1=0.9997000899730081
req1=1.0
rhos1=1.0
cex2=4.0
cey2=0.0
cez2=0.0
oriw2=-0.25673490274851024
orii2=0.8618939676774373
orij2=-0.3598389522699542
orik2=-0.24847918750112516
lvx2=3.7350052509871148
lvy2=-3.0021452138994666
lvz2=-2.934882847466052
avx2=-4.646074055742628
avy2=0.2050975685241149
avz2=-4.224967273281319
shx2=1.0006000899999998
shy2=0.9997000899730081
shz2=0.9997000899730081
req2=1.0
rhos2=1.0
rhof=1.0
ndiv=2
tend=100.0
dt=0.05
tprint=1
logevery=100
nbody=2
impulse_scheme=1
energy_projection=0
impulse_pair_metric_correction=0
