cex1=-5.5
cey1=0.0
cez1=0.0
oriw1=0.19064383875611515
orii1=-0.3839183747340218
orij1=0.2916970403940355
orik1=0.8550873902188477
lvx1=1.3298398323645029
lvy1=1.4318511252278259
lvz1=1.065946169529606
avx1=0.7120478075716196
avy1=3.6194779358712053
avz1=-5.086333158163295
shx1=1.0
shy1=0.8
shz1=0.6
req1=1.0
rhos1=0.3
cex2=5.5
cey2=0.0
cez2=0.0
oriw2=-0.3770485014797291
orii2=-0.6358542992630319
orij2=0.17668017027863078
orik2=0.649852179399995
lvx2=1.3138261307287056
lvy2=1.4146090212178188
lvz2=1.0531102298147326
avx2=0.4261354838831371
avy2=4.363305759781202
avz2=-4.5009320146380025
shx2=1.0
shy2=0.8
shz2=0.6
req2=1.0
rhos2=0.3
rhof=1.0
ndiv=2
tend=100.0
dt=0.05
tprint=1
logevery=100
nbody=2
impulse_scheme=1
energy_projection=0
impulse_pair_metric_correction=0
