cex1=-4.0
cey1=0.0
cez1=0.0
oriw1=-0.05993570800938231
orii1=0.7759942733295482
orij1=-0.01842067702898014
orik1=-0.6276155489811852
lvx1=-1.1961713416156585
lvy1=4.998043649015773
lvz1=2.1649522132010715
avx1=-4.36290206754374
avy1=-3.9848351682380554
avz1=-2.1364905418356486
shx1=1.03
shy1=1.03
shz1=0.9425959091337544
req1=1.0
rhos1=1.0
cex2=4.0
cey2=0.0
cez2=0.0
oriw2=0.16235248688101944
orii2=-0.6813500533060722
orij2=-0.7102462560245643
orik2=-0.0703848752677035
lvx2=-1.841814560057531
lvy2=7.695778392522406
lvz2=3.33350279293325
avx2=-5.140126724715401
avy2=2.641366613313467
avz2=-2.4659069877626987
shx2=2.0
shy2=2.0
shz2=0.25
req2=1.0
rhos2=1.0
rhof=1.0
ndiv=2
tend=100.0
dt=0.05
tprint=1
logevery=100
nbody=2
impulse_scheme=1
energy_projection=0
impulse_pair_metric_correction=0
