cex1=-4.0
cey1=0.0
cez1=0.0
oriw1=-0.005912427524190557
orii1=0.6037388962667903
orij1=0.7613373871857037
orik1=-0.23628324360515904
lvx1=-1.5563299827715276
lvy1=1.0939865517518312
lvz1=5.287768688594562
avx1=3.8174004862760698
avy1=4.580655276650754
avz1=1.9807746889104427
shx1=1.0020009999999997
shy1=0.9990009990009991
shz1=0.9990009990009991
req1=1.0
rhos1=1.0
cex2=4.0
cey2=0.0
cez2=0.0
oriw2=0.5685526090506926
orii2=0.13845638307948055
orij2=0.46485129610811454
orik2=-0.6644479161174369
lvx2=-1.5565287694325651
lvy2=1.0941262842868655
lvz2=5.288444083847227
avx2=3.3485372954053823
avy2=3.846858388338754
avz2=-3.6697951067742745
shx2=1.0020009999999997
shy2=0.9990009990009991
shz2=0.9990009990009991
req2=1.0
rhos2=1.0
rhof=1.0
ndiv=2
tend=100.0
dt=0.05
tprint=1
logevery=100
nbody=2
impulse_scheme=1
energy_projection=0
impulse_pair_metric_correction=0
