cex1=-1.5
cey1=0.0
cez1=0.0
oriw1=-0.1799685046504383
orii1=0.5925195676199216
orij1=0.34619905425080505
orik1=0.704753938731267
lvx1=-1.2210469834985331
lvy1=4.688920278000318
lvz1=1.0589960609945444
avx1=-5.735831640963489
avy1=0.003445244152423586
avz1=2.5648861809390784
shx1=1.0
shy1=0.7
shz1=0.7
req1=1.0
rhos1=4.0
cex2=1.5
cey2=0.0
cez2=0.0
oriw2=0.5541332483487804
orii2=-0.26906123032571516
orij2=-0.4381105470375736
orik2=0.6546766728580447
lvx2=-1.2134814378509748
lvy2=4.659867963977698
lvz2=1.0524345747058816
avx2=5.823931433052998
avy2=0.15584979584094005
avz2=-2.3528601974173973
shx2=1.0
shy2=0.7
shz2=0.7
req2=1.0
rhos2=4.0
rhof=1.0
ndiv=2
tend=100.0
dt=0.05
tprint=1
logevery=100
nbody=2
impulse_scheme=1
energy_projection=0
impulse_pair_metric_correction=0
