cex1=-2.5
cey1=0.0
cez1=0.0
oriw1=-0.2140109605795422
orii1=0.6948604124246524
orij1=0.34125682631756504
orik1=-0.5957449911568933
lvx1=1.8333206753322402
lvy1=0.9227617726678881
lvz1=-5.43508893424621
avx1=-1.4899244003233003
avy1=2.5384921562257197
avz1=5.5510900243519
shx1=1.0
shy1=0.7
shz1=0.7
req1=1.0
rhos1=0.1
cex2=2.5
cey2=0.0
cez2=0.0
oriw2=-0.2826024518341678
orii2=0.1926268970018998
orij2=0.5674219670276808
orik2=0.7490414168143
lvx2=1.7845967093178337
lvy2=0.8982376324801843
lvz2=-5.290641161371179
avx2=-2.8552898000826286
avy2=3.8692465348588505
avz2=4.044090628853946
shx2=1.0
shy2=0.7
shz2=0.7
req2=1.0
rhos2=0.1
rhof=1.0
ndiv=2
tend=100.0
dt=0.05
tprint=1
logevery=100
nbody=2
impulse_scheme=1
energy_projection=0
impulse_pair_metric_correction=0
