cex1=-5.5
cey1=0.0
cez1=0.0
oriw1=-0.03617939690824863
orii1=-0.4601575328225845
orij1=-0.20232130731172632
orik1=0.8637199689909117
lvx1=-1.0877198219538524
lvy1=-1.511844222228396
lvz1=-0.9375142110497194
avx1=3.06068638463682
avy1=4.594137171144336
avz1=-3.0007532574282325
shx1=1.0
shy1=0.7
shz1=0.7
req1=1.0
rhos1=4.0
cex2=5.5
cey2=0.0
cez2=0.0
oriw2=0.4722325646173645
orii2=0.5950161102564533
orij2=0.5960728194049593
orik2=0.26009503535594386
lvx2=-1.0046618030927037
lvy2=-1.3964001681709788
lvz2=-0.8659258558020514
avx2=4.993371480990346
avy2=-1.7180527805419177
avz2=-3.404842654288433
shx2=1.0
shy2=0.7
shz2=0.7
req2=1.0
rhos2=4.0
rhof=1.0
ndiv=2
tend=100.0
dt=0.05
tprint=1
logevery=100
nbody=2
impulse_scheme=1
energy_projection=0
impulse_pair_metric_correction=0
