cex1=-4.0
cey1=0.0
cez1=0.0
oriw1=0.10240108979681044
orii1=0.34087960927809463
orij1=-0.05446315147884132
orik1=0.932924902614263
lvx1=-0.46977790737841607
lvy1=1.3132534477853695
lvz1=5.473121917900322
avx1=-3.3488846360535223
avy1=-2.2215814731129906
avz1=4.829903214049244
shx1=1.03
shy1=1.0
shz1=0.970873786407767
req1=1.0
rhos1=1.0
cex2=4.0
cey2=0.0
cez2=0.0
oriw2=0.048141088651177034
orii2=-0.7201784029389651
orij2=-0.5109911817975511
orik2=0.466812077445414
lvx2=-0.4149919411496794
lvy2=1.160100526138533
lvz2=4.834841002918278
avx2=-5.950690778271513
avy2=1.77671516694953
avz2=0.9544527653495068
shx2=2.0
shy2=1.0
shz2=0.5
req2=1.0
rhos2=1.0
rhof=1.0
ndiv=2
tend=100.0
dt=0.05
tprint=1
logevery=100
nbody=2
impulse_scheme=1
energy_projection=0
impulse_pair_metric_correction=0
