cex1=-4.0
cey1=0.0
cez1=0.0
oriw1=0.14414910084806193
orii1=0.23247427109719848
orij1=0.11487411563353021
orik1=-0.9549767994877865
lvx1=-4.952166811809098
lvy1=-3.698635884354829
lvz1=-5.326708738675746
avx1=1.2213166600479795
avy1=5.814270980052292
avz1=-2.044763113607159
shx1=2.0
shy1=1.0
shz1=0.5
req1=1.0
rhos1=1.0
cex2=4.0
cey2=0.0
cez2=0.0
oriw2=0.002924252497366401
orii2=0.5259250210727903
orij2=-0.7063379280320584
orik2=0.47379431442377545
lvx2=-4.906279295671134
lvy2=-3.6643637727153213
lvz2=-5.277350661192301
avx2=-1.2564931523156613
avy2=-6.120758193471386
avz2=0.6602739579857644
shx2=2.0
shy2=1.0
shz2=0.5
req2=1.0
rhos2=1.0
rhof=1.0
ndiv=2
tend=100.0
dt=0.05
tprint=1
logevery=100
nbody=2
impulse_scheme=1
energy_projection=0
impulse_pair_metric_correction=0
