cex1=-4.0
cey1=0.0
cez1=0.0
oriw1=-0.7125372180253823
orii1=-0.23803813238777674
orij1=0.26091829886430123
orik1=-0.6062591869619357
lvx1=-3.440131225426661
lvy1=3.9983184110519137
lvz1=-1.9478679204980043
avx1=4.226064765770122
avy1=-2.020355882323757
avz1=-4.187714926858508
shx1=1.003
shy1=1.003
shz1=0.9940268924035474
req1=1.0
rhos1=1.0
cex2=4.0
cey2=0.0
cez2=0.0
oriw2=-0.35251546647165866
orii2=0.24394695303109137
orij2=0.6314495526693833
orik2=0.646137905124557
lvx2=-5.237801827610156
lvy2=6.087674599732071
lvz2=-2.9657433061037586
avx2=4.051002889479689
avy2=4.1552582493467085
avz2=2.4086556572122935
shx2=2.0
shy2=2.0
shz2=0.25
req2=1.0
rhos2=1.0
rhof=1.0
ndiv=2
tend=100.0
dt=0.05
tprint=1
logevery=100
nbody=2
impulse_scheme=1
energy_projection=0
impulse_pair_metric_correction=0
