cex1=-5.5
cey1=0.0
cez1=0.0
oriw1=0.7259750848621017
orii1=0.5551193922661486
orij1=-0.3855102301836372
orik1=-0.12721831202026362
lvx1=0.3786791204374271
lvy1=-0.44884564667145654
lvz1=-1.8295177433402512
avx1=-5.034959464763931
avy1=3.7184779875728755
avz1=0.5481990956555117
shx1=1.0
shy1=0.7
shz1=0.7
req1=1.0
rhos1=1.0
cex2=5.5
cey2=0.0
cez2=0.0
oriw2=-0.7893009670054564
orii2=0.2553521500041535
orij2=-0.21433993111369806
orik2=-0.5156138641490189
lvx2=0.42601834977198444
lvy2=-0.5049564958227205
lvz2=-2.058228425681495
avx2=1.2022522124747108
avy2=5.7623467506502895
avz2=-2.19735457931285
shx2=1.0
shy2=0.7
shz2=0.7
req2=1.0
rhos2=1.0
rhof=1.0
ndiv=2
tend=100.0
dt=0.05
tprint=1
logevery=100
nbody=2
impulse_scheme=1
energy_projection=0
impulse_pair_metric_correction=0
