cex1=-4.0
cey1=0.0
cez1=0.0
oriw1=-0.27382851781841694
orii1=0.7452092762977305
orij1=-0.5084449844378385
orik1=-0.33341381967337225
lvx1=4.808379085700386
lvy1=-0.6152726582893295
lvz1=-2.880479362485727
avx1=-3.878393334841053
avy1=-1.6656222196605488
avz1=-4.654265287453112
shx1=1.01
shy1=1.01
shz1=0.9802960494069208
req1=1.0
rhos1=1.0
cex2=4.0
cey2=0.0
cez2=0.0
oriw2=0.23162207985170466
orii2=-0.8521166195459517
orij2=0.0900585160593433
orik2=-0.4605843489567783
lvx2=9.342749653389742
lvy2=-1.1954836156882414
lvz2=-5.596812789884244
avx2=1.0832155224316005
avy2=1.6794623620975189
avz2=-5.956884077319156
shx2=2.0
shy2=2.0
shz2=0.25
req2=1.0
rhos2=1.0
rhof=1.0
ndiv=2
tend=100.0
dt=0.05
tprint=1
logevery=100
nbody=2
impulse_scheme=1
energy_projection=0
impulse_pair_metric_correction=0
