cex1=-4.0
cey1=0.0
cez1=0.0
oriw1=-0.22854150618347535
orii1=0.49254107252293533
orij1=-0.02476752041016724
orik1=-0.839379915033757
lvx1=-2.6221244372054655
lvy1=4.8957610180318305
lvz1=-0.8280172642957753
avx1=3.9853531462222986
avy1=-4.101935569399166
avz1=-2.6018267599422145
shx1=1.0201
shy1=0.9900990099009901
shz1=0.9900990099009901
req1=1.0
rhos1=1.0
cex2=4.0
cey2=0.0
cez2=0.0
oriw2=0.4774573238549554
orii2=-0.615562197174899
orij2=-0.41682047676168743
orik2=0.4683784532390817
lvx2=-7.086807512195541
lvy2=13.231757985322266
lvz2=-2.2378796694685983
avx2=-2.043159276213305
avy2=-0.056857078538750785
avz2=5.9414379613862
shx2=4.0
shy2=0.5
shz2=0.5
req2=1.0
rhos2=1.0
rhof=1.0
ndiv=2
tend=100.0
dt=0.05
tprint=1
logevery=100
nbody=2
impulse_scheme=1
energy_projection=0
impulse_pair_metric_correction=0
