cex1=-4.0
cey1=0.0
cez1=0.0
oriw1=0.93427100966567
orii1=0.16530993150663442
orij1=0.3123304531479593
orik1=-0.04753940554899582
lvx1=1.0627429053603898
lvy1=0.49715643754840333
lvz1=-0.45102014660027756
avx1=-2.7708469860720557
avy1=-4.8391650916002185
avz1=2.895393893820094
shx1=1.0
shy1=0.8
shz1=0.6
req1=1.0
rhos1=0.03
cex2=4.0
cey2=0.0
cez2=0.0
oriw2=-0.6130133564648385
orii2=-0.016210242386378946
orij2=0.2465991229423975
orik2=0.7504270286986789
lvx2=1.123430634899763
lvy2=0.5255464604490636
lvz2=-0.4767755654655807
avx2=-0.6787762455766811
avy2=-4.190789589184857
avz2=4.631950240663006
shx2=1.0
shy2=0.8
shz2=0.6
req2=1.0
rhos2=0.03
rhof=1.0
ndiv=2
tend=100.0
dt=0.05
tprint=1
logevery=100
nbody=2
impulse_scheme=1
energy_projection=0
impulse_pair_metric_correction=0
