cex1=-5.5
cey1=0.0
cez1=0.0
oriw1=-0.02033420745020383
orii1=0.2933799219026733
orij1=0.05732924518483908
orik1=0.9540587503284533
lvx1=-9.45169766411817
lvy1=0.5776459512173301
lvz1=1.580704816588397
avx1=-1.2698420332358966
avy1=5.074417321339208
avz1=-3.480834334448765
shx1=1.0
shy1=0.8
shz1=0.6
req1=1.0
rhos1=0.1
cex2=5.5
cey2=0.0
cez2=0.0
oriw2=0.580057111474686
orii2=0.41487066801483624
orij2=-0.09668682585149754
orik2=-0.6943109778444593
lvx2=-9.101191242174108
lvy2=0.556224549189174
lvz2=1.5220860150671116
avx2=-2.807567529970846
avy2=5.109565007282358
avz2=-2.34271799527098
shx2=1.0
shy2=0.8
shz2=0.6
req2=1.0
rhos2=0.1
rhof=1.0
ndiv=2
tend=100.0
dt=0.05
tprint=1
logevery=100
nbody=2
impulse_scheme=1
energy_projection=0
impulse_pair_metric_correction=0
