cex1=-1.5
cey1=0.0
cez1=0.0
oriw1=-0.7540389683049274
orii1=-0.3195908606145812
orij1=-0.2136503407919391
orik1=0.5325790532575988
lvx1=0.47248078080551004
lvy1=-5.472656249335387
lvz1=-2.0593062196828638
avx1=-0.06264533690060305
avy1=-5.525553342732752
avz1=2.99044368325788
shx1=1.0
shy1=0.7
shz1=0.7
req1=1.0
rhos1=0.03
cex2=1.5
cey2=0.0
cez2=0.0
oriw2=0.2348889172625456
orii2=0.4846517986419081
orij2=-0.5305940781425312
orik2=0.6545301787239988
lvx2=0.46693993966859526
lvy2=-5.40847772587711
lvz2=-2.0351564784043497
avx2=1.6410845260662652
avy2=2.9731617688349385
avz2=-5.286356805873171
shx2=1.0
shy2=0.7
shz2=0.7
req2=1.0
rhos2=0.03
rhof=1.0
ndiv=2
tend=100.0
dt=0.05
tprint=1
logevery=100
nbody=2
impulse_scheme=1
energy_projection=0
impulse_pair_metric_correction=0
