cex1=-4.0
cey1=0.0
cez1=0.0
oriw1=0.23685533289270097
orii1=-0.011697787735716331
orij1=0.9681296889132943
orik1=0.08054575399749973
lvx1=-3.05139979719232
lvy1=3.296316704661181
lvz1=-3.3776177645365544
avx1=-1.879087420142999
avy1=5.674241053644143
avz1=1.936604383181338
shx1=1.00020001
shy1=0.9999000099990001
shz1=0.9999000099990001
req1=1.0
rhos1=1.0
cex2=4.0
cey2=0.0
cez2=0.0
oriw2=-0.3469022786899137
orii2=0.7820521487800037
orij2=0.40108021060607696
orik2=-0.3273956479376433
lvx2=-3.0512881045362126
lvy2=3.2961960471293645
lvz2=-3.3774941310815794
avx2=0.2890582201344986
avy2=5.839895711771896
avz2=2.3001045683529973
shx2=1.0
shy2=1.0
shz2=1.0
req2=1.0
rhos2=1.0
rhof=1.0
ndiv=2
tend=100.0
dt=0.05
tprint=1
logevery=100
nbody=2
impulse_scheme=1
energy_projection=0
impulse_pair_metric_correction=0
