cex1=-4.0
cey1=0.0
cez1=0.0
oriw1=0.7762172125819335
orii1=-0.6285956046733939
orij1=0.042346634404451085
orik1=-0.02368896856006237
lvx1=-5.013251169567262
lvy1=-2.3524387978440444
lvz1=-0.9439148557172323
avx1=-4.098571597008035
avy1=4.305952702593019
avz1=-2.034428615505671
shx1=1.0060089999999997
shy1=0.9970089730807579
shz1=0.9970089730807579
req1=1.0
rhos1=1.0
cex2=4.0
cey2=0.0
cez2=0.0
oriw2=0.18846612763211865
orii2=0.9427532110137051
orij2=-0.18199599652264187
orik2=0.20633554979312935
lvx2=-5.77894318044217
lvy2=-2.7117352967938144
lvz2=-1.0880823908202486
avx2=-5.837428474616412
avy2=0.8768117618971581
avz2=-2.1526837998864905
shx2=4.0
shy2=0.5
shz2=0.5
req2=1.0
rhos2=1.0
rhof=1.0
ndiv=2
tend=100.0
dt=0.05
tprint=1
logevery=100
nbody=2
impulse_scheme=1
energy_projection=0
impulse_pair_metric_correction=0
