cex1=-1.5
cey1=0.0
cez1=0.0
oriw1=-0.6452506974027905
orii1=0.05739938606656924
orij1=0.2970511671510009
orik1=-0.7015108353223218
lvx1=-0.2648189336691417
lvy1=0.23301919296987278
lvz1=-0.7220153615935725
avx1=-1.8805971188725379
avy1=-3.3281157388750455
avz1=4.986523609640082
shx1=1.0
shy1=0.8
shz1=0.6
req1=1.0
rhos1=10.0
cex2=1.5
cey2=0.0
cez2=0.0
oriw2=0.2584917555694945
orii2=0.2309959214637839
orij2=0.10028236309715038
orik2=0.9326126442534163
lvx2=-0.2497941608396051
lvy2=0.21979861092618688
lvz2=-0.6810510822005721
avx2=2.943163124221674
avy2=-4.768879983983685
avz2=2.841477103011551
shx2=1.0
shy2=0.8
shz2=0.6
req2=1.0
rhos2=10.0
rhof=1.0
ndiv=2
tend=100.0
dt=0.05
tprint=1
logevery=100
nbody=2
impulse_scheme=1
energy_projection=0
impulse_pair_metric_correction=0
