cex1=-4.0
cey1=0.0
cez1=0.0
oriw1=1.0
orii1=1.0
orij1=1.0
orik1=0.0
lvx1=0.7088715206682203
lvy1=-1.1312207738902296
lvz1=1.5717420775772215
avx1=3.9041942703574946
avy1=3.1899196169936905
avz1=3.7496796584220324
shx1=1.0
shy1=0.8
shz1=0.6
req1=1.0
rhos1=0.3
cex2=4.0
cey2=0.0
cez2=0.0
oriw2=1.0
orii2=-1.0
orij2=0.0
orik2=1.0
lvx2=0.7367873052159255
lvy2=-1.1757689246891783
lvz2=1.6336382208456772
avx2=3.11000121561612
avy2=-2.8201368657463504
avz2=-4.674734014003581
shx2=1.0
shy2=0.8
shz2=0.6
req2=1.0
rhos2=0.3
rhof=1.0
ndiv=2
tend=100.0
dt=0.05
tprint=1
logevery=100
nbody=2
impulse_scheme=1
energy_projection=0
impulse_pair_metric_correction=0
