cex1=-5.5
cey1=0.0
cez1=0.0
oriw1=-0.04373851252872988
orii1=-0.9371129373536423
orij1=0.26369924690212526
orik1=-0.2244303730546617
lvx1=-1.4076437771477845
lvy1=4.723410961666131
lvz1=0.8930141712022464
avx1=5.5905045606474175
avy1=-2.4354002461512754
avz1=-1.5144312472952202
shx1=1.0
shy1=0.7
shz1=0.7
req1=1.0
rhos1=10.0
cex2=5.5
cey2=0.0
cez2=0.0
oriw2=0.5001081731540585
orii2=-0.06392670397993254
orij2=-0.49997931233152576
orik2=-0.7041490459435892
lvx2=-1.5556657221175707
lvy2=5.220105145797082
lvz2=0.9869198145566874
avx2=-3.555257881534661
avy2=-2.5340041517064495
avz2=4.5185597217783435
shx2=1.0
shy2=0.7
shz2=0.7
req2=1.0
rhos2=10.0
rhof=1.0
ndiv=2
tend=100.0
dt=0.05
tprint=1
logevery=100
nbody=2
impulse_scheme=1
energy_projection=0
impulse_pair_metric_correction=0
