cex1=-1.5
cey1=0.0
cez1=0.0
oriw1=1.0
orii1=1.0
orij1=1.0
orik1=0.0
lvx1=0.6432298158339507
lvy1=1.370491470150745
lvz1=-1.3364562610536062
avx1=3.9924682340972235
avy1=-1.5744421976573206
avz1=4.589089971913606
shx1=1.0
shy1=0.7
shz1=0.7
req1=1.0
rhos1=0.1
cex2=1.5
cey2=0.0
cez2=0.0
oriw2=1.0
orii2=-1.0
orij2=0.0
orik2=1.0
lvx2=0.685893953765583
lvy2=1.4613934085828577
lvz2=-1.4251007126284445
avx2=-1.5220451322943922
avy2=-3.295419337397468
avz2=-5.1285482946271665
shx2=1.0
shy2=0.7
shz2=0.7
req2=1.0
rhos2=0.1
rhof=1.0
ndiv=2
tend=100.0
dt=0.05
tprint=1
logevery=100
nbody=2
impulse_scheme=1
energy_projection=1
