cex1=-2.5
cey1=0.0
cez1=0.0
oriw1=-0.028495454896754733
orii1=-0.7757649173511332
orij1=-0.21116385261664383
orik1=-0.5939584408066888
lvx1=-0.7417821733634542
lvy1=-0.15603387358753473
lvz1=-0.8378347175620068
avx1=5.456551965601309
avy1=1.33033401669373
avz1=-2.816854567612152
shx1=1.0
shy1=0.7
shz1=0.7
req1=1.0
rhos1=0.3
cex2=2.5
cey2=0.0
cez2=0.0
oriw2=-0.5869321664815187
orii2=-0.4836751296444984
orij2=0.04319677963655626
orik2=-0.6478449190521752
lvx2=-0.8483469904048611
lvy2=-0.17844978190698485
lvz2=-0.9581984936057151
avx2=-1.8502512724527473
avy2=-5.341756709225975
avz2=2.742375447050185
shx2=1.0
shy2=0.7
shz2=0.7
req2=1.0
rhos2=0.3
rhof=1.0
ndiv=2
tend=100.0
dt=0.05
tprint=1
logevery=100
nbody=2
impulse_scheme=1
energy_projection=0
impulse_pair_metric_correction=0
