cex1=-4.0
cey1=0.0
cez1=0.0
oriw1=-0.8941428547321992
orii1=-0.08094118169454532
orij1=0.25751670814468725
orik1=-0.3572705214029949
lvx1=2.1800145384157195
lvy1=-0.6885805923360561
lvz1=8.463404815034359
avx1=-4.655678455773947
avy1=-3.992149914015836
avz1=1.3659483097186027
shx1=1.0
shy1=0.7
shz1=0.7
req1=1.0
rhos1=1.0
cex2=4.0
cey2=0.0
cez2=0.0
oriw2=-0.13588746674135055
orii2=-0.25495366713196577
orij2=-0.8860697064688887
orik2=-0.3625102747188258
lvx2=2.3162920142715664
lvy2=-0.7316252708890149
lvz2=8.992470757033667
avx2=3.0982410222490238
avy2=-4.357315259676393
avz2=-3.300473284273334
shx2=1.0
shy2=0.7
shz2=0.7
req2=1.0
rhos2=1.0
rhof=1.0
ndiv=2
tend=100.0
dt=0.05
tprint=1
logevery=100
nbody=2
impulse_scheme=1
energy_projection=0
impulse_pair_metric_correction=0
