cex1=-1.5
cey1=0.0
cez1=0.0
oriw1=1.0
orii1=2.0
orij1=0.0
orik1=0.0
lvx1=-8.151660593371558
lvy1=-2.21292844995603
lvz1=3.156227675960194
avx1=-1.3646328234642888
avy1=2.108987237747038
avz1=-5.75919852865843
shx1=1.0
shy1=0.8
shz1=0.6
req1=1.0
rhos1=0.1
cex2=1.5
cey2=0.0
cez2=0.0
oriw2=1.0
orii2=0.0
orij2=1.0
orik2=0.0
lvx2=-7.212374371340766
lvy2=-1.9579407478093254
lvz2=2.7925470325300306
avx2=-4.208122089655076
avy2=-4.0688509767029775
avz2=2.283545009912803
shx2=1.0
shy2=0.8
shz2=0.6
req2=1.0
rhos2=0.1
rhof=1.0
ndiv=2
tend=100.0
dt=0.05
tprint=1
logevery=100
nbody=2
impulse_scheme=1
energy_projection=1
