cex1=-2.5
cey1=0.0
cez1=0.0
oriw1=1.0
orii1=2.0
orij1=0.0
orik1=0.0
lvx1=-0.061181359649761326
lvy1=1.2253157908976438
lvz1=1.6982307423124836
avx1=-0.8981484615184483
avy1=-6.098428675188169
avz1=-1.2169283623419067
shx1=1.0
shy1=0.8
shz1=0.6
req1=1.0
rhos1=0.03
cex2=2.5
cey2=0.0
cez2=0.0
oriw2=1.0
orii2=0.0
orij2=1.0
orik2=0.0
lvx2=-0.056565703417467784
lvy2=1.1328752747149267
lvz2=1.5701124828540627
avx2=-5.248240661950687
avy2=-1.9955872841487272
avz2=2.8199324371248253
shx2=1.0
shy2=0.8
shz2=0.6
req2=1.0
rhos2=0.03
rhof=1.0
ndiv=2
tend=100.0
dt=0.05
tprint=1
logevery=100
nbody=2
impulse_scheme=1
energy_projection=0
impulse_pair_metric_correction=0
