cex1=-5.5
cey1=0.0
cez1=0.0
oriw1=-0.06883839785156674
orii1=0.3182425357338415
orij1=0.5150322559402232
orik1=-0.7929216473095235
lvx1=2.829861002587325
lvy1=2.6641855322592614
lvz1=2.9966880630415154
avx1=5.883584733750231
avy1=-1.4202443928950619
avz1=1.6866398992045653
shx1=1.0
shy1=0.7
shz1=0.7
req1=1.0
rhos1=0.03
cex2=5.5
cey2=0.0
cez2=0.0
oriw2=0.31678566144019754
orii2=0.18589765962723404
orij2=0.9225655811753901
orik2=0.11815944008638644
lvx2=3.3813897098285883
lvy2=3.1834247461691976
lvz2=3.580730703971054
avx2=0.29231232333347384
avy2=6.245133983895876
avz2=-0.6255178919692475
shx2=1.0
shy2=0.7
shz2=0.7
req2=1.0
rhos2=0.03
rhof=1.0
ndiv=2
tend=100.0
dt=0.05
tprint=1
logevery=100
nbody=2
impulse_scheme=1
energy_projection=0
impulse_pair_metric_correction=0
