cex1=-4.0
cey1=0.0
cez1=0.0
oriw1=0.5628307582780655
orii1=-0.6847637541503171
orij1=0.38158210984799124
orik1=0.26213590364934275
lvx1=5.849414791393027
lvy1=-1.525646125221403
lvz1=-5.263326248731144
avx1=0.5907760436617298
avy1=-6.250606721358076
avz1=-0.2435505810012995
shx1=2.0
shy1=2.0
shz1=0.25
req1=1.0
rhos1=1.0
cex2=4.0
cey2=0.0
cez2=0.0
oriw2=-0.5812657716095488
orii2=-0.05820971763217979
orij2=0.7978702644446961
orik2=-0.14881119797679318
lvx2=4.101235727216257
lvy2=-1.0696855359024666
lvz2=-3.6903079068787648
avx2=2.1055378280654873
avy2=-4.306621813572324
avz2=-4.061789828856944
shx2=1.0
shy2=1.0
shz2=1.0
req2=1.0
rhos2=1.0
rhof=1.0
ndiv=2
tend=100.0
dt=0.05
tprint=1
logevery=100
nbody=2
impulse_scheme=1
energy_projection=0
impulse_pair_metric_correction=0
