cex1=-4.0
cey1=0.0
cez1=0.0
oriw1=-0.3159193537295117
orii1=0.7587986505760624
orij1=-0.3748860220229965
orik1=-0.4288123602636095
lvx1=4.498059540505321
lvy1=-3.1944458210521165
lvz1=-0.921530288629382
avx1=3.6500473113233283
avy1=3.521926720207614
avz1=-3.7083155754259116
shx1=1.0
shy1=0.8
shz1=0.6
req1=1.0
rhos1=1.0
cex2=4.0
cey2=0.0
cez2=0.0
oriw2=-0.10760519845562085
orii2=0.05788824319337077
orij2=0.22557435870882178
orik2=0.9665331247600443
lvx2=4.513626416670248
lvy2=-3.2055011532601694
lvz2=-0.92471951895329
avx2=-1.3316029032306573
avy2=-6.123489654653683
avz2=-0.45620802471507754
shx2=1.0
shy2=0.8
shz2=0.6
req2=1.0
rhos2=1.0
rhof=1.0
ndiv=2
tend=100.0
dt=0.05
tprint=1
logevery=100
nbody=2
impulse_scheme=1
energy_projection=0
impulse_pair_metric_correction=0
