cex1=-1.5
cey1=0.0
cez1=0.0
oriw1=-0.35993249257817417
orii1=0.7311818728143678
orij1=0.4044133245335231
orik1=0.41505605957976294
lvx1=0.3918143160618641
lvy1=0.29334610252261883
lvz1=0.6073316024804531
avx1=2.0290542821376887
avy1=0.5289684444523638
avz1=5.922967897031841
shx1=1.0
shy1=0.7
shz1=0.7
req1=1.0
rhos1=0.1
cex2=1.5
cey2=0.0
cez2=0.0
oriw2=0.479957851782472
orii2=0.8224363373497957
orij2=-0.2268543174879522
orik2=0.20439190335256205
lvx2=0.39318158396429786
lvy2=0.29436975759044415
lvz2=0.6094509354710171
avx2=-1.8274221118636176
avy2=4.656727507744009
avz2=-3.8018199520821097
shx2=1.0
shy2=0.7
shz2=0.7
req2=1.0
rhos2=0.1
rhof=1.0
ndiv=2
tend=100.0
dt=0.05
tprint=1
logevery=100
nbody=2
impulse_scheme=1
energy_projection=0
impulse_pair_metric_correction=0
