cex1=-4.0
cey1=0.0
cez1=0.0
oriw1=0.1847905657399102
orii1=-0.06387259086944777
orij1=0.28045984469787916
orik1=-0.9397419935605674
lvx1=-4.050285386132606
lvy1=3.520729139776623
lvz1=1.6662674450109962
avx1=2.8301745049053206
avy1=5.15564199950945
avz1=-2.2108562705512007
shx1=1.0003
shy1=1.0003
shz1=0.9994002698920407
req1=1.0
rhos1=1.0
cex2=4.0
cey2=0.0
cez2=0.0
oriw2=0.3515785993690546
orii2=0.38936643800543647
orij2=-0.7176831204919575
orik2=-0.45794890979407155
lvx2=-4.050666419770508
lvy2=3.5210603550131565
lvz2=1.6664242003716097
avx2=-3.107738386625812
avy2=-5.354095929607446
avz2=-1.0742609092817317
shx2=1.0
shy2=1.0
shz2=1.0
req2=1.0
rhos2=1.0
rhof=1.0
ndiv=2
tend=100.0
dt=0.05
tprint=1
logevery=100
nbody=2
impulse_scheme=1
energy_projection=0
impulse_pair_metric_correction=0
