cex1=-4.0
cey1=0.0
cez1=0.0
oriw1=0.1388836603874599
orii1=0.6563460722585459
orij1=-0.7401051695102367
orik1=-0.04653493711593341
lvx1=-0.09159659622231836
lvy1=-1.7247101700956118
lvz1=1.3205187920889392
avx1=0.3592037742077529
avy1=-6.040729276671658
avz1=-1.6908518737353213
shx1=1.0
shy1=0.7
shz1=0.7
req1=1.0
rhos1=10.0
cex2=4.0
cey2=0.0
cez2=0.0
oriw2=0.8562318897194854
orii2=-0.29675840183332636
orij2=-0.3769077711435675
orik2=0.19168185626270706
lvx2=-0.0796632134738343
lvy2=-1.5000115738726763
lvz2=1.148479034909365
avx2=5.309713741165793
avy2=3.0370892205615037
avz2=-1.435773888041469
shx2=1.0
shy2=0.7
shz2=0.7
req2=1.0
rhos2=10.0
rhof=1.0
ndiv=2
tend=100.0
dt=0.05
tprint=1
logevery=100
nbody=2
impulse_scheme=1
energy_projection=0
impulse_pair_metric_correction=0
