cex1=-4.0
cey1=0.0
cez1=0.0
oriw1=1.0
orii1=2.0
orij1=0.0
orik1=0.0
lvx1=-0.09159659622231836
lvy1=-1.7247101700956118
lvz1=1.3205187920889392
avx1=0.3592037742077529
avy1=-6.040729276671658
avz1=-1.6908518737353213
shx1=1.0
shy1=0.7
shz1=0.7
req1=1.0
rhos1=10.0
cex2=4.0
cey2=0.0
cez2=0.0
oriw2=1.0
orii2=0.0
orij2=1.0
orik2=0.0
lvx2=-0.0796632134738343
lvy2=-1.5000115738726763
lvz2=1.148479034909365
avx2=5.309713741165793
avy2=3.0370892205615037
avz2=-1.435773888041469
shx2=1.0
shy2=0.7
shz2=0.7
req2=1.0
rhos2=10.0
rhof=1.0
ndiv=2
tend=100.0
dt=0.05
tprint=1
logevery=100
nbody=2
impulse_scheme=1
energy_projection=0
impulse_pair_metric_correction=0
