cex1=-1.5
cey1=0.0
cez1=0.0
oriw1=-0.3562520354563885
orii1=0.8696037007529712
orij1=0.3408732779859152
orik1=-0.02606336941099462
lvx1=-2.5088646292386136
lvy1=-1.6646755503357111
lvz1=0.0545506102733756
avx1=5.696569703471306
avy1=-0.60714768594782
avz1=2.580481138334183
shx1=1.0
shy1=0.7
shz1=0.7
req1=1.0
rhos1=0.1
cex2=1.5
cey2=0.0
cez2=0.0
oriw2=0.6259908998576277
orii2=-0.44107641811005893
orij2=0.4945521564591528
orik2=0.41110236100543085
lvx2=-2.8942784521848517
lvy2=-1.9204043610267556
lvz2=0.06293071934920585
avx2=2.2423557528274065
avy2=3.349551430995197
avz2=4.81983023489804
shx2=1.0
shy2=0.7
shz2=0.7
req2=1.0
rhos2=0.1
rhof=1.0
ndiv=2
tend=100.0
dt=0.05
tprint=1
logevery=100
nbody=2
impulse_scheme=1
energy_projection=0
impulse_pair_metric_correction=0
