cex1=-4.0
cey1=0.0
cez1=0.0
oriw1=-0.8087071391060386
orii1=-0.546520812142339
orij1=-0.13198595940627134
orik1=-0.17287993398254947
lvx1=-1.4213371596743771
lvy1=-2.270854252482861
lvz1=2.0661850924844836
avx1=2.046726455947178
avy1=5.805190145180131
avz1=-1.2605934305662712
shx1=1.0
shy1=0.8
shz1=0.6
req1=1.0
rhos1=1.0
cex2=4.0
cey2=0.0
cez2=0.0
oriw2=0.20080015314335847
orii2=0.10373872191642299
orij2=0.8367474977441567
orik2=-0.4987696874226052
lvx2=-1.3840906078877657
lvy2=-2.211345859319956
lvz2=2.012040113916852
avx2=3.299602747288663
avy2=5.302040988117275
avz2=-0.6923876622001114
shx2=1.0
shy2=0.8
shz2=0.6
req2=1.0
rhos2=1.0
rhof=1.0
ndiv=2
tend=100.0
dt=0.05
tprint=1
logevery=100
nbody=2
impulse_scheme=1
energy_projection=0
impulse_pair_metric_correction=0
