cex1=-4.0
cey1=0.0
cez1=0.0
oriw1=-0.501612260610821
orii1=-0.3107656583512487
orij1=0.6676176647644976
orik1=-0.45397852293783214
lvx1=-7.540838515013292
lvy1=-1.8605451817388081
lvz1=-5.311312790913076
avx1=-2.727803631268998
avy1=4.522573230727498
avz1=-3.4035035369895166
shx1=1.0
shy1=0.7
shz1=0.7
req1=1.0
rhos1=0.3
cex2=4.0
cey2=0.0
cez2=0.0
oriw2=0.20608073052744055
orii2=0.815225838114343
orij2=-0.03639901634401592
orik2=-0.5400117378217176
lvx2=-7.779531863349161
lvy2=-1.9194378046580272
lvz2=-5.479434019288159
avx2=0.7086069714738256
avy2=4.697383756287813
avz2=-4.112283989524498
shx2=1.0
shy2=0.7
shz2=0.7
req2=1.0
rhos2=0.3
rhof=1.0
ndiv=2
tend=100.0
dt=0.05
tprint=1
logevery=100
nbody=2
impulse_scheme=1
energy_projection=0
impulse_pair_metric_correction=0
