cex1=-1.5
cey1=0.0
cez1=0.0
oriw1=0.6386189616589998
orii1=0.17563039805993297
orij1=0.5725303345148782
orik1=-0.4832481775932239
lvx1=-1.9581682168337753
lvy1=2.991326233529415
lvz1=3.7837326861874736
avx1=5.1107551458407485
avy1=2.8921628511773068
avz1=-2.2347244765048107
shx1=1.0
shy1=0.8
shz1=0.6
req1=1.0
rhos1=0.3
cex2=1.5
cey2=0.0
cez2=0.0
oriw2=0.505590128181289
orii2=-0.20808515701601077
orij2=0.7533675695193647
orik2=-0.3653990899164025
lvx2=-2.16388618308817
lvy2=3.305583989259972
lvz2=4.181237755650482
avx2=-3.7349980080102863
avy2=0.3119086051393001
avz2=5.042907941511196
shx2=1.0
shy2=0.8
shz2=0.6
req2=1.0
rhos2=0.3
rhof=1.0
ndiv=2
tend=100.0
dt=0.05
tprint=1
logevery=100
nbody=2
impulse_scheme=1
energy_projection=0
impulse_pair_metric_correction=0
