cex1=-5.5
cey1=0.0
cez1=0.0
oriw1=-0.2504947023887997
orii1=-0.506145263060819
orij1=0.0276416297932524
orik1=0.8248062300071538
lvx1=-2.0379380346158387
lvy1=-8.392533301068681
lvz1=2.459170718728908
avx1=-4.131500557617036
avy1=3.597635566941982
avz1=-3.07670913058768
shx1=1.0
shy1=0.7
shz1=0.7
req1=1.0
rhos1=0.03
cex2=5.5
cey2=0.0
cez2=0.0
oriw2=0.5069759527936326
orii2=0.07265906755079085
orij2=0.41372511039402937
orik2=0.7526802616125164
lvx2=-1.8934990014425142
lvy2=-7.797711782803138
lvz2=2.2848767829035674
avx2=-5.523168957023861
avy2=2.995350976596416
avz2=0.029913266760603942
shx2=1.0
shy2=0.7
shz2=0.7
req2=1.0
rhos2=0.03
rhof=1.0
ndiv=2
tend=100.0
dt=0.05
tprint=1
logevery=100
nbody=2
impulse_scheme=1
energy_projection=0
impulse_pair_metric_correction=0
