cex1=-4.0
cey1=0.0
cez1=0.0
oriw1=0.18864079747682025
orii1=0.7177734865129657
orij1=0.5946476558310236
orik1=0.30920872723938264
lvx1=4.914539856806918
lvy1=1.9448180628842349
lvz1=1.907514718944718
avx1=1.1687126857629344
avy1=6.133247638938611
avz1=0.7041318498322366
shx1=1.0003
shy1=1.0003
shz1=0.9994002698920407
req1=1.0
rhos1=1.0
cex2=4.0
cey2=0.0
cez2=0.0
oriw2=0.5283109428592689
orii2=0.3070088078143236
orij2=-0.7142899231086729
orik2=0.34120821403504364
lvx2=9.597984364946244
lvy2=3.7981853650803123
lvz2=3.7253327843049635
avx2=-0.07309059807665834
avy2=1.934958597958815
avz2=-5.977374891456574
shx2=2.0
shy2=2.0
shz2=0.25
req2=1.0
rhos2=1.0
rhof=1.0
ndiv=2
tend=100.0
dt=0.05
tprint=1
logevery=100
nbody=2
impulse_scheme=1
energy_projection=0
impulse_pair_metric_correction=0
