cex1=-2.5
cey1=0.0
cez1=0.0
oriw1=1.0
orii1=2.0
orij1=0.0
orik1=0.0
lvx1=0.40631379188286104
lvy1=4.864723327561805
lvz1=-6.804744362583073
avx1=5.464956754233117
avy1=-3.082988651707234
avz1=-0.32839953130856425
shx1=1.0
shy1=0.7
shz1=0.7
req1=1.0
rhos1=1.0
cex2=2.5
cey2=0.0
cez2=0.0
oriw2=1.0
orii2=0.0
orij2=1.0
orik2=0.0
lvx2=0.3828215220380392
lvy2=4.583454526417026
lvz2=-6.411307334393495
avx2=-6.282022245448035
avy2=0.08799962140073214
avz2=0.08288654104735521
shx2=1.0
shy2=0.7
shz2=0.7
req2=1.0
rhos2=1.0
rhof=1.0
ndiv=2
tend=100.0
dt=0.05
tprint=1
logevery=100
nbody=2
impulse_scheme=1
energy_projection=0
impulse_pair_metric_correction=0
