cex1=-2.5
cey1=0.0
cez1=0.0
oriw1=-0.4454495796149738
orii1=0.8021271287526991
orij1=-0.3287710942518671
orik1=0.22377736463776632
lvx1=-7.809452504487213
lvy1=-2.6206054543734547
lvz1=-6.098678990778117
avx1=-0.7136510065378614
avy1=0.25786545381574244
avz1=-6.237196906700423
shx1=1.0
shy1=0.8
shz1=0.6
req1=1.0
rhos1=0.1
cex2=2.5
cey2=0.0
cez2=0.0
oriw2=0.3513605567701123
orii2=0.21542099507197265
orij2=-0.3407840175902051
orik2=0.8449886433458598
lvx2=-7.74899534709779
lvy2=-2.600317943012114
lvz2=-6.051465848064056
avx2=0.36253867747429813
avy2=2.116012006810712
avz2=-5.905038230081624
shx2=1.0
shy2=0.8
shz2=0.6
req2=1.0
rhos2=0.1
rhof=1.0
ndiv=2
tend=100.0
dt=0.05
tprint=1
logevery=100
nbody=2
impulse_scheme=1
energy_projection=0
impulse_pair_metric_correction=0
