cex1=-4.0
cey1=0.0
cez1=0.0
oriw1=-0.15079977359659624
orii1=-0.5462061289700316
orij1=-0.426579489885415
orik1=0.7049455523427945
lvx1=3.5560419309799216
lvy1=0.43643551621142856
lvz1=4.346585920509697
avx1=-3.512096430473721
avy1=2.8872641933009944
avz1=-4.336738607005631
shx1=1.01
shy1=1.01
shz1=0.9802960494069208
req1=1.0
rhos1=1.0
cex2=4.0
cey2=0.0
cez2=0.0
oriw2=-0.6425576888888027
orii2=0.23383265166885842
orij2=0.7286182237415184
orik2=0.03946379980622295
lvx2=3.54785174534679
lvy2=0.4354303289937182
lvz2=4.336574973999423
avx2=5.222161825890131
avy2=-3.0568759780863215
avz2=-1.6920262182283328
shx2=1.0
shy2=1.0
shz2=1.0
req2=1.0
rhos2=1.0
rhof=1.0
ndiv=2
tend=100.0
dt=0.05
tprint=1
logevery=100
nbody=2
impulse_scheme=1
energy_projection=0
impulse_pair_metric_correction=0
