cex1=-4.0
cey1=0.0
cez1=0.0
oriw1=-0.052806525122074774
orii1=-0.47315697837324405
orij1=-0.39695650668584564
orik1=-0.7847034322092669
lvx1=-1.3179465970689954
lvy1=-4.52633922195475
lvz1=3.1311700661769
avx1=4.635482612364788
avy1=-2.4868282282633185
avz1=3.4360448073233676
shx1=1.3
shy1=1.0
shz1=0.7692307692307692
req1=1.0
rhos1=1.0
cex2=4.0
cey2=0.0
cez2=0.0
oriw2=0.4996517609351661
orii2=-0.24523061236557211
orij2=0.7718131342637148
orik2=-0.3074321881833702
lvx2=-1.432313321785733
lvy2=-4.91911886334774
lvz2=3.402881883481282
avx2=-5.135524767489433
avy2=-2.2858669369520928
avz2=2.807065249225478
shx2=2.0
shy2=1.0
shz2=0.5
req2=1.0
rhos2=1.0
rhof=1.0
ndiv=2
tend=100.0
dt=0.05
tprint=1
logevery=100
nbody=2
impulse_scheme=1
energy_projection=0
impulse_pair_metric_correction=0
