cex1=-4.0
cey1=0.0
cez1=0.0
oriw1=0.2101049471027551
orii1=-0.49191409681892195
orij1=0.33167182894641406
orik1=-0.7770908765627823
lvx1=0.9197314058488186
lvy1=-3.364884615775894
lvz1=4.408088875143751
avx1=-4.225103270218493
avy1=1.4387393280472305
avz1=4.422323948590451
shx1=1.01
shy1=1.0
shz1=0.9900990099009901
req1=1.0
rhos1=1.0
cex2=4.0
cey2=0.0
cez2=0.0
oriw2=-0.16636159902143322
orii2=0.0011016619486435666
orij2=0.8170746833488969
orik2=0.5520068537095193
lvx2=0.9194858979831724
lvy2=-3.3639864126321153
lvz2=4.406912204993712
avx2=-5.682395843807857
avy2=-2.679693436945872
avz2=0.08965580082652319
shx2=1.0
shy2=1.0
shz2=1.0
req2=1.0
rhos2=1.0
rhof=1.0
ndiv=2
tend=100.0
dt=0.05
tprint=1
logevery=100
nbody=2
impulse_scheme=1
energy_projection=0
impulse_pair_metric_correction=0
