cex1=-4.0
cey1=0.0
cez1=0.0
oriw1=0.5001484142480093
orii1=0.5160909514684702
orij1=-0.3465738435166613
orik1=-0.6028169411418858
lvx1=5.538521240652715
lvy1=-0.9526250669063558
lvz1=0.00646111071805265
avx1=-0.918307127109731
avy1=6.142706953154542
avz1=-0.9498846836978384
shx1=1.0003
shy1=1.0
shz1=0.9997000899730081
req1=1.0
rhos1=1.0
cex2=4.0
cey2=0.0
cez2=0.0
oriw2=-0.11971959048109662
orii2=-0.658135455372651
orij2=0.12363438712192773
orik2=0.7329662204750347
lvx2=5.538519512100092
lvy2=-0.9526247695954878
lvz2=0.006461108701563159
avx2=-4.345865996067802
avy2=-4.096160703532422
avz2=1.952775931697188
shx2=1.0
shy2=1.0
shz2=1.0
req2=1.0
rhos2=1.0
rhof=1.0
ndiv=2
tend=100.0
dt=0.05
tprint=1
logevery=100
nbody=2
impulse_scheme=1
energy_projection=0
impulse_pair_metric_correction=0
