cex1=-1.5
cey1=0.0
cez1=0.0
oriw1=1.0
orii1=2.0
orij1=0.0
orik1=0.0
lvx1=2.1529936563010423
lvy1=2.9924313303081505
lvz1=4.047618725259776
avx1=3.858303342024082
avy1=-2.9635939795191693
avz1=3.976056293595572
shx1=1.0
shy1=0.7
shz1=0.7
req1=1.0
rhos1=0.03
cex2=1.5
cey2=0.0
cez2=0.0
oriw2=1.0
orii2=0.0
orij2=1.0
orik2=0.0
lvx2=2.2827889641545305
lvy2=3.1728329513770523
lvz2=4.291633340435761
avx2=-1.5523144066028136
avy2=-6.002546253420789
avz2=1.0189092515797644
shx2=1.0
shy2=0.7
shz2=0.7
req2=1.0
rhos2=0.03
rhof=1.0
ndiv=2
tend=100.0
dt=0.05
tprint=1
logevery=100
nbody=2
impulse_scheme=1
energy_projection=0
impulse_pair_metric_correction=0
