cex1=-4.0
cey1=0.0
cez1=0.0
oriw1=-0.7136924855496037
orii1=0.4747956095757973
orij1=0.4966284069150431
orik1=-0.13628055856431645
lvx1=0.22763609919859618
lvy1=0.6005904385474448
lvz1=0.4374210347737445
avx1=-0.29842703107631885
avy1=-5.7190111063386615
avz1=2.5850088736898833
shx1=1.0
shy1=0.8
shz1=0.6
req1=1.0
rhos1=0.1
cex2=4.0
cey2=0.0
cez2=0.0
oriw2=-0.2467537980970859
orii2=0.7773509581367879
orij2=0.4570812099969408
orik2=0.35484478082143595
lvx2=0.22424422021968032
lvy2=0.5916413742706507
lvz2=0.43090326708220505
avx2=-3.838021158223422
avy2=2.2599188701761723
avz2=4.431791724980815
shx2=1.0
shy2=0.8
shz2=0.6
req2=1.0
rhos2=0.1
rhof=1.0
ndiv=2
tend=100.0
dt=0.05
tprint=1
logevery=100
nbody=2
impulse_scheme=1
energy_projection=0
impulse_pair_metric_correction=0
