cex1=-4.0
cey1=0.0
cez1=0.0
oriw1=-0.3347645495814887
orii1=0.7618076950792951
orij1=0.4147391425360933
orik1=0.36820262860264963
lvx1=-5.555789297786337
lvy1=-0.6486813940502117
lvz1=4.133040473681348
avx1=2.550398505418097
avy1=1.6835811201909834
avz1=5.48993986120568
shx1=1.3
shy1=1.3
shz1=0.5917159763313609
req1=1.0
rhos1=1.0
cex2=4.0
cey2=0.0
cez2=0.0
oriw2=0.03732756184097981
orii2=0.8863950199937749
orij2=0.4077131464593754
orik2=-0.2160567329694659
lvx2=-5.079104197315717
lvy2=-0.5930247197376253
lvz2=3.7784268071351867
avx2=-3.8877559851277685
avy2=-3.0078002527444556
avz2=3.9136822359577224
shx2=1.3
shy2=1.3
shz2=0.5917159763313609
req2=1.0
rhos2=1.0
rhof=1.0
ndiv=2
tend=100.0
dt=0.05
tprint=1
logevery=100
nbody=2
impulse_scheme=1
energy_projection=0
impulse_pair_metric_correction=0
