cex1=-4.0
cey1=0.0
cez1=0.0
oriw1=-0.6604160192337635
orii1=0.7210823893887883
orij1=0.10566329445835775
orik1=-0.1809036689981484
lvx1=-4.453833266153399
lvy1=1.9509824166452914
lvz1=2.759645534509588
avx1=-3.480475470247017
avy1=-4.524978551547272
avz1=-2.6247432661887897
shx1=1.03
shy1=1.03
shz1=0.9425959091337544
req1=1.0
rhos1=1.0
cex2=4.0
cey2=0.0
cez2=0.0
oriw2=-0.23398167791625255
orii2=0.8684749566633579
orij2=-0.25410211811926703
orik2=-0.35557831432101666
lvx2=-4.476865109139559
lvy2=1.9610714159417875
lvz2=2.773916325275668
avx2=4.042225687208241
avy2=-4.54712778342361
avz2=-1.5692221064108116
shx2=1.0
shy2=1.0
shz2=1.0
req2=1.0
rhos2=1.0
rhof=1.0
ndiv=2
tend=100.0
dt=0.05
tprint=1
logevery=100
nbody=2
impulse_scheme=1
energy_projection=0
impulse_pair_metric_correction=0
