cex1=-4.0
cey1=0.0
cez1=0.0
oriw1=-0.6849938484490756
orii1=-0.6063189678329032
orij1=-0.07733734305451624
orik1=-0.39645891615933665
lvx1=-0.3528478629327645
lvy1=0.4720021864891024
lvz1=0.5630844770117166
avx1=-1.618242849210961
avy1=2.6570282921910042
avz1=-5.458929230154168
shx1=1.0
shy1=0.8
shz1=0.6
req1=1.0
rhos1=4.0
cex2=4.0
cey2=0.0
cez2=0.0
oriw2=-0.09854389989807119
orii2=-0.06404131057694393
orij2=-0.3561807287327099
orik2=0.9269968170451838
lvx2=-0.3190736836046755
lvy2=0.4268226965037239
lvz2=0.5091866981067024
avx2=3.4954721275095233
avy2=-4.988753945938819
avz2=1.5402682484039396
shx2=1.0
shy2=0.8
shz2=0.6
req2=1.0
rhos2=4.0
rhof=1.0
ndiv=2
tend=100.0
dt=0.05
tprint=1
logevery=100
nbody=2
impulse_scheme=1
energy_projection=0
impulse_pair_metric_correction=0
