cex1=-2.5
cey1=0.0
cez1=0.0
oriw1=-0.6203823902824385
orii1=-0.6188015677415056
orij1=-0.20509343829433493
orik1=-0.4360584721762793
lvx1=-1.0303264531344394
lvy1=0.5066747377440884
lvz1=-3.4094548767219437
avx1=0.3407004499225076
avy1=-4.293581035247325
avz1=4.574658752469362
shx1=1.0
shy1=0.8
shz1=0.6
req1=1.0
rhos1=0.1
cex2=2.5
cey2=0.0
cez2=0.0
oriw2=0.07796813903233185
orii2=-0.4583454374893711
orij2=0.7509772540609483
orik2=-0.4689068064248906
lvx2=-0.8496785672075521
lvy2=0.41783908769591227
lvz2=-2.8116726750040093
avx2=6.0741140621282845
avy2=1.536864070278735
avz2=-0.47074918385393355
shx2=1.0
shy2=0.8
shz2=0.6
req2=1.0
rhos2=0.1
rhof=1.0
ndiv=2
tend=100.0
dt=0.05
tprint=1
logevery=100
nbody=2
impulse_scheme=1
energy_projection=0
impulse_pair_metric_correction=0
