cex1=-4.0
cey1=0.0
cez1=0.0
oriw1=0.4064028737363784
orii1=-0.49289246614421395
orij1=-0.4309579419112422
orik1=0.6373138734883421
lvx1=2.7971844509404344
lvy1=-4.260750206314361
lvz1=-2.3738677569632456
avx1=-0.5534518285651571
avy1=-3.6379556870142244
avz1=-5.092876112486556
shx1=1.001
shy1=1.001
shz1=0.9980029960049943
req1=1.0
rhos1=1.0
cex2=4.0
cey2=0.0
cez2=0.0
oriw2=0.16120987103179896
orii2=-0.03314737201205243
orij2=0.25915903900536863
orik2=0.9517085802452446
lvx2=2.7958238516504466
lvy2=-4.258677703121524
lvz2=-2.372713066294361
avx2=-5.441558061780793
avy2=-2.2179985753076994
avz2=-2.2244877577902993
shx2=1.0
shy2=1.0
shz2=1.0
req2=1.0
rhos2=1.0
rhof=1.0
ndiv=2
tend=100.0
dt=0.05
tprint=1
logevery=100
nbody=2
impulse_scheme=1
energy_projection=0
impulse_pair_metric_correction=0
