cex1=-4.0
cey1=0.0
cez1=0.0
oriw1=-0.2117495915078279
orii1=-0.34124818486521
orij1=-0.8070266824239367
orik1=0.4329199933917142
lvx1=-1.6663800162531943
lvy1=-4.418353645829057
lvz1=-3.0589234262524996
avx1=-1.7889602842954244
avy1=2.439283510754213
avz1=5.507080411591397
shx1=1.0060089999999997
shy1=0.9970089730807579
shz1=0.9970089730807579
req1=1.0
rhos1=1.0
cex2=4.0
cey2=0.0
cez2=0.0
oriw2=-0.17600844547934075
orii2=-0.497300727823964
orij2=0.36779216955594046
orik2=-0.7657949681468506
lvx2=-4.275194504059989
lvy2=-11.335542336923767
lvz2=-7.847845325017392
avx2=-2.76741900451271
avy2=0.9903362286621052
avz2=-5.553291259426128
shx2=4.0
shy2=0.5
shz2=0.5
req2=1.0
rhos2=1.0
rhof=1.0
ndiv=2
tend=100.0
dt=0.05
tprint=1
logevery=100
nbody=2
impulse_scheme=1
energy_projection=0
impulse_pair_metric_correction=0
