cex1=-2.5
cey1=0.0
cez1=0.0
oriw1=-0.16367355335883826
orii1=-0.40090624139320774
orij1=-0.7576636184594424
orik1=0.48829396351563376
lvx1=-1.356104633700017
lvy1=3.117551003170512
lvz1=3.472917402847336
avx1=6.214740885161099
avy1=0.8589030656796336
avz1=0.34307267222937177
shx1=1.0
shy1=0.8
shz1=0.6
req1=1.0
rhos1=1.0
cex2=2.5
cey2=0.0
cez2=0.0
oriw2=0.5331188201173545
orii2=-0.7426133563250098
orij2=-0.29224884800703715
orik2=0.2808920388386673
lvx2=-1.5336003215409089
lvy2=3.5255961096731263
lvz2=3.9274751470762013
avx2=-4.366351360752273
avy2=2.403787806738231
avz2=3.8255976760489077
shx2=1.0
shy2=0.8
shz2=0.6
req2=1.0
rhos2=1.0
rhof=1.0
ndiv=2
tend=100.0
dt=0.05
tprint=1
logevery=100
nbody=2
impulse_scheme=1
energy_projection=0
impulse_pair_metric_correction=0
