cex1=-1.5
cey1=0.0
cez1=0.0
oriw1=-0.0013621239603329146
orii1=-0.07934416911641327
orij1=0.9383395139578946
orik1=0.33648418089236354
lvx1=-1.100425196432163
lvy1=4.455277129910802
lvz1=-1.4947439376528182
avx1=-6.104836563005623
avy1=-1.3404516641388153
avz1=-0.6423219437747771
shx1=1.0
shy1=0.7
shz1=0.7
req1=1.0
rhos1=10.0
cex2=1.5
cey2=0.0
cez2=0.0
oriw2=0.7639436310034994
orii2=0.4800043284907068
orij2=-0.19610187759822983
orik2=0.3840963770745874
lvx2=-1.289705761989847
lvy2=5.2216148851711335
lvz2=-1.7518499897499147
avx2=-2.8464252502502303
avy2=3.659370066197934
avz2=-4.240906933394068
shx2=1.0
shy2=0.7
shz2=0.7
req2=1.0
rhos2=10.0
rhof=1.0
ndiv=2
tend=100.0
dt=0.05
tprint=1
logevery=100
nbody=2
impulse_scheme=1
energy_projection=0
impulse_pair_metric_correction=0
