cex1=-5.5
cey1=0.0
cez1=0.0
oriw1=-0.4148917565247684
orii1=0.766409759444631
orij1=0.2259513300041911
orik1=0.43523201567112707
lvx1=1.4783997837065381
lvy1=3.112021813529834
lvz1=-0.792662215827172
avx1=-1.048241126763033
avy1=-6.031493623558784
avz1=-1.4144584877223283
shx1=1.0
shy1=0.7
shz1=0.7
req1=1.0
rhos1=0.03
cex2=5.5
cey2=0.0
cez2=0.0
oriw2=-0.4756117558019091
orii2=0.5349889621341757
orij2=0.03210599851055009
orik2=-0.6975309835392713
lvx2=1.2896247965388214
lvy2=2.7146517081028154
lvz2=-0.6914481861240869
avx2=5.330153577364159
avy2=1.4802427643444254
avz2=-2.9793895020079977
shx2=1.0
shy2=0.7
shz2=0.7
req2=1.0
rhos2=0.03
rhof=1.0
ndiv=2
tend=100.0
dt=0.05
tprint=1
logevery=100
nbody=2
impulse_scheme=1
energy_projection=0
impulse_pair_metric_correction=0
