cex1=-4.0
cey1=0.0
cez1=0.0
oriw1=0.27271048299699485
orii1=0.033144439765194704
orij1=-0.8548374026736314
orik1=-0.4402084205991488
lvx1=-2.916620038091755
lvy1=-2.2396429627453887
lvz1=-4.2498370551452025
avx1=-3.2920621611732144
avy1=-2.152286256534802
avz1=-4.89983756886495
shx1=1.0001
shy1=1.0
shz1=0.9999000099990001
req1=1.0
rhos1=1.0
cex2=4.0
cey2=0.0
cez2=0.0
oriw2=-0.29293236681351165
orii2=0.8171744106941111
orij2=-0.48796246644739
orik2=-0.09115504549034188
lvx2=-2.9165713735126353
lvy2=-2.2396055937083736
lvz2=-4.249766145486448
avx2=-4.770943927627529
avy2=-3.6014909097094594
avz2=1.935400442045929
shx2=1.0
shy2=1.0
shz2=1.0
req2=1.0
rhos2=1.0
rhof=1.0
ndiv=2
tend=100.0
dt=0.05
tprint=1
logevery=100
nbody=2
impulse_scheme=1
energy_projection=0
impulse_pair_metric_correction=0
