cex1=-5.5
cey1=0.0
cez1=0.0
oriw1=0.17868932194140463
orii1=-0.971599349161927
orij1=-0.1346964545590189
orik1=-0.0769525572120308
lvx1=-4.187720874390443
lvy1=5.848384016096023
lvz1=6.518458924296522
avx1=-0.7074418539069778
avy1=4.152192300674593
avz1=-4.662321602583493
shx1=1.0
shy1=0.7
shz1=0.7
req1=1.0
rhos1=10.0
cex2=5.5
cey2=0.0
cez2=0.0
oriw2=-0.06947501190076903
orii2=-0.9883939970839724
orij2=-0.009281396375829074
orik2=-0.1347753127656224
lvx2=-4.189381196656652
lvy2=5.850702748049397
lvz2=6.5210433235002885
avx2=-0.6398398468520397
avy2=-3.099403950010784
avz2=5.42795704933222
shx2=1.0
shy2=0.7
shz2=0.7
req2=1.0
rhos2=10.0
rhof=1.0
ndiv=2
tend=100.0
dt=0.05
tprint=1
logevery=100
nbody=2
impulse_scheme=1
energy_projection=0
impulse_pair_metric_correction=0
