cex1=-1.5
cey1=0.0
cez1=0.0
oriw1=0.10176928601127407
orii1=0.29691995671009364
orij1=0.6280245668161689
orik1=0.7120861571519244
lvx1=-0.026277949311014168
lvy1=0.7581349168869198
lvz1=-0.2864906911854818
avx1=-0.6070694477977804
avy1=-3.8001968807177353
avz1=4.96672809379486
shx1=1.0
shy1=0.8
shz1=0.6
req1=1.0
rhos1=1.0
cex2=1.5
cey2=0.0
cez2=0.0
oriw2=0.683755538101818
orii2=-0.5192245167958385
orij2=0.5070346561969346
orik2=0.0761585365436978
lvx2=-0.02502743315579052
lvy2=0.7220567606280195
lvz2=-0.27285716014360284
avx2=0.039851900691585014
avy2=-5.945096118966576
avz2=-2.032894873479014
shx2=1.0
shy2=0.8
shz2=0.6
req2=1.0
rhos2=1.0
rhof=1.0
ndiv=2
tend=100.0
dt=0.05
tprint=1
logevery=100
nbody=2
impulse_scheme=1
energy_projection=0
impulse_pair_metric_correction=0
