cex1=-4.0
cey1=0.0
cez1=0.0
oriw1=-0.8070090997814952
orii1=-0.2945199773736135
orij1=0.3481905373914
orik1=-0.37517681893847743
lvx1=1.5906311922349194
lvy1=3.7193429854348787
lvz1=-3.901168318654251
avx1=5.7420421396813675
avy1=1.8846171716132252
avz1=-1.719182301834633
shx1=1.0
shy1=1.0
shz1=1.0
req1=1.0
rhos1=1.0
cex2=4.0
cey2=0.0
cez2=0.0
oriw2=-0.49559034530096846
orii2=-0.30356989657271743
orij2=0.5645960678362728
orik2=0.5860604130318949
lvx2=1.5906311922349192
lvy2=3.7193429854348783
lvz2=-3.9011683186542503
avx2=-1.080224021637392
avy2=2.603512879859158
avz2=-5.615447831815593
shx2=1.0
shy2=1.0
shz2=1.0
req2=1.0
rhos2=1.0
rhof=1.0
ndiv=2
tend=100.0
dt=0.05
tprint=1
logevery=100
nbody=2
impulse_scheme=1
energy_projection=0
impulse_pair_metric_correction=0
