cex1=-2.5
cey1=0.0
cez1=0.0
oriw1=0.5438759105455122
orii1=0.2855613399759506
orij1=-0.4890961804939285
orik1=0.6192242253543381
lvx1=7.262466397161606
lvy1=1.4268025768857466
lvz1=-5.64025176107994
avx1=-3.132156995048984
avy1=-3.774932976074095
avz1=-3.926562260918772
shx1=1.0
shy1=0.7
shz1=0.7
req1=1.0
rhos1=1.0
cex2=2.5
cey2=0.0
cez2=0.0
oriw2=0.2862425142898241
orii2=0.6120847136357473
orij2=0.4671646041207477
orik2=-0.5702409657357055
lvx2=7.134241898072033
lvy2=1.4016112664251035
lvz2=-5.540668724511782
avx2=3.6747635357017945
avy2=-2.694018019438403
avz2=-4.326291422451227
shx2=1.0
shy2=0.7
shz2=0.7
req2=1.0
rhos2=1.0
rhof=1.0
ndiv=2
tend=100.0
dt=0.05
tprint=1
logevery=100
nbody=2
impulse_scheme=1
energy_projection=0
impulse_pair_metric_correction=0
