cex1=-4.0
cey1=0.0
cez1=0.0
oriw1=0.6617122650687634
orii1=-0.5221235070673367
orij1=0.47609240072365017
orik1=0.25071886167271645
lvx1=-3.25377023034505
lvy1=-4.039556342625592
lvz1=-2.1633142360930226
avx1=1.0259871399634795
avy1=3.9970207215565416
avz1=4.738100183030601
shx1=1.0001
shy1=1.0001
shz1=0.9998000299960006
req1=1.0
rhos1=1.0
cex2=4.0
cey2=0.0
cez2=0.0
oriw2=0.06227447721495871
orii2=0.47169688215965533
orij2=0.018604879884118648
orik2=-0.8793621547991256
lvx2=-3.2536553362721863
lvy2=-4.0394137016128875
lvz2=-2.1632378471762053
avx2=3.702176238671937
avy2=-3.744597953327807
avz2=3.4278703111558264
shx2=1.0
shy2=1.0
shz2=1.0
req2=1.0
rhos2=1.0
rhof=1.0
ndiv=2
tend=100.0
dt=0.05
tprint=1
logevery=100
nbody=2
impulse_scheme=1
energy_projection=0
impulse_pair_metric_correction=0
