cex1=-5.5
cey1=0.0
cez1=0.0
oriw1=0.268088053739204
orii1=0.3499610143960777
orij1=-0.32365258836688493
orik1=-0.8372007440803011
lvx1=0.5338875256716678
lvy1=-0.4895214835616209
lvz1=-0.1965700901563429
avx1=-3.221874160649031
avy1=4.743796116923237
avz1=-2.567945267789709
shx1=1.0
shy1=0.8
shz1=0.6
req1=1.0
rhos1=0.1
cex2=5.5
cey2=0.0
cez2=0.0
oriw2=-0.2292338938896227
orii2=-0.9405486437937224
orij2=-0.23569703235786502
orik2=-0.08524658050435828
lvx2=0.5372057011662715
lvy2=-0.4925639187426878
lvz2=-0.19779179702298724
avx2=2.3057771917604066
avy2=5.6366128439692025
avz2=-1.5460933974105
shx2=1.0
shy2=0.8
shz2=0.6
req2=1.0
rhos2=0.1
rhof=1.0
ndiv=2
tend=100.0
dt=0.05
tprint=1
logevery=100
nbody=2
impulse_scheme=1
energy_projection=0
impulse_pair_metric_correction=0
