cex1=-4.0
cey1=0.0
cez1=0.0
oriw1=-0.4868936034507359
orii1=-0.7689338862082367
orij1=-0.12641377433843082
orik1=0.3945818739082785
lvx1=-4.960443823781076
lvy1=2.711712496395574
lvz1=2.708531735830652
avx1=-1.0912131212692533
avy1=-4.0359020704497945
avz1=4.690326854928801
shx1=1.3
shy1=1.0
shz1=0.7692307692307692
req1=1.0
rhos1=1.0
cex2=4.0
cey2=0.0
cez2=0.0
oriw2=0.5716710582985488
orii2=0.262340236133081
orij2=0.26193828156538157
orik2=0.7319550110901841
lvx2=-5.148088001304287
lvy2=2.8142914347208348
lvz2=2.8109903520191635
avx2=-0.3893811803898292
avy2=0.7317873401463616
avz2=-6.228265182979701
shx2=1.3
shy2=1.0
shz2=0.7692307692307692
req2=1.0
rhos2=1.0
rhof=1.0
ndiv=2
tend=100.0
dt=0.05
tprint=1
logevery=100
nbody=2
impulse_scheme=1
energy_projection=0
impulse_pair_metric_correction=0
