cex1=-4.0
cey1=0.0
cez1=0.0
oriw1=-0.13976722872709396
orii1=-0.5265349840884663
orij1=-0.7084603306990277
orik1=-0.4486758207556216
lvx1=-0.5389545938772466
lvy1=-0.29708810122262713
lvz1=-0.4824517479331198
avx1=2.9305329451793845
avy1=3.282594699300916
avz1=-4.484971159516771
shx1=1.0
shy1=0.8
shz1=0.6
req1=1.0
rhos1=1.0
cex2=4.0
cey2=0.0
cez2=0.0
oriw2=-0.19504291588473144
orii2=-0.6643026276383003
orij2=-0.5057800115879788
orik2=-0.5146327425981517
lvx2=-0.5049407680291307
lvy2=-0.27833864987490287
lvz2=-0.45200385877744464
avx2=-4.221743841624309
avy2=-3.7703116831838392
avz2=-2.727644836065008
shx2=1.0
shy2=0.8
shz2=0.6
req2=1.0
rhos2=1.0
rhof=1.0
ndiv=2
tend=100.0
dt=0.05
tprint=1
logevery=100
nbody=2
impulse_scheme=1
energy_projection=0
impulse_pair_metric_correction=0
