cex1=-1.5
cey1=0.0
cez1=0.0
oriw1=1.0
orii1=1.0
orij1=1.0
orik1=0.0
lvx1=-0.6791938091235465
lvy1=0.31550155802497515
lvz1=0.7372275124385334
avx1=-1.9412050859633572
avy1=-5.402178572403568
avz1=2.5547225075242856
shx1=1.0
shy1=0.8
shz1=0.6
req1=1.0
rhos1=1.0
cex2=1.5
cey2=0.0
cez2=0.0
oriw2=1.0
orii2=-1.0
orij2=0.0
orik2=1.0
lvx2=-0.7281457122015992
lvy2=0.33824087260933977
lvz2=0.7903621100314281
avx2=-1.2243453636520023
avy2=-2.3415051037391534
avz2=-5.7005920643407535
shx2=1.0
shy2=0.8
shz2=0.6
req2=1.0
rhos2=1.0
rhof=1.0
ndiv=2
tend=100.0
dt=0.05
tprint=1
logevery=100
nbody=2
impulse_scheme=1
energy_projection=1
