cex1=-2.5
cey1=0.0
cez1=0.0
oriw1=0.1267423295170955
orii1=0.2927134825926441
orij1=0.19043085266297308
orik1=0.9284348600581082
lvx1=-0.16829589885096377
lvy1=0.006200910662875381
lvz1=-0.7463780572009895
avx1=2.8840725233877627
avy1=-2.606222950386063
avz1=-4.936410154867415
shx1=1.0
shy1=0.7
shz1=0.7
req1=1.0
rhos1=0.03
cex2=2.5
cey2=0.0
cez2=0.0
oriw2=0.01879506121199054
orii2=-0.8425580245830194
orij2=0.5303442375832519
orik2=-0.09207448369139357
lvx2=-0.17293145513458014
lvy2=0.006371709063690191
lvz2=-0.76693635669987
avx2=-1.5300612730946268
avy2=-1.0519293574338726
avz2=6.002564013144903
shx2=1.0
shy2=0.7
shz2=0.7
req2=1.0
rhos2=0.03
rhof=1.0
ndiv=2
tend=100.0
dt=0.05
tprint=1
logevery=100
nbody=2
impulse_scheme=1
energy_projection=0
impulse_pair_metric_correction=0
