cex1=-4.0
cey1=0.0
cez1=0.0
oriw1=0.10277343027688975
orii1=0.6976579046744721
orij1=0.4211088868403193
orik1=-0.5704194732812456
lvx1=-1.4061291100928968
lvy1=-0.25114042438947887
lvz1=3.3775232538472766
avx1=6.212657081927505
avy1=-0.34334754706042026
avz1=0.8737402638433511
shx1=4.0
shy1=0.5
shz1=0.5
req1=1.0
rhos1=1.0
cex2=4.0
cey2=0.0
cez2=0.0
oriw2=-0.45678781660086776
orii2=-0.49035819568681616
orij2=-0.17619352159587265
orik2=0.7210059455201648
lvx2=-6.136504589682582
lvy2=-1.0960048802481968
lvz2=14.739888961991673
avx2=-0.2781664854220563
avy2=-5.894761840299591
avz2=-2.157040532046895
shx2=4.0
shy2=0.5
shz2=0.5
req2=1.0
rhos2=1.0
rhof=1.0
ndiv=2
tend=100.0
dt=0.05
tprint=1
logevery=100
nbody=2
impulse_scheme=1
energy_projection=0
impulse_pair_metric_correction=0
