cex1=-4.0
cey1=0.0
cez1=0.0
oriw1=0.5288367621076323
orii1=-0.40996034000099973
orij1=0.721740335626842
orik1=0.1770736756241133
lvx1=-0.5587957120313546
lvy1=-3.819369017453885
lvz1=-4.092264237932377
avx1=-1.6059038934745367
avy1=-2.8054817616350705
avz1=-5.387834664725129
shx1=1.003
shy1=1.0
shz1=0.9970089730807579
req1=1.0
rhos1=1.0
cex2=4.0
cey2=0.0
cez2=0.0
oriw2=-0.001773639139457191
orii2=-0.49832638400401064
orij2=0.18773816886659953
orik2=0.8464171838758393
lvx2=-0.5577807726437308
lvy2=-3.812431906147873
lvz2=-4.084831467654769
avx2=-5.097341955418211
avy2=2.9989349500764293
avz2=-2.1217709016528525
shx2=1.003
shy2=1.0
shz2=0.9970089730807579
req2=1.0
rhos2=1.0
rhof=1.0
ndiv=2
tend=100.0
dt=0.05
tprint=1
logevery=100
nbody=2
impulse_scheme=1
energy_projection=0
impulse_pair_metric_correction=0
