cex1=-5.5
cey1=0.0
cez1=0.0
oriw1=0.41508487678986816
orii1=-0.8262831482863666
orij1=-0.24354314979233418
orik1=0.29265583559454095
lvx1=-1.0040267017627584
lvy1=0.3646840127930262
lvz1=-0.4285106560167947
avx1=5.152458526063064
avy1=0.06474025139119131
avz1=3.595329948893045
shx1=1.0
shy1=0.7
shz1=0.7
req1=1.0
rhos1=0.1
cex2=5.5
cey2=0.0
cez2=0.0
oriw2=0.121933394032665
orii2=-0.18935141310113815
orij2=0.8960160564128684
orik2=-0.3826663251797947
lvx2=-1.0767818992546363
lvy2=0.3911102595515078
lvz2=-0.4595619989254444
avx2=3.6350217915592578
avy2=-2.371205418322614
avz2=4.5433928999553
shx2=1.0
shy2=0.7
shz2=0.7
req2=1.0
rhos2=0.1
rhof=1.0
ndiv=2
tend=100.0
dt=0.05
tprint=1
logevery=100
nbody=2
impulse_scheme=1
energy_projection=0
impulse_pair_metric_correction=0
