cex1=-4.0
cey1=0.0
cez1=0.0
oriw1=-0.8132041351094927
orii1=-0.24751368645547595
orij1=-0.08575489834506647
orik1=0.5196942438279162
lvx1=0.12616376372029756
lvy1=0.4746727075068413
lvz1=0.49563558872383023
avx1=5.131694849082959
avy1=3.2094905164605474
avz1=-1.686207639943155
shx1=1.0
shy1=0.7
shz1=0.7
req1=1.0
rhos1=0.3
cex2=4.0
cey2=0.0
cez2=0.0
oriw2=0.22297243401327002
orii2=-0.35445296732153664
orij2=0.7225993888441338
orik2=-0.5499968280537989
lvx2=0.12464464344655773
lvy2=0.4689572396728027
lvz2=0.48966770976227225
avx2=5.335238721044635
avy2=2.8871098413372684
avz2=-1.6365335798195353
shx2=1.0
shy2=0.7
shz2=0.7
req2=1.0
rhos2=0.3
rhof=1.0
ndiv=2
tend=100.0
dt=0.05
tprint=1
logevery=100
nbody=2
impulse_scheme=1
energy_projection=0
impulse_pair_metric_correction=0
