cex1=-4.0
cey1=0.0
cez1=0.0
oriw1=1.0
orii1=1.0
orij1=1.0
orik1=0.0
lvx1=-0.10861273182311243
lvy1=0.7884853841467786
lvz1=0.7149263875221282
avx1=-1.9347444997369405
avy1=-3.3989057425154936
avz1=-4.9175828491841695
shx1=1.0
shy1=0.7
shz1=0.7
req1=1.0
rhos1=1.0
cex2=4.0
cey2=0.0
cez2=0.0
oriw2=1.0
orii2=-1.0
orij2=0.0
orik2=1.0
lvx2=-0.11040303938071726
lvy2=0.8014823074227525
lvz2=0.7267108081257505
avx2=-0.18428883804738738
avy2=-4.56249124272316
avz2=4.316031613485129
shx2=1.0
shy2=0.7
shz2=0.7
req2=1.0
rhos2=1.0
rhof=1.0
ndiv=2
tend=100.0
dt=0.05
tprint=1
logevery=100
nbody=2
impulse_scheme=1
energy_projection=1
