cex1=-4.0
cey1=0.0
cez1=0.0
oriw1=-0.4355030577109184
orii1=0.5278890339054704
orij1=-0.3654587102325254
orik1=-0.6309597338356613
lvx1=-4.0264827290835745
lvy1=-3.9044028981742525
lvz1=-0.3904263087081014
avx1=1.4575268008310933
avy1=-4.493926443080439
avz1=4.142301094005469
shx1=1.0020009999999997
shy1=0.9990009990009991
shz1=0.9990009990009991
req1=1.0
rhos1=1.0
cex2=4.0
cey2=0.0
cez2=0.0
oriw2=-0.2901724022141428
orii2=-0.44178699367004537
orij2=-0.827556285735248
orik2=-0.18914233570868708
lvx2=-9.558171832002452
lvy2=-9.268375481300438
lvz2=-0.9268043594007459
avx2=3.5296772476055014
avy2=-4.970210227807631
avz2=-1.5221059173033586
shx2=4.0
shy2=0.5
shz2=0.5
req2=1.0
rhos2=1.0
rhof=1.0
ndiv=2
tend=100.0
dt=0.05
tprint=1
logevery=100
nbody=2
impulse_scheme=1
energy_projection=0
impulse_pair_metric_correction=0
