cex1=-4.0
cey1=0.0
cez1=0.0
oriw1=0.7613322490322905
orii1=0.2416379743631624
orij1=0.60105587022379
orik1=0.026760732400748253
lvx1=-0.050902804310657884
lvy1=5.212880204276253
lvz1=2.2339346601835706
avx1=1.7743073267162346
avy1=-3.1530396605342808
avz1=5.136982773361849
shx1=1.03
shy1=1.0
shz1=0.970873786407767
req1=1.0
rhos1=1.0
cex2=4.0
cey2=0.0
cez2=0.0
oriw2=0.8173376004118732
orii2=0.09329902094736486
orij2=-0.28108886726208465
orik2=0.4942100649972059
lvx2=-0.050342103953569535
lvy2=5.155459717692481
lvz2=2.209327608005608
avx2=-4.26182639464266
avy2=-3.112818564747194
avz2=3.409635459876877
shx2=1.03
shy2=1.0
shz2=0.970873786407767
req2=1.0
rhos2=1.0
rhof=1.0
ndiv=2
tend=100.0
dt=0.05
tprint=1
logevery=100
nbody=2
impulse_scheme=1
energy_projection=0
impulse_pair_metric_correction=0
