cex1=-4.0
cey1=0.0
cez1=0.0
oriw1=-0.0028241170080272873
orii1=0.7619413814113497
orij1=-0.2992838339334229
orik1=-0.5743400929781938
lvx1=-1.0164559313226091
lvy1=-2.6393276135469614
lvz1=4.891183936891733
avx1=3.0741803662693004
avy1=2.755146874905071
avz1=4.736770880853602
shx1=1.03
shy1=1.0
shz1=0.970873786407767
req1=1.0
rhos1=1.0
cex2=4.0
cey2=0.0
cez2=0.0
oriw2=0.8141729310507116
orii2=0.31458910504072757
orij2=0.12309995400282553
orik2=0.47223144183595966
lvx2=-1.5105643932880077
lvy2=-3.9223287428291593
lvz2=7.268832881399084
avx2=-0.020462863557863552
avy2=-5.308423527669807
avz2=3.361344749717601
shx2=2.0
shy2=1.0
shz2=0.5
req2=1.0
rhos2=1.0
rhof=1.0
ndiv=2
tend=100.0
dt=0.05
tprint=1
logevery=100
nbody=2
impulse_scheme=1
energy_projection=0
impulse_pair_metric_correction=0
