cex1=-4.0
cey1=0.0
cez1=0.0
oriw1=1.0
orii1=2.0
orij1=0.0
orik1=0.0
lvx1=0.5030644015667858
lvy1=-0.18814216617733098
lvz1=-0.786696799643257
avx1=-5.184132431771731
avy1=-3.200312986155824
avz1=1.5366148915236844
shx1=1.0
shy1=0.7
shz1=0.7
req1=1.0
rhos1=0.03
cex2=4.0
cey2=0.0
cez2=0.0
oriw2=1.0
orii2=0.0
orij2=1.0
orik2=0.0
lvx2=0.4858837578668902
lvy2=-0.18171673930961385
lvz2=-0.7598295489047359
avx2=5.728391369127204
avy2=-2.4572228865321804
avz2=0.7912051645236279
shx2=1.0
shy2=0.7
shz2=0.7
req2=1.0
rhos2=0.03
rhof=1.0
ndiv=2
tend=100.0
dt=0.05
tprint=1
logevery=100
nbody=2
impulse_scheme=1
energy_projection=1
