cex1=-4.0
cey1=0.0
cez1=0.0
oriw1=-0.13438460956943257
orii1=0.2104629829065923
orij1=0.45964297799849557
orik1=-0.8522760364539209
lvx1=4.8732725283586245
lvy1=-0.9873112941462865
lvz1=-5.18566182112
avx1=1.7679512766976084
avy1=0.33816872344429244
avz1=-6.019834532781179
shx1=1.6900000000000002
shy1=0.7692307692307692
shz1=0.7692307692307692
req1=1.0
rhos1=1.0
cex2=4.0
cey2=0.0
cez2=0.0
oriw2=-0.1349821290053108
orii2=0.7092585299300004
orij2=0.1915932144866379
orik2=0.6648490074696701
lvx2=5.350211597195349
lvy2=-1.0839378067293437
lvz2=-5.6931739099422005
avx2=-5.554889165751794
avy2=-0.21806971339509165
avz2=2.928151218887194
shx2=4.0
shy2=0.5
shz2=0.5
req2=1.0
rhos2=1.0
rhof=1.0
ndiv=2
tend=100.0
dt=0.05
tprint=1
logevery=100
nbody=2
impulse_scheme=1
energy_projection=0
impulse_pair_metric_correction=0
