cex1=-1.5
cey1=0.0
cez1=0.0
oriw1=-0.7001034082410362
orii1=0.2417861504383909
orij1=-0.5076174001086827
orik1=-0.4401354908802179
lvx1=-1.1326236044335596
lvy1=0.21742093437274312
lvz1=-0.16484953593879695
avx1=4.956592018762959
avy1=-3.4105135732831116
avz1=1.8108037801883548
shx1=1.0
shy1=0.8
shz1=0.6
req1=1.0
rhos1=10.0
cex2=1.5
cey2=0.0
cez2=0.0
oriw2=-0.3928743242729245
orii2=0.7298348543211252
orij2=0.526324653645484
orik2=-0.18966604785811383
lvx2=-1.183620635897562
lvy2=0.22721043742365718
lvz2=-0.17227198143453726
avx2=3.604362779103277
avy2=-4.800229163298575
avz2=1.8560136154646603
shx2=1.0
shy2=0.8
shz2=0.6
req2=1.0
rhos2=10.0
rhof=1.0
ndiv=2
tend=100.0
dt=0.05
tprint=1
logevery=100
nbody=2
impulse_scheme=1
energy_projection=0
impulse_pair_metric_correction=0
