cex1=-4.0
cey1=0.0
cez1=0.0
oriw1=0.8431819383985222
orii1=-0.48528816439030553
orij1=-0.12475817752057095
orik1=-0.19487178708818828
lvx1=9.778847996941838
lvy1=0.6843973266628366
lvz1=-0.7425568382260054
avx1=-0.6871597060864195
avy1=-4.3069795868495495
avz1=4.522848215577209
shx1=1.0
shy1=0.8
shz1=0.6
req1=1.0
rhos1=1.0
cex2=4.0
cey2=0.0
cez2=0.0
oriw2=-0.20690489912057525
orii2=0.9160123955719311
orij2=0.3121249607209587
orik2=0.14383901686752615
lvx2=9.388321159958727
lvy2=0.6570653215733904
lvz2=-0.7129021822375627
avx2=3.9050387555824035
avy2=1.1563946447314648
avz2=4.7845419161496805
shx2=1.0
shy2=0.8
shz2=0.6
req2=1.0
rhos2=1.0
rhof=1.0
ndiv=2
tend=100.0
dt=0.05
tprint=1
logevery=100
nbody=2
impulse_scheme=1
energy_projection=0
impulse_pair_metric_correction=0
