cex1=-4.0
cey1=0.0
cez1=0.0
oriw1=-0.10289625118772004
orii1=-0.6867566817609946
orij1=0.1949466682310512
orik1=-0.6926567823198977
lvx1=-2.0594654166435635
lvy1=4.928384526298794
lvz1=-1.7471010966952434
avx1=-2.459151125907387
avy1=5.305064541400021
avz1=-2.29940939284114
shx1=1.0
shy1=1.0
shz1=1.0
req1=1.0
rhos1=1.0
cex2=4.0
cey2=0.0
cez2=0.0
oriw2=-0.08007561411326312
orii2=0.8719795161152922
orij2=-0.15290454401907289
orik2=-0.45810459495408246
lvx2=-4.259818787935913
lvy2=10.193919659751064
lvz2=-3.613721316211788
avx2=-4.391345719573948
avy2=1.2560620383964471
avz2=-4.314719982946326
shx2=4.0
shy2=0.5
shz2=0.5
req2=1.0
rhos2=1.0
rhof=1.0
ndiv=2
tend=100.0
dt=0.05
tprint=1
logevery=100
nbody=2
impulse_scheme=1
energy_projection=0
impulse_pair_metric_correction=0
