cex1=-4.0
cey1=0.0
cez1=0.0
oriw1=-0.7582456394813004
orii1=0.0566319470716716
orij1=-0.07251981141173207
orik1=0.645443452001236
lvx1=-3.714214184946193
lvy1=1.4950676365727504
lvz1=-3.897965598491477
avx1=4.403614663187545
avy1=-1.670075548587373
avz1=-4.159019495569558
shx1=1.2100000000000002
shy1=0.9090909090909091
shz1=0.9090909090909091
req1=1.0
rhos1=1.0
cex2=4.0
cey2=0.0
cez2=0.0
oriw2=0.4087318462210361
orii2=-0.5321343779577622
orij2=-0.5219522039019746
orik2=0.5266281216590322
lvx2=-3.7354447804036566
lvy2=1.5036135024256863
lvz2=-3.9202465243099436
avx2=-3.206176849153229
avy2=-5.08046055326544
avz2=-1.8405890858703713
shx2=1.0
shy2=1.0
shz2=1.0
req2=1.0
rhos2=1.0
rhof=1.0
ndiv=2
tend=100.0
dt=0.05
tprint=1
logevery=100
nbody=2
impulse_scheme=1
energy_projection=0
impulse_pair_metric_correction=0
