cex1=-2.5
cey1=0.0
cez1=0.0
oriw1=-0.5580195282515197
orii1=0.5197011063924025
orij1=0.4786013345628019
orik1=-0.4352766116611012
lvx1=1.7927244298590475
lvy1=0.34121788073662523
lvz1=-0.5717053158454468
avx1=4.9849139785760315
avy1=-3.780129657898418
avz1=-0.5828121481502412
shx1=1.0
shy1=0.8
shz1=0.6
req1=1.0
rhos1=0.3
cex2=2.5
cey2=0.0
cez2=0.0
oriw2=-0.22709234219530833
orii2=0.6626089737683768
orij2=0.6986002630931624
orik2=-0.14606877970337104
lvx2=1.6832804223606948
lvy2=0.32038687532613536
lvz2=-0.5368032863800724
avx2=6.271613517703641
avy2=0.37401193092855933
avz2=-0.07346131252222056
shx2=1.0
shy2=0.8
shz2=0.6
req2=1.0
rhos2=0.3
rhof=1.0
ndiv=2
tend=100.0
dt=0.05
tprint=1
logevery=100
nbody=2
impulse_scheme=1
energy_projection=0
impulse_pair_metric_correction=0
