cex1=-2.5
cey1=0.0
cez1=0.0
oriw1=0.4319944325024611
orii1=-0.043089121889082725
orij1=-0.8865875675649413
orik1=-0.15964530341035754
lvx1=-0.5038008184024536
lvy1=-0.2802043344754793
lvz1=1.0877101957880475
avx1=-3.709677581968274
avy1=5.005173396802042
avz1=-0.8154441183456757
shx1=1.0
shy1=0.7
shz1=0.7
req1=1.0
rhos1=10.0
cex2=2.5
cey2=0.0
cez2=0.0
oriw2=0.16539927197606635
orii2=0.6684342146355353
orij2=-0.7238254493075086
orik2=0.04376643084768808
lvx2=-0.5062359096450704
lvy2=-0.2815586854334396
lvz2=1.0929675782207864
avx2=-3.574548926057824
avy2=5.010546292783091
avz2=-1.263108636441819
shx2=1.0
shy2=0.7
shz2=0.7
req2=1.0
rhos2=10.0
rhof=1.0
ndiv=2
tend=100.0
dt=0.05
tprint=1
logevery=100
nbody=2
impulse_scheme=1
energy_projection=0
impulse_pair_metric_correction=0
