cex1=-2.5
cey1=0.0
cez1=0.0
oriw1=-0.4063112659765362
orii1=0.0007387188829806729
orij1=0.028526480134809018
orik1=-0.9132890283837175
lvx1=-5.545534145539507
lvy1=1.2896952781701296
lvz1=0.19875415805219324
avx1=1.108316974206782
avy1=-5.7451529230806635
avz1=-2.2898185472784216
shx1=1.0
shy1=0.8
shz1=0.6
req1=1.0
rhos1=0.1
cex2=2.5
cey2=0.0
cez2=0.0
oriw2=0.8191591091089013
orii2=-0.4449361462392385
orij2=0.24669764927704727
orik2=0.2648593014694121
lvx2=-5.204354427455673
lvy2=1.2103489321064127
lvz2=0.1865261407264357
avx2=-4.9445562224462325
avy2=-1.7993117377790167
avz2=3.433985823750053
shx2=1.0
shy2=0.8
shz2=0.6
req2=1.0
rhos2=0.1
rhof=1.0
ndiv=2
tend=100.0
dt=0.05
tprint=1
logevery=100
nbody=2
impulse_scheme=1
energy_projection=0
impulse_pair_metric_correction=0
