cex1=-4.0
cey1=0.0
cez1=0.0
oriw1=0.535552964260174
orii1=-0.08160004242793106
orij1=0.6220383882624523
orik1=0.5653253037639049
lvx1=3.786203742566961
lvy1=0.07899150954248099
lvz1=-3.231096833707943
avx1=-5.7606880585595155
avy1=2.4835918070867393
avz1=0.3530756747481534
shx1=1.0
shy1=0.8
shz1=0.6
req1=1.0
rhos1=0.1
cex2=4.0
cey2=0.0
cez2=0.0
oriw2=0.4908966975186691
orii2=0.5656629499081988
orij2=-0.373331426397855
orik2=0.5474207755741116
lvx2=4.062560269511116
lvy2=0.08475713144755999
lvz2=-3.4669358851421888
avx2=5.094162711869663
avy2=0.3588039766783901
avz2=3.6604895267810744
shx2=1.0
shy2=0.8
shz2=0.6
req2=1.0
rhos2=0.1
rhof=1.0
ndiv=2
tend=100.0
dt=0.05
tprint=1
logevery=100
nbody=2
impulse_scheme=1
energy_projection=0
impulse_pair_metric_correction=0
