cex1=-4.0
cey1=0.0
cez1=0.0
oriw1=0.47421626804406125
orii1=0.38587563032702205
orij1=-0.6442429684449761
orik1=0.4595322911953979
lvx1=-0.05545450130244314
lvy1=1.277464870502614
lvz1=-0.2048492068547497
avx1=-1.7134452196612635
avy1=5.753577504023083
avz1=1.8544187738417977
shx1=1.0
shy1=0.7
shz1=0.7
req1=1.0
rhos1=0.03
cex2=4.0
cey2=0.0
cez2=0.0
oriw2=-0.8261778628386326
orii2=-0.41196100265484853
orij2=0.37820484910617236
orik2=0.06840587225947076
lvx2=-0.05604858084333086
lvy2=1.2911502472699448
lvz2=-0.2070437396681594
avx2=-0.7174021512105636
avy2=3.676039337487854
avz2=-5.044847524656989
shx2=1.0
shy2=0.7
shz2=0.7
req2=1.0
rhos2=0.03
rhof=1.0
ndiv=2
tend=100.0
dt=0.05
tprint=1
logevery=100
nbody=2
impulse_scheme=1
energy_projection=0
impulse_pair_metric_correction=0
