cex1=-4.0
cey1=0.0
cez1=0.0
oriw1=-0.7578239969625225
orii1=0.3291157016923049
orij1=0.4965566046922468
orik1=0.2661149805325441
lvx1=3.6760987830685283
lvy1=-9.387019647204916
lvz1=0.7095074293116698
avx1=-1.2943012822606086
avy1=-1.9456306870446975
avz1=5.832471433682805
shx1=1.0
shy1=0.8
shz1=0.6
req1=1.0
rhos1=4.0
cex2=4.0
cey2=0.0
cez2=0.0
oriw2=0.3009024954868239
orii2=-0.5262744751693773
orij2=0.7919392516459915
orik2=-0.07297319163491087
lvx2=3.4459809663241745
lvy2=-8.799407454382381
lvz2=0.6650934159154317
avx2=-3.872963046624642
avy2=-0.6700422957962177
avz2=-4.902001444887745
shx2=1.0
shy2=0.8
shz2=0.6
req2=1.0
rhos2=4.0
rhof=1.0
ndiv=2
tend=100.0
dt=0.05
tprint=1
logevery=100
nbody=2
impulse_scheme=1
energy_projection=0
impulse_pair_metric_correction=0
