cex1=-5.5
cey1=0.0
cez1=0.0
oriw1=0.6594916646712305
orii1=0.38309335844966136
orij1=0.5108494878024662
orik1=0.396664875874946
lvx1=0.20893429307833775
lvy1=0.6622340709813243
lvz1=-0.3297337571197349
avx1=0.045420746637813175
avy1=6.095339575660044
avz1=1.5242014360066498
shx1=1.0
shy1=0.8
shz1=0.6
req1=1.0
rhos1=1.0
cex2=5.5
cey2=0.0
cez2=0.0
oriw2=0.07198686663612591
orii2=0.5961537671413412
orij2=0.08462211525753707
orik2=-0.7951463227384256
lvx2=0.21073809806236618
lvy2=0.6679513761696194
lvz2=-0.3325804673736232
avx2=2.6140418079981194
avy2=-4.263054900444055
avz2=3.804151146602261
shx2=1.0
shy2=0.8
shz2=0.6
req2=1.0
rhos2=1.0
rhof=1.0
ndiv=2
tend=100.0
dt=0.05
tprint=1
logevery=100
nbody=2
impulse_scheme=1
energy_projection=0
impulse_pair_metric_correction=0
