cex1=-4.0
cey1=0.0
cez1=0.0
oriw1=-0.816266840155918
orii1=0.4180937707083317
orij1=0.36066460168386
orik1=0.16978542236889654
lvx1=-5.356437834557491
lvy1=1.1316950742967464
lvz1=-2.2304520016031777
avx1=-3.1603778979939667
avy1=4.939171079893082
avz1=-2.2572146973153604
shx1=1.3
shy1=1.3
shz1=0.5917159763313609
req1=1.0
rhos1=1.0
cex2=4.0
cey2=0.0
cez2=0.0
oriw2=-0.8685267439203692
orii2=-0.41948071459262914
orij2=0.013479009899051979
orik2=0.2636580009635207
lvx2=-7.710533611220358
lvy2=1.629062667678371
lvz2=-3.2107112334284738
avx2=-0.9721163860502815
avy2=-5.769526116952186
avz2=2.2904095097027106
shx2=2.0
shy2=2.0
shz2=0.25
req2=1.0
rhos2=1.0
rhof=1.0
ndiv=2
tend=100.0
dt=0.05
tprint=1
logevery=100
nbody=2
impulse_scheme=1
energy_projection=0
impulse_pair_metric_correction=0
