cex1=-1.5
cey1=0.0
cez1=0.0
oriw1=0.2497085268194175
orii1=0.1467982386275717
orij1=-0.8542557548335182
orik1=-0.43167468550209753
lvx1=1.6984387594685229
lvy1=-0.5464439231721336
lvz1=0.3616480599665686
avx1=-5.878941777156148
avy1=1.028013354173915
avz1=1.9645991267446
shx1=1.0
shy1=0.7
shz1=0.7
req1=1.0
rhos1=0.3
cex2=1.5
cey2=0.0
cez2=0.0
oriw2=-0.08041342619280482
orii2=-0.032109642372553586
orij2=-0.9618454742339783
orik2=-0.25953022068779313
lvx2=1.7558491842330168
lvy2=-0.5649147556142203
lvz2=0.3738724446387795
avx2=-5.385985298775604
avy2=-3.15126043683318
avz2=0.7342599165012825
shx2=1.0
shy2=0.7
shz2=0.7
req2=1.0
rhos2=0.3
rhof=1.0
ndiv=2
tend=100.0
dt=0.05
tprint=1
logevery=100
nbody=2
impulse_scheme=1
energy_projection=0
impulse_pair_metric_correction=0
