cex1=-1.5
cey1=0.0
cez1=0.0
oriw1=0.47315558622331516
orii1=-0.3208167739179728
orij1=0.04749226151158133
orik1=-0.8191122474331897
lvx1=-1.8771465815321555
lvy1=-0.22762749730187462
lvz1=2.5143115276199604
avx1=4.987596924814751
avy1=2.9506847913962972
avz1=-2.4281173327824304
shx1=1.0
shy1=0.7
shz1=0.7
req1=1.0
rhos1=10.0
cex2=1.5
cey2=0.0
cez2=0.0
oriw2=0.32867883703081047
orii2=0.15591507684574332
orij2=0.806387742123051
orik2=-0.4662612146146702
lvx2=-1.8574401022036757
lvy2=-0.22523784024775598
lvz2=2.487916024662509
avx2=-5.173541196317009
avy2=3.521671333858169
avz2=-0.5574227396239129
shx2=1.0
shy2=0.7
shz2=0.7
req2=1.0
rhos2=10.0
rhof=1.0
ndiv=2
tend=100.0
dt=0.05
tprint=1
logevery=100
nbody=2
impulse_scheme=1
energy_projection=0
impulse_pair_metric_correction=0
