cex1=-4.0
cey1=0.0
cez1=0.0
oriw1=0.6846857171337525
orii1=-0.647754856545994
orij1=0.28659767969805366
orik1=0.17169998417533364
lvx1=-3.570263034091199
lvy1=4.0241441882194176
lvz1=-1.625490542361824
avx1=3.1762438160925037
avy1=-3.835344380303643
avz1=-3.8314522455023274
shx1=1.0
shy1=1.0
shz1=1.0
req1=1.0
rhos1=1.0
cex2=4.0
cey2=0.0
cez2=0.0
oriw2=0.7572003997342018
orii2=-0.23466778780322117
orij2=0.17311600482548725
orik2=0.5844736374578149
lvx2=-3.5702630340911994
lvy2=4.0241441882194176
lvz2=-1.6254905423618242
avx2=-4.133178970361609
avy2=4.412265096261131
avz2=-1.7108962340345881
shx2=1.0
shy2=1.0
shz2=1.0
req2=1.0
rhos2=1.0
rhof=1.0
ndiv=2
tend=100.0
dt=0.05
tprint=1
logevery=100
nbody=2
impulse_scheme=1
energy_projection=0
impulse_pair_metric_correction=0
