cex1=-4.0
cey1=0.0
cez1=0.0
oriw1=-0.8921637515965495
orii1=-0.12277403000041298
orij1=-0.4341502006207199
orik1=-0.021999572623499844
lvx1=3.475693899675094
lvy1=-6.6251541100737175
lvz1=-3.6516853457738763
avx1=-5.556429942060452
avy1=-2.7028637051846287
avz1=1.1397507159581581
shx1=1.0
shy1=0.7
shz1=0.7
req1=1.0
rhos1=0.03
cex2=4.0
cey2=0.0
cez2=0.0
oriw2=0.19287698577345405
orii2=-0.6060245466513396
orij2=0.31608285919838597
orik2=-0.7040059256398047
lvx2=3.353641374226724
lvy2=-6.392505086897443
lvz2=-3.5234527017438104
avx2=-6.058209735333028
avy2=-1.3585820864670481
avz2=0.9647627280344127
shx2=1.0
shy2=0.7
shz2=0.7
req2=1.0
rhos2=0.03
rhof=1.0
ndiv=2
tend=100.0
dt=0.05
tprint=1
logevery=100
nbody=2
impulse_scheme=1
energy_projection=0
impulse_pair_metric_correction=0
