cex1=-4.0
cey1=0.0
cez1=0.0
oriw1=1.0
orii1=1.0
orij1=1.0
orik1=0.0
lvx1=7.110651747297375
lvy1=4.150602540010807
lvz1=2.4685602521390355
avx1=1.669931242151239
avy1=5.789505573766999
avz1=-1.780834765542694
shx1=1.0
shy1=0.7
shz1=0.7
req1=1.0
rhos1=1.0
cex2=4.0
cey2=0.0
cez2=0.0
oriw2=1.0
orii2=-1.0
orij2=0.0
orik2=1.0
lvx2=6.659282638868722
lvy2=3.8871310841574886
lvz2=2.3118612771774356
avx2=-4.077260947787394
avy2=2.9904448986287244
avz2=3.729825743418949
shx2=1.0
shy2=0.7
shz2=0.7
req2=1.0
rhos2=1.0
rhof=1.0
ndiv=2
tend=100.0
dt=0.05
tprint=1
logevery=100
nbody=2
impulse_scheme=1
energy_projection=1
