cex1=-4.0
cey1=0.0
cez1=0.0
oriw1=-0.4609733092643134
orii1=0.09718327283367864
orij1=0.1308600916161436
orik1=-0.8723156860044745
lvx1=1.4064298126487997
lvy1=-4.74505563786789
lvz1=-2.7823376472635046
avx1=-2.386273268863553
avy1=5.078261323480276
avz1=-2.8276101961036
shx1=1.1
shy1=1.0
shz1=0.9090909090909091
req1=1.0
rhos1=1.0
cex2=4.0
cey2=0.0
cez2=0.0
oriw2=0.22552037149198298
orii2=0.7971543572771216
orij2=0.5581338098347729
orik2=0.046606255326284866
lvx2=1.8954507813309476
lvy2=-6.394929441460447
lvz2=-3.7497669773507845
avx2=-2.6723135238783278
avy2=5.685167028834533
avz2=-0.12662499242708602
shx2=2.0
shy2=1.0
shz2=0.5
req2=1.0
rhos2=1.0
rhof=1.0
ndiv=2
tend=100.0
dt=0.05
tprint=1
logevery=100
nbody=2
impulse_scheme=1
energy_projection=0
impulse_pair_metric_correction=0
