cex1=-5.5
cey1=0.0
cez1=0.0
oriw1=0.30230837829287976
orii1=0.845554104189317
orij1=-0.2916907244678048
orik1=0.3294911570315326
lvx1=0.2851894366708423
lvy1=-8.527788523138696
lvz1=2.8907214130089476
avx1=4.053261828735636
avy1=3.1213979184558847
avz1=-3.6477885337189377
shx1=1.0
shy1=0.7
shz1=0.7
req1=1.0
rhos1=0.3
cex2=5.5
cey2=0.0
cez2=0.0
oriw2=0.24420270850423031
orii2=-0.4472104978648375
orij2=-0.5741786231767434
orik2=-0.6408484348467596
lvx2=0.300592031912307
lvy2=-8.988359841838392
lvz2=3.0468443479961955
avx2=2.335915909151498
avy2=5.147426685429697
avz2=2.74333975071565
shx2=1.0
shy2=0.7
shz2=0.7
req2=1.0
rhos2=0.3
rhof=1.0
ndiv=2
tend=100.0
dt=0.05
tprint=1
logevery=100
nbody=2
impulse_scheme=1
energy_projection=0
impulse_pair_metric_correction=0
