cex1=-4.0
cey1=0.0
cez1=0.0
oriw1=-0.8909764084185647
orii1=-0.2850230098344239
orij1=-0.27610732509694846
orik1=-0.22065282353572757
lvx1=1.631540829484251
lvy1=-5.200864334215445
lvz1=1.610290842229043
avx1=5.417422488165235
avy1=-3.1569930781745494
avz1=0.40416072723239355
shx1=1.3
shy1=1.3
shz1=0.5917159763313609
req1=1.0
rhos1=1.0
cex2=4.0
cey2=0.0
cez2=0.0
oriw2=0.3849570388755615
orii2=-0.17219907054519393
orij2=0.8830110785765538
orik2=0.206026681365793
lvx2=2.584509667747158
lvy2=-8.238644053223156
lvz2=2.5508477473660722
avx2=-4.304774339817191
avy2=3.195503955727404
avz2=3.276597313760025
shx2=2.0
shy2=2.0
shz2=0.25
req2=1.0
rhos2=1.0
rhof=1.0
ndiv=2
tend=100.0
dt=0.05
tprint=1
logevery=100
nbody=2
impulse_scheme=1
energy_projection=0
impulse_pair_metric_correction=0
