cex1=-2.5
cey1=0.0
cez1=0.0
oriw1=0.6349650331473852
orii1=0.2469857929512802
orij1=0.7305260208054786
orik1=0.046359008687427955
lvx1=-3.6801790583090233
lvy1=2.101670236149697
lvz1=3.276229198086969
avx1=4.609235774300741
avy1=3.1466596524271537
avz1=2.886502418680903
shx1=1.0
shy1=0.8
shz1=0.6
req1=1.0
rhos1=0.3
cex2=2.5
cey2=0.0
cez2=0.0
oriw2=-0.36672548171750663
orii2=0.00746336270454257
orij2=-0.6840086146400979
orik2=0.6305465362479896
lvx2=-3.444761731522328
lvy2=1.9672285198792765
lvz2=3.0666521347066498
avx2=5.6755222662457845
avy2=-2.4963857095700615
avz2=1.0173116527201127
shx2=1.0
shy2=0.8
shz2=0.6
req2=1.0
rhos2=0.3
rhof=1.0
ndiv=2
tend=100.0
dt=0.05
tprint=1
logevery=100
nbody=2
impulse_scheme=1
energy_projection=0
impulse_pair_metric_correction=0
