cex1=-1.5
cey1=0.0
cez1=0.0
oriw1=-0.4283689956240992
orii1=-0.1108467063616403
orij1=0.18925154899030971
orik1=0.8765824904032393
lvx1=0.8748915742170644
lvy1=-0.7452728563220474
lvz1=0.631606773854933
avx1=-0.2539134114990044
avy1=-4.521142725179336
avz1=4.355825299799837
shx1=1.0
shy1=0.7
shz1=0.7
req1=1.0
rhos1=4.0
cex2=1.5
cey2=0.0
cez2=0.0
oriw2=-0.6064697671096756
orii2=-0.5552362919355902
orij2=-0.14750242736126673
orik2=-0.5496818312643108
lvx2=0.8637961201530929
lvy2=-0.7358212385603309
lvz2=0.6235966796303177
avx2=-1.723303052303174
avy2=-0.8234065744825336
avz2=-5.98587051374977
shx2=1.0
shy2=0.7
shz2=0.7
req2=1.0
rhos2=4.0
rhof=1.0
ndiv=2
tend=100.0
dt=0.05
tprint=1
logevery=100
nbody=2
impulse_scheme=1
energy_projection=0
impulse_pair_metric_correction=0
