cex1=-4.0
cey1=0.0
cez1=0.0
oriw1=0.5897110440714544
orii1=0.32877354224162136
orij1=-0.02565876795481593
orik1=0.7372180613964181
lvx1=5.581180329120171
lvy1=-0.370286129274243
lvz1=-0.17637653726463245
avx1=6.012538832730586
avy1=-0.9268819991297728
avz1=1.571204680795392
shx1=1.01
shy1=1.0
shz1=0.9900990099009901
req1=1.0
rhos1=1.0
cex2=4.0
cey2=0.0
cez2=0.0
oriw2=-0.5421539068508057
orii2=-0.7433670470225989
orij2=-0.23064080351259253
orik2=-0.3166692192846896
lvx2=6.6952505513245635
lvy2=-0.4441996611784865
lvz2=-0.21158339969780282
avx2=-4.546455037267245
avy2=-3.0999969251840533
avz2=3.032850682495619
shx2=2.0
shy2=1.0
shz2=0.5
req2=1.0
rhos2=1.0
rhof=1.0
ndiv=2
tend=100.0
dt=0.05
tprint=1
logevery=100
nbody=2
impulse_scheme=1
energy_projection=0
impulse_pair_metric_correction=0
