cex1=-1.5
cey1=0.0
cez1=0.0
oriw1=-0.12200123722365548
orii1=-0.12283054008488054
orij1=0.22984521270966257
orik1=-0.9577053485977844
lvx1=0.3028665944730144
lvy1=-0.08463075500952422
lvz1=-0.7157551795601609
avx1=1.7409002714973205
avy1=4.855447100612784
avz1=-3.5878011793031255
shx1=1.0
shy1=0.8
shz1=0.6
req1=1.0
rhos1=0.03
cex2=1.5
cey2=0.0
cez2=0.0
oriw2=-0.670858879331425
orii2=-0.12109830301264352
orij2=-0.5945890357771166
orik2=0.42631847668530776
lvx2=0.31863257678276957
lvy2=-0.0890362820986475
lvz2=-0.7530144339810594
avx2=1.3500727578638991
avy2=-2.2123569155990657
avz2=5.723739864007814
shx2=1.0
shy2=0.8
shz2=0.6
req2=1.0
rhos2=0.03
rhof=1.0
ndiv=2
tend=100.0
dt=0.05
tprint=1
logevery=100
nbody=2
impulse_scheme=1
energy_projection=0
impulse_pair_metric_correction=0
