cex1=-4.0
cey1=0.0
cez1=0.0
oriw1=0.22633355212472794
orii1=-0.02906305413731029
orij1=-0.8414922336250898
orik1=-0.48971347011846844
lvx1=4.646989312408632
lvy1=-3.2078840709593197
lvz1=14.305501814770128
avx1=1.7851816133467486
avy1=5.769137716326687
avz1=1.7345299714282911
shx1=4.0
shy1=0.5
shz1=0.5
req1=1.0
rhos1=1.0
cex2=4.0
cey2=0.0
cez2=0.0
oriw2=-0.05868350716288806
orii2=0.3969835900617636
orij2=-0.07049166981759099
orik2=0.9132311863351277
lvx2=1.6980528584985366
lvy2=-1.1721904980239817
lvz2=5.227362624648609
avx2=2.0128479222006455
avy2=-4.430666291594733
avz2=3.9744253746895484
shx2=1.0
shy2=1.0
shz2=1.0
req2=1.0
rhos2=1.0
rhof=1.0
ndiv=2
tend=100.0
dt=0.05
tprint=1
logevery=100
nbody=2
impulse_scheme=1
energy_projection=0
impulse_pair_metric_correction=0
