cex1=-2.5
cey1=0.0
cez1=0.0
oriw1=1.0
orii1=1.0
orij1=1.0
orik1=0.0
lvx1=0.27946074104058755
lvy1=2.014374652897149
lvz1=0.4743792658363259
avx1=-1.3597380820343312
avy1=6.003951359734363
avz1=-1.2578147807077649
shx1=1.0
shy1=0.8
shz1=0.6
req1=1.0
rhos1=0.1
cex2=2.5
cey2=0.0
cez2=0.0
oriw2=1.0
orii2=-1.0
orij2=0.0
orik2=1.0
lvx2=0.28034093335819604
lvy2=2.0207191472531836
lvz2=0.47587337546999803
avx2=0.919162503427735
avy2=6.094060782270748
avz2=1.2231030531559999
shx2=1.0
shy2=0.8
shz2=0.6
req2=1.0
rhos2=0.1
rhof=1.0
ndiv=2
tend=100.0
dt=0.05
tprint=1
logevery=100
nbody=2
impulse_scheme=1
energy_projection=0
impulse_pair_metric_correction=0
