cex1=-4.0
cey1=0.0
cez1=0.0
oriw1=0.3447576013536359
orii1=0.8301968515891234
orij1=0.32867505989271517
orik1=0.28963440563046816
lvx1=-3.7624096576312636
lvy1=4.1569741641115465
lvz1=5.286215651673795
avx1=-5.595200294007588
avy1=-2.8373578120184373
avz1=0.3486429704909811
shx1=4.0
shy1=0.5
shz1=0.5
req1=1.0
rhos1=1.0
cex2=4.0
cey2=0.0
cez2=0.0
oriw2=0.3872024386283696
orii2=-0.28647044779927544
orij2=0.5492922561473624
orik2=0.6828520860292269
lvx2=-2.2243858026371695
lvy2=2.457657499848324
lvz2=3.125279837992056
avx2=-6.118594710752549
avy2=-1.4287114194246717
avz2=-0.00022341419475589922
shx2=4.0
shy2=0.5
shz2=0.5
req2=1.0
rhos2=1.0
rhof=1.0
ndiv=2
tend=100.0
dt=0.05
tprint=1
logevery=100
nbody=2
impulse_scheme=1
energy_projection=0
impulse_pair_metric_correction=0
