cex1=-4.0
cey1=0.0
cez1=0.0
oriw1=0.0777189339303713
orii1=-0.5051825477134535
orij1=-0.17475561764512398
orik1=0.8415526334674155
lvx1=-4.888088204422245
lvy1=-10.912281067052302
lvz1=-10.083639855921897
avx1=-1.3777504844611053
avy1=5.685495320237788
avz1=2.2924581065918823
shx1=4.0
shy1=0.5
shz1=0.5
req1=1.0
rhos1=1.0
cex2=4.0
cey2=0.0
cez2=0.0
oriw2=0.10243828985834112
orii2=-0.47695879426232674
orij2=0.42779799510710137
orik2=-0.7609241622718195
lvx2=-3.1327805880819666
lvy2=-6.993691780690044
lvz2=-6.462614804958407
avx2=-4.978019708499205
avy2=-1.5201284131179549
avz2=3.519509481985012
shx2=4.0
shy2=0.5
shz2=0.5
req2=1.0
rhos2=1.0
rhof=1.0
ndiv=2
tend=100.0
dt=0.05
tprint=1
logevery=100
nbody=2
impulse_scheme=1
energy_projection=0
impulse_pair_metric_correction=0
