cex1=-5.5
cey1=0.0
cez1=0.0
oriw1=-0.5804101446936268
orii1=0.35855776906440634
orij1=0.7242469643251955
orik1=-0.10013353507201349
lvx1=-0.10673874542272926
lvy1=-0.16335710107337575
lvz1=-0.7588941261181245
avx1=-1.7599937371120713
avy1=-0.13993018407071298
avz1=-6.03002978377965
shx1=1.0
shy1=0.7
shz1=0.7
req1=1.0
rhos1=0.03
cex2=5.5
cey2=0.0
cez2=0.0
oriw2=-0.11476620236527366
orii2=0.1109582498143007
orij2=-0.838090200882352
orik2=-0.5216529505119082
lvx2=-0.10819356394422369
lvy2=-0.16558361156230808
lvz2=-0.769237635648403
avx2=-0.13073899016056648
avy2=-3.9327411996468764
avz2=4.898456040162989
shx2=1.0
shy2=0.7
shz2=0.7
req2=1.0
rhos2=0.03
rhof=1.0
ndiv=2
tend=100.0
dt=0.05
tprint=1
logevery=100
nbody=2
impulse_scheme=1
energy_projection=0
impulse_pair_metric_correction=0
