cex1=-1.5
cey1=0.0
cez1=0.0
oriw1=-0.8240580821224923
orii1=-0.1222495840534474
orij1=0.37518041259798374
orik1=0.4064762901943549
lvx1=-0.11351007234755563
lvy1=-0.5896755807677836
lvz1=0.36193670403431155
avx1=5.047036214460142
avy1=-2.413494537998637
avz1=-2.8602250207520403
shx1=1.0
shy1=0.7
shz1=0.7
req1=1.0
rhos1=0.03
cex2=1.5
cey2=0.0
cez2=0.0
oriw2=0.5742624499415365
orii2=-0.1409155387678585
orij2=-0.8059637241312052
orik2=0.028070000097379238
lvx2=-0.12234511032785876
lvy2=-0.6355728834863371
lvz2=0.3901079884011983
avx2=-3.30736726203064
avy2=-4.705520202776773
avz2=2.5293910373180757
shx2=1.0
shy2=0.7
shz2=0.7
req2=1.0
rhos2=0.03
rhof=1.0
ndiv=2
tend=100.0
dt=0.05
tprint=1
logevery=100
nbody=2
impulse_scheme=1
energy_projection=0
impulse_pair_metric_correction=0
