cex1=-4.0
cey1=0.0
cez1=0.0
oriw1=-0.142697482627022
orii1=-0.8792344686612206
orij1=-0.3998946575279173
orik1=-0.21602879541987371
lvx1=-4.334742597660956
lvy1=-7.500027748844698
lvz1=-5.334022880030733
avx1=1.3623934848031973
avy1=0.6297546142131519
avz1=-6.101287628263437
shx1=1.0
shy1=0.8
shz1=0.6
req1=1.0
rhos1=10.0
cex2=4.0
cey2=0.0
cez2=0.0
oriw2=0.26950356782871515
orii2=-0.3610731393034567
orij2=0.0006831630037391475
orik2=-0.8927449514219894
lvx2=-4.176151930908935
lvy2=-7.225632124525561
lvz2=-5.13887259695024
avx2=-1.632776402721502
avy2=-3.8499815423190484
avz2=-4.689360398484627
shx2=1.0
shy2=0.8
shz2=0.6
req2=1.0
rhos2=10.0
rhof=1.0
ndiv=2
tend=100.0
dt=0.05
tprint=1
logevery=100
nbody=2
impulse_scheme=1
energy_projection=0
impulse_pair_metric_correction=0
