cex1=-5.5
cey1=0.0
cez1=0.0
oriw1=-0.3281756933016049
orii1=-0.024725225908569733
orij1=-0.38773930377172056
orik1=-0.8610154527303227
lvx1=-0.7419180317679269
lvy1=-0.07562743194749366
lvz1=-0.26614874980544917
avx1=0.8494046853276985
avy1=-2.0761555874209643
avz1=5.869114691477881
shx1=1.0
shy1=0.7
shz1=0.7
req1=1.0
rhos1=0.3
cex2=5.5
cey2=0.0
cez2=0.0
oriw2=0.750311534647697
orii2=0.4369333399483178
orij2=-0.4730045772379384
orik2=-0.14962796305565576
lvx2=-0.7190521225052181
lvy2=-0.07329659495117168
lvz2=-0.25794604694225953
avx2=2.7708541469181522
avy2=-3.696729757666057
avz2=-4.258517817228216
shx2=1.0
shy2=0.7
shz2=0.7
req2=1.0
rhos2=0.3
rhof=1.0
ndiv=2
tend=100.0
dt=0.05
tprint=1
logevery=100
nbody=2
impulse_scheme=1
energy_projection=0
impulse_pair_metric_correction=0
