cex1=-4.0
cey1=0.0
cez1=0.0
oriw1=0.48385939558077656
orii1=-0.47623672033957337
orij1=0.02227355555079691
orik1=-0.7338818435085707
lvx1=1.7127838192202085
lvy1=0.6482929687301405
lvz1=1.109806909544841
avx1=-1.8896157460689507
avy1=3.0195835111890656
avz1=-5.175894643008185
shx1=1.0
shy1=0.7
shz1=0.7
req1=1.0
rhos1=4.0
cex2=4.0
cey2=0.0
cez2=0.0
oriw2=-0.4739517322539223
orii2=0.1966407608314352
orij2=0.5626787518114664
orik2=0.6481471969645713
lvx2=1.739288981820277
lvy2=0.658325239210426
lvz2=1.126981063260024
avx2=-0.29099213277265173
avy2=-4.5909040037825495
avz2=4.279876354648019
shx2=1.0
shy2=0.7
shz2=0.7
req2=1.0
rhos2=4.0
rhof=1.0
ndiv=2
tend=100.0
dt=0.05
tprint=1
logevery=100
nbody=2
impulse_scheme=1
energy_projection=0
impulse_pair_metric_correction=0
