cex1=-4.0
cey1=0.0
cez1=0.0
oriw1=-0.009878360815605149
orii1=-0.45367500666181976
orij1=0.6089363725867274
orik1=0.6505981097873809
lvx1=-5.392881397247975
lvy1=-2.023220431505493
lvz1=-0.5805891952994334
avx1=2.9875632120622573
avy1=-3.6575746261359177
avz1=4.144276958956337
shx1=1.1
shy1=1.1
shz1=0.8264462809917354
req1=1.0
rhos1=1.0
cex2=4.0
cey2=0.0
cez2=0.0
oriw2=-0.8321664465114134
orii2=-0.13407661735404872
orij2=0.15338728958342254
orik2=-0.5157468423303379
lvx2=-5.235217235446244
lvy2=-1.9640703538426998
lvz2=-0.563615317684632
avx2=5.493838300871935
avy2=1.85384476068084
avz2=2.4206234592613147
shx2=1.0
shy2=1.0
shz2=1.0
req2=1.0
rhos2=1.0
rhof=1.0
ndiv=2
tend=100.0
dt=0.05
tprint=1
logevery=100
nbody=2
impulse_scheme=1
energy_projection=0
impulse_pair_metric_correction=0
