cex1=-2.5
cey1=0.0
cez1=0.0
oriw1=-0.01755366902178953
orii1=0.7886195047527541
orij1=-0.06070520861680292
orik1=0.6116257213968235
lvx1=0.6627380568007399
lvy1=-2.7669313550432486
lvz1=0.6376561139438784
avx1=6.134446773306871
avy1=1.2894898037047302
avz1=-0.42918112256236807
shx1=1.0
shy1=0.7
shz1=0.7
req1=1.0
rhos1=4.0
cex2=2.5
cey2=0.0
cez2=0.0
oriw2=0.036004312367186216
orii2=0.019505840753193393
orij2=0.7108187119878331
orik2=-0.7021822913997726
lvx2=0.8074054373472043
lvy2=-3.370917661817746
lvz2=0.7768484218958482
avx2=-0.05997679938710364
avy2=-4.034592416420517
avz2=-4.816314402243147
shx2=1.0
shy2=0.7
shz2=0.7
req2=1.0
rhos2=4.0
rhof=1.0
ndiv=2
tend=100.0
dt=0.05
tprint=1
logevery=100
nbody=2
impulse_scheme=1
energy_projection=0
impulse_pair_metric_correction=0
