cex1=-1.5
cey1=0.0
cez1=0.0
oriw1=0.037128783896940444
orii1=-0.04041239927539732
orij1=0.5497202877568648
orik1=0.8335441779651813
lvx1=-0.13492457861808815
lvy1=1.008428436291733
lvz1=3.2678394168082106
avx1=-2.876037396958565
avy1=-2.8836148049447634
avz1=4.784515874396972
shx1=1.0
shy1=0.7
shz1=0.7
req1=1.0
rhos1=0.03
cex2=1.5
cey2=0.0
cez2=0.0
oriw2=0.5933853660146732
orii2=0.45622305072322933
orij2=-0.4241826506829701
orik2=0.5097287653723217
lvx2=-0.13938238550613463
lvy2=1.0417461555349232
lvz2=3.375806380355388
avx2=1.039167784338692
avy2=-4.894424529998233
avz2=-3.800415298424848
shx2=1.0
shy2=0.7
shz2=0.7
req2=1.0
rhos2=0.03
rhof=1.0
ndiv=2
tend=100.0
dt=0.05
tprint=1
logevery=100
nbody=2
impulse_scheme=1
energy_projection=0
impulse_pair_metric_correction=0
