cex1=-4.0
cey1=0.0
cez1=0.0
oriw1=0.15984772527467703
orii1=0.0729938864529467
orij1=-0.8812415110519863
orik1=0.43878696022536656
lvx1=-3.5646081041711946
lvy1=-0.15383703909846977
lvz1=-4.338733018304475
avx1=1.388354627104584
avy1=6.011822973138044
avz1=1.1869598027752963
shx1=1.001
shy1=1.001
shz1=0.9980029960049943
req1=1.0
rhos1=1.0
cex2=4.0
cey2=0.0
cez2=0.0
oriw2=0.5397694173859557
orii2=0.06148841737325731
orij2=0.7540875515071739
orik2=0.36908009326658814
lvx2=-3.566191146611231
lvy2=-0.1539053581267123
lvz2=-4.340659849614746
avx2=-2.167787635794298
avy2=-4.1039816751926095
avz2=4.235144481613121
shx2=1.0
shy2=1.0
shz2=1.0
req2=1.0
rhos2=1.0
rhof=1.0
ndiv=2
tend=100.0
dt=0.05
tprint=1
logevery=100
nbody=2
impulse_scheme=1
energy_projection=0
impulse_pair_metric_correction=0
