cex1=-1.5
cey1=0.0
cez1=0.0
oriw1=0.07964197679710945
orii1=-0.9286427847301677
orij1=-0.11169522193500288
orik1=-0.34467943265785184
lvx1=-0.8429237777278801
lvy1=4.269198738116105
lvz1=3.693457307442693
avx1=1.8862851310016573
avy1=-5.190812598428047
avz1=-2.9959657169133562
shx1=1.0
shy1=0.8
shz1=0.6
req1=1.0
rhos1=0.3
cex2=1.5
cey2=0.0
cez2=0.0
oriw2=-0.005370527484526214
orii2=-0.8630921250528485
orij2=0.259682176530897
orik2=-0.4331377474874157
lvx2=-0.8972055345870298
lvy2=4.544122300612428
lvz2=3.931304852890601
avx2=0.981674314052487
avy2=-2.6072464150483734
avz2=-5.631784732809344
shx2=1.0
shy2=0.8
shz2=0.6
req2=1.0
rhos2=0.3
rhof=1.0
ndiv=2
tend=100.0
dt=0.05
tprint=1
logevery=100
nbody=2
impulse_scheme=1
energy_projection=0
impulse_pair_metric_correction=0
