cex1=-2.5
cey1=0.0
cez1=0.0
oriw1=0.02805569852485792
orii1=-0.15388085713897506
orij1=-0.1812494680441449
orik1=0.9709182199959845
lvx1=0.0779728593653634
lvy1=-0.7284881437051387
lvz1=0.3442607837175513
avx1=-1.564203540093273
avy1=3.2293773576379503
avz1=5.157790880938508
shx1=1.0
shy1=0.8
shz1=0.6
req1=1.0
rhos1=0.03
cex2=2.5
cey2=0.0
cez2=0.0
oriw2=-0.5668648209731992
orii2=0.635202356463731
orij2=0.52455096787576
orik2=-0.005340710303815731
lvx2=0.0697628413719676
lvy2=-0.6517832387359682
lvz2=0.30801243715509147
avx2=-4.098432289699886
avy2=-4.534552349815176
avz2=1.4557147240748947
shx2=1.0
shy2=0.8
shz2=0.6
req2=1.0
rhos2=0.03
rhof=1.0
ndiv=2
tend=100.0
dt=0.05
tprint=1
logevery=100
nbody=2
impulse_scheme=1
energy_projection=0
impulse_pair_metric_correction=0
