cex1=-4.0
cey1=0.0
cez1=0.0
oriw1=-0.181778837508755
orii1=0.31925301941308615
orij1=0.7578233720322083
orik1=0.5392009835222171
lvx1=0.6183254391002864
lvy1=-3.9499016517008667
lvz1=-3.9495170181603423
avx1=-3.7375963802915018
avy1=-2.6368517876571524
avz1=-4.307644780192371
shx1=1.0
shy1=1.0
shz1=1.0
req1=1.0
rhos1=1.0
cex2=4.0
cey2=0.0
cez2=0.0
oriw2=0.021068912251684533
orii2=-0.2994223620445603
orij2=0.9299654866424218
orik2=-0.21228882141580277
lvx2=1.1791738821753797
lvy2=-7.532636651055909
lvz2=-7.531903137930757
avx2=1.5561604179769266
avy2=2.2047898766576837
avz2=5.674124069639921
shx2=2.0
shy2=2.0
shz2=0.25
req2=1.0
rhos2=1.0
rhof=1.0
ndiv=2
tend=100.0
dt=0.05
tprint=1
logevery=100
nbody=2
impulse_scheme=1
energy_projection=0
impulse_pair_metric_correction=0
