cex1=-2.5
cey1=0.0
cez1=0.0
oriw1=1.0
orii1=1.0
orij1=1.0
orik1=0.0
lvx1=-0.19642169492592818
lvy1=0.13155957927792986
lvz1=0.667844653790345
avx1=4.7666670492193655
avy1=-3.8028493098721956
avz1=-1.5151369484796868
shx1=1.0
shy1=0.8
shz1=0.6
req1=1.0
rhos1=10.0
cex2=2.5
cey2=0.0
cez2=0.0
oriw2=1.0
orii2=-1.0
orij2=0.0
orik2=1.0
lvx2=-0.22106593913705944
lvy2=0.14806583334147225
lvz2=0.7516364505636814
avx2=3.0993947525147805
avy2=0.6937687747795075
avz2=5.421333291689621
shx2=1.0
shy2=0.8
shz2=0.6
req2=1.0
rhos2=10.0
rhof=1.0
ndiv=2
tend=100.0
dt=0.05
tprint=1
logevery=100
nbody=2
impulse_scheme=1
energy_projection=0
impulse_pair_metric_correction=0
