cex1=-4.0
cey1=0.0
cez1=0.0
oriw1=0.5801797234807852
orii1=0.27480459105711386
orij1=0.2739378543429204
orik1=-0.7161228785297178
lvx1=5.1457660653362
lvy1=0.9472317553919122
lvz1=2.03243617827846
avx1=-4.881211129376328
avy1=2.2182807758135077
avz1=3.2758855160805505
shx1=1.0060089999999997
shy1=0.9970089730807579
shz1=0.9970089730807579
req1=1.0
rhos1=1.0
cex2=4.0
cey2=0.0
cez2=0.0
oriw2=0.7783824048484269
orii2=0.004486845534937998
orij2=0.5142650469600482
orik2=-0.3600446659995184
lvx2=11.017354474216349
lvy2=2.028072766208242
lvz2=4.351552234983379
avx2=4.219729337949276
avy2=-2.2365877076219496
avz2=4.0828883581261435
shx2=4.0
shy2=0.5
shz2=0.5
req2=1.0
rhos2=1.0
rhof=1.0
ndiv=2
tend=100.0
dt=0.05
tprint=1
logevery=100
nbody=2
impulse_scheme=1
energy_projection=0
impulse_pair_metric_correction=0
