cex1=-2.5
cey1=0.0
cez1=0.0
oriw1=0.595988304891024
orii1=-0.37592019725707737
orij1=0.45565436490889
orik1=-0.5439311036030207
lvx1=0.5337819218275518
lvy1=0.5016195369562565
lvz1=1.085002793377722
avx1=0.6839762405741293
avy1=-0.6748357291630718
avz1=-6.209282635323702
shx1=1.0
shy1=0.7
shz1=0.7
req1=1.0
rhos1=0.1
cex2=2.5
cey2=0.0
cez2=0.0
oriw2=0.29389452284305373
orii2=-0.11790238098241629
orij2=-0.47753058338037324
orik2=0.8195667025556439
lvx2=0.4364789009051539
lvy2=0.4101793920138677
lvz2=0.8872178081848359
avx2=6.207283427471329
avy2=-0.7852994618010679
avz2=0.5756342681704897
shx2=1.0
shy2=0.7
shz2=0.7
req2=1.0
rhos2=0.1
rhof=1.0
ndiv=2
tend=100.0
dt=0.05
tprint=1
logevery=100
nbody=2
impulse_scheme=1
energy_projection=0
impulse_pair_metric_correction=0
