cex1=-4.0
cey1=0.0
cez1=0.0
oriw1=-0.5967603554244395
orii1=0.03723153781237
orij1=0.8011962500819584
orik1=0.023988739867499158
lvx1=-2.7480259918676144
lvy1=2.8190523151719855
lvz1=4.00954460388233
avx1=5.85789117604168
avy1=1.56946797465536
avz1=1.6432586073231623
shx1=1.0003
shy1=1.0
shz1=0.9997000899730081
req1=1.0
rhos1=1.0
cex2=4.0
cey2=0.0
cez2=0.0
oriw2=-0.3861043341532207
orii2=-0.6140859953950407
orij2=-0.03280258693431719
orik2=-0.6875651414216669
lvx2=-2.748221942354609
lvy2=2.8192533302554152
lvz2=4.0098305080986965
avx2=-5.002946867618646
avy2=1.5060066125339702
avz2=3.490112365977085
shx2=1.0003
shy2=1.0
shz2=0.9997000899730081
req2=1.0
rhos2=1.0
rhof=1.0
ndiv=2
tend=100.0
dt=0.05
tprint=1
logevery=100
nbody=2
impulse_scheme=1
energy_projection=0
impulse_pair_metric_correction=0
