cex1=-4.0
cey1=0.0
cez1=0.0
oriw1=-0.12667158856533
orii1=-0.07263908935033922
orij1=-0.7729509195786975
orik1=0.6174340023606856
lvx1=-1.1436143035170443
lvy1=-2.2723311719377706
lvz1=-5.011112890555953
avx1=4.13709204993727
avy1=2.6439048082120538
avz1=-3.920797666268491
shx1=1.0001
shy1=1.0
shz1=0.9999000099990001
req1=1.0
rhos1=1.0
cex2=4.0
cey2=0.0
cez2=0.0
oriw2=0.9502644261290473
orii2=-0.08220886361614642
orij2=0.24476478112685945
orik2=-0.17415345272630903
lvx2=-1.143634511987353
lvy2=-2.2723713256302163
lvz2=-5.011201440450574
avx2=-3.2800871318393336
avy2=2.3979654723153585
avz2=-4.792620119045826
shx2=1.0001
shy2=1.0
shz2=0.9999000099990001
req2=1.0
rhos2=1.0
rhof=1.0
ndiv=2
tend=100.0
dt=0.05
tprint=1
logevery=100
nbody=2
impulse_scheme=1
energy_projection=0
impulse_pair_metric_correction=0
