cex1=-2.5
cey1=0.0
cez1=0.0
oriw1=-0.10749624787578382
orii1=-0.4322362535171769
orij1=-0.7139821092365367
orik1=0.5402276608321801
lvx1=-0.29980413720572907
lvy1=-0.17546940110753592
lvz1=0.6771998108688969
avx1=3.0734140741571845
avy1=-3.5099551912081357
avz1=-4.208652764108846
shx1=1.0
shy1=0.7
shz1=0.7
req1=1.0
rhos1=10.0
cex2=2.5
cey2=0.0
cez2=0.0
oriw2=0.6416245189406721
orii2=-0.47491326867928135
orij2=0.47534754274315727
orik2=-0.3698919809005787
lvx2=-0.31236467696507775
lvy2=-0.18282083531288812
lvz2=0.7055716513268732
avx2=-0.6221364466433132
avy2=-3.008187735502805
avz2=5.481073835854246
shx2=1.0
shy2=0.7
shz2=0.7
req2=1.0
rhos2=10.0
rhof=1.0
ndiv=2
tend=100.0
dt=0.05
tprint=1
logevery=100
nbody=2
impulse_scheme=1
energy_projection=0
impulse_pair_metric_correction=0
