cex1=-2.5
cey1=0.0
cez1=0.0
oriw1=-0.611263772750926
orii1=0.36833775380071404
orij1=0.28983951790855467
orik1=0.637712280817835
lvx1=-9.17861363595387
lvy1=3.8050966015351713
lvz1=2.409020297066442
avx1=1.0138815276912008
avy1=-0.1390374404600948
avz1=6.199284671824185
shx1=1.0
shy1=0.8
shz1=0.6
req1=1.0
rhos1=0.3
cex2=2.5
cey2=0.0
cez2=0.0
oriw2=0.8266356528774412
orii2=0.18744529111915564
orij2=0.06420230895621179
orik2=0.5267027850257037
lvx2=-8.28649562666573
lvy2=3.4352591358842
lvz2=2.1748748719517814
avx2=-4.362446198324532
avy2=-1.0937073133094513
avz2=-4.387628640153436
shx2=1.0
shy2=0.8
shz2=0.6
req2=1.0
rhos2=0.3
rhof=1.0
ndiv=2
tend=100.0
dt=0.05
tprint=1
logevery=100
nbody=2
impulse_scheme=1
energy_projection=0
impulse_pair_metric_correction=0
