cex1=-4.0
cey1=0.0
cez1=0.0
oriw1=0.22679393939196715
orii1=0.5733314475215232
orij1=-0.5587365126852171
orik1=0.554679249413848
lvx1=-4.445964789513034
lvy1=-0.5125909897930553
lvz1=-1.6220261755335212
avx1=6.276547769762671
avy1=0.004194850142793087
avz1=0.28870071263673264
shx1=1.0
shy1=0.7
shz1=0.7
req1=1.0
rhos1=1.0
cex2=4.0
cey2=0.0
cez2=0.0
oriw2=-0.8267422187017237
orii2=0.5001924228857233
orij2=-0.03163655839171235
orik2=-0.25554641863463656
lvx2=-5.248303528620754
lvy2=-0.6050954579792698
lvz2=-1.9147442914185164
avx2=-3.0840588257808554
avy2=-3.2342679241648917
avz2=4.416617456628859
shx2=1.0
shy2=0.7
shz2=0.7
req2=1.0
rhos2=1.0
rhof=1.0
ndiv=2
tend=100.0
dt=0.05
tprint=1
logevery=100
nbody=2
impulse_scheme=1
energy_projection=0
impulse_pair_metric_correction=0
