cex1=-4.0
cey1=0.0
cez1=0.0
oriw1=-0.27255923150008365
orii1=-0.5810858645589129
orij1=-0.7666012539587485
orik1=0.019318404767965213
lvx1=-3.1850885507117175
lvy1=0.02215455101677378
lvz1=4.630059846641329
avx1=-4.224165982535242
avy1=-0.02555097933057388
avz1=4.651256443564981
shx1=1.0
shy1=1.0
shz1=1.0
req1=1.0
rhos1=1.0
cex2=4.0
cey2=0.0
cez2=0.0
oriw2=-0.8486505388239288
orii2=-0.06088857434343079
orij2=-0.32907657208617647
orik2=0.40962599303790687
lvx2=-3.330156730640227
lvy2=0.023163603148909483
lvz2=4.840940751274967
avx2=5.408407229470618
avy2=1.3605688865764003
avz2=-2.894201297326716
shx2=2.0
shy2=1.0
shz2=0.5
req2=1.0
rhos2=1.0
rhof=1.0
ndiv=2
tend=100.0
dt=0.05
tprint=1
logevery=100
nbody=2
impulse_scheme=1
energy_projection=0
impulse_pair_metric_correction=0
