cex1=-4.0
cey1=0.0
cez1=0.0
oriw1=0.47280236175040147
orii1=0.5486831496654705
orij1=-0.45596742500157816
orik1=0.5172025090173593
lvx1=-1.886598479640053
lvy1=-0.15920247185246725
lvz1=-5.291326377484368
avx1=-3.5868432661990033
avy1=-5.140482793408539
avz1=0.43406179139730244
shx1=1.0
shy1=1.0
shz1=1.0
req1=1.0
rhos1=1.0
cex2=4.0
cey2=0.0
cez2=0.0
oriw2=-0.10099902604855336
orii2=-0.15053871478414088
orij2=-0.9266958404626086
orik2=-0.32919919707934037
lvx2=-2.36205418481858
lvy2=-0.19932427007167347
lvz2=-6.624832866165819
avx2=-3.830857172433302
avy2=4.978686089739604
avz2=0.12504298703702932
shx2=2.0
shy2=1.0
shz2=0.5
req2=1.0
rhos2=1.0
rhof=1.0
ndiv=2
tend=100.0
dt=0.05
tprint=1
logevery=100
nbody=2
impulse_scheme=1
energy_projection=0
impulse_pair_metric_correction=0
