cex1=-4.0
cey1=0.0
cez1=0.0
oriw1=0.5019666784298842
orii1=-0.6328043668906058
orij1=-0.396286315399823
orik1=-0.4365148831564403
lvx1=-6.850076868413886
lvy1=-1.00696162270318
lvz1=-2.08295765743693
avx1=-3.5460470019390296
avy1=-5.105201198556407
avz1=-0.9169999927234912
shx1=2.0
shy1=1.0
shz1=0.5
req1=1.0
rhos1=1.0
cex2=4.0
cey2=0.0
cez2=0.0
oriw2=0.11390670937892272
orii2=-0.4684549821668057
orij2=-0.45438759565725795
orik2=-0.749070827194852
lvx2=-5.324368997645022
lvy2=-0.7826824937485057
lvz2=-1.6190234631969096
avx2=6.035579599588888
avy2=0.21264146996985103
avz2=1.7334878443856863
shx2=1.0
shy2=1.0
shz2=1.0
req2=1.0
rhos2=1.0
rhof=1.0
ndiv=2
tend=100.0
dt=0.05
tprint=1
logevery=100
nbody=2
impulse_scheme=1
energy_projection=0
impulse_pair_metric_correction=0
