cex1=-5.5
cey1=0.0
cez1=0.0
oriw1=0.6335840325865271
orii1=0.4551919034011795
orij1=-0.010326812296357783
orik1=-0.6255117598232679
lvx1=-0.5368520402505911
lvy1=-2.7566220190727915
lvz1=1.0021484812251855
avx1=-5.836877240973541
avy1=-1.9747302727035239
avz1=1.2287074624298497
shx1=1.0
shy1=0.7
shz1=0.7
req1=1.0
rhos1=0.1
cex2=5.5
cey2=0.0
cez2=0.0
oriw2=-0.47868341476676607
orii2=-0.3058760366175706
orij2=0.7049616020603844
orik2=0.42465418668701604
lvx2=-0.5948526786081594
lvy2=-3.0544430662688113
lvz2=1.110419005098014
avx2=-3.9446188945918683
avy2=3.889705786015617
avz2=-2.964555325680885
shx2=1.0
shy2=0.7
shz2=0.7
req2=1.0
rhos2=0.1
rhof=1.0
ndiv=2
tend=100.0
dt=0.05
tprint=1
logevery=100
nbody=2
impulse_scheme=1
energy_projection=0
impulse_pair_metric_correction=0
