cex1=-4.0
cey1=0.0
cez1=0.0
oriw1=0.0239295492859896
orii1=-0.22893936329874676
orij1=0.6410288761960199
orik1=-0.7321858537872756
lvx1=4.043525286623902
lvy1=1.1870621642867145
lvz1=-2.884004780261349
avx1=6.079118659603991
avy1=1.011058709823652
avz1=-1.224946616021182
shx1=1.3
shy1=1.0
shz1=0.7692307692307692
req1=1.0
rhos1=1.0
cex2=4.0
cey2=0.0
cez2=0.0
oriw2=0.21901163664887058
orii2=-0.6759399410408893
orij2=-0.7019000202159289
orik2=0.04975400224002998
lvx2=4.449986932945059
lvy2=1.3063875567054641
lvz2=-3.1739095657862246
avx2=5.704436485556696
avy2=-2.608553798411625
avz2=-0.3650603613093218
shx2=1.0
shy2=1.0
shz2=1.0
req2=1.0
rhos2=1.0
rhof=1.0
ndiv=2
tend=100.0
dt=0.05
tprint=1
logevery=100
nbody=2
impulse_scheme=1
energy_projection=0
impulse_pair_metric_correction=0
