cex1=-1.5
cey1=0.0
cez1=0.0
oriw1=-0.06334704773579103
orii1=-0.32675752515175494
orij1=-0.9402844952024262
orik1=-0.07128631973792973
lvx1=-1.7099061229036563
lvy1=-1.8820771589148173
lvz1=1.9344723963695705
avx1=4.526672122000254
avy1=-4.094763633706144
avz1=-1.4901570012387313
shx1=1.0
shy1=0.8
shz1=0.6
req1=1.0
rhos1=0.1
cex2=1.5
cey2=0.0
cez2=0.0
oriw2=0.4101633041123696
orii2=-0.6289436684119123
orij2=-0.4738796925096443
orik2=0.46003691477006
lvx2=-1.9172566147021701
lvy2=-2.110305843096051
lvz2=2.1690547499766404
avx2=-2.9136414417868592
avy2=-1.0390092912370095
avz2=5.4689643302715725
shx2=1.0
shy2=0.8
shz2=0.6
req2=1.0
rhos2=0.1
rhof=1.0
ndiv=2
tend=100.0
dt=0.05
tprint=1
logevery=100
nbody=2
impulse_scheme=1
energy_projection=0
impulse_pair_metric_correction=0
