cex1=-2.5
cey1=0.0
cez1=0.0
oriw1=0.8837366291497123
orii1=0.1487745047588061
orij1=0.42385835732778115
orik1=-0.13122427350254484
lvx1=-0.0018575562558286272
lvy1=0.3788738380693145
lvz1=2.1546687862837572
avx1=3.063126731790949
avy1=-0.45095754448833547
avz1=-5.467385986229084
shx1=1.0
shy1=0.8
shz1=0.6
req1=1.0
rhos1=10.0
cex2=2.5
cey2=0.0
cez2=0.0
oriw2=0.8355843298515231
orii2=0.4011754835588169
orij2=-0.29120775071684724
orik2=0.23675959330165472
lvx2=-0.0018727844714308808
lvy2=0.38197983955598236
lvz2=2.1723327255189853
avx2=-1.737542071819795
avy2=-3.3613355257040194
avz2=-5.016053093484328
shx2=1.0
shy2=0.8
shz2=0.6
req2=1.0
rhos2=10.0
rhof=1.0
ndiv=2
tend=100.0
dt=0.05
tprint=1
logevery=100
nbody=2
impulse_scheme=1
energy_projection=0
impulse_pair_metric_correction=0
