cex1=-4.0
cey1=0.0
cez1=0.0
oriw1=-0.7048215907460704
orii1=-0.08126321488398679
orij1=0.68228261691691
orik1=0.1763894718454334
lvx1=0.47653567594134183
lvy1=-1.7448791413396965
lvz1=-5.318003604739751
avx1=-1.46117021108215
avy1=-6.058561435020351
avz1=0.7982684740660397
shx1=1.001
shy1=1.001
shz1=0.9980029960049943
req1=1.0
rhos1=1.0
cex2=4.0
cey2=0.0
cez2=0.0
oriw2=0.6300381962515238
orii2=-0.5207002827917167
orij2=0.2597897148054783
orik2=0.5142299007701138
lvx2=0.4767612752049844
lvy2=-1.7457051937620127
lvz2=-5.320521228829296
avx2=-4.475822067888473
avy2=-2.558248665015319
avz2=3.591768114579132
shx2=1.0
shy2=1.0
shz2=1.0
req2=1.0
rhos2=1.0
rhof=1.0
ndiv=2
tend=100.0
dt=0.05
tprint=1
logevery=100
nbody=2
impulse_scheme=1
energy_projection=0
impulse_pair_metric_correction=0
