cex1=-5.5
cey1=0.0
cez1=0.0
oriw1=0.1904787101509155
orii1=0.09532713160487642
orij1=-0.23895982170590688
orik1=0.9473799673676404
lvx1=1.0092857504439876
lvy1=2.25607569481344
lvz1=4.2044907462253915
avx1=6.176664828000841
avy1=-0.9004296096080389
avz1=-0.7186485406900225
shx1=1.0
shy1=0.8
shz1=0.6
req1=1.0
rhos1=4.0
cex2=5.5
cey2=0.0
cez2=0.0
oriw2=0.2642247495915128
orii2=0.34498754199875303
orij2=-0.12491518051171473
orik2=0.8919445471814302
lvx2=1.0676234893059582
lvy2=2.38647915555681
lvz2=4.447514570838955
avx2=5.003447286691118
avy2=3.709059771101952
avz2=-0.8287390832185084
shx2=1.0
shy2=0.8
shz2=0.6
req2=1.0
rhos2=4.0
rhof=1.0
ndiv=2
tend=100.0
dt=0.05
tprint=1
logevery=100
nbody=2
impulse_scheme=1
energy_projection=0
impulse_pair_metric_correction=0
