cex1=-2.5
cey1=0.0
cez1=0.0
oriw1=0.8328771676302993
orii1=-0.13736608692081573
orij1=-0.5218630852495357
orik1=0.12290281550082258
lvx1=0.29486796653308606
lvy1=-1.10607971343244
lvz1=-0.013309143584869258
avx1=-5.243681757470244
avy1=-3.4566483909302343
avz1=0.1838508422897001
shx1=1.0
shy1=0.7
shz1=0.7
req1=1.0
rhos1=4.0
cex2=2.5
cey2=0.0
cez2=0.0
oriw2=-0.42944999824913965
orii2=-0.6240754462162214
orij2=-0.14670717632638028
orik2=-0.6360656733767186
lvx2=0.2943104062206097
lvy2=-1.1039882480288017
lvz2=-0.013283977574660618
avx2=5.275233128388946
avy2=-1.8692297353655878
avz2=-2.855925986773871
shx2=1.0
shy2=0.7
shz2=0.7
req2=1.0
rhos2=4.0
rhof=1.0
ndiv=2
tend=100.0
dt=0.05
tprint=1
logevery=100
nbody=2
impulse_scheme=1
energy_projection=0
impulse_pair_metric_correction=0
