cex1=-4.0
cey1=0.0
cez1=0.0
oriw1=0.9265722022548986
orii1=-0.2987097673287719
orij1=-0.19675214826791715
orik1=0.11629712405239394
lvx1=2.6591971610756406
lvy1=4.910549861344691
lvz1=0.6767859527805093
avx1=-2.838818790766445
avy1=-4.759744241168758
avz1=-2.960466219400183
shx1=1.03
shy1=1.0
shz1=0.970873786407767
req1=1.0
rhos1=1.0
cex2=4.0
cey2=0.0
cez2=0.0
oriw2=-0.22806898890839433
orii2=0.02948865575915199
orij2=-0.3346193550312172
orik2=0.9138625950974868
lvx2=2.302536658861499
lvy2=4.251930333115975
lvz2=0.5860131355770893
avx2=6.067475065336269
avy2=0.19541995682072646
avz2=-1.6204860309043896
shx2=2.0
shy2=1.0
shz2=0.5
req2=1.0
rhos2=1.0
rhof=1.0
ndiv=2
tend=100.0
dt=0.05
tprint=1
logevery=100
nbody=2
impulse_scheme=1
energy_projection=0
impulse_pair_metric_correction=0
