cex1=-4.0
cey1=0.0
cez1=0.0
oriw1=-0.7195062368176246
orii1=0.10412693966292969
orij1=0.6538190080338823
orik1=0.2097356916468039
lvx1=0.18041036695442178
lvy1=5.235862416555238
lvz1=-2.0467513867022387
avx1=-2.8385682097567138
avy1=4.151803630784133
avz1=3.7660954228914183
shx1=1.01
shy1=1.0
shz1=0.9900990099009901
req1=1.0
rhos1=1.0
cex2=4.0
cey2=0.0
cez2=0.0
oriw2=-0.3524965222600986
orii2=-0.6664837470314463
orij2=-0.48515108977808086
orik2=-0.4429153833686514
lvx2=0.18025843940785666
lvy2=5.231453181406901
lvz2=-2.0450277722455983
avx2=-2.4359426442073655
avy2=5.790313206132872
avz2=0.12990001298199175
shx2=1.0
shy2=1.0
shz2=1.0
req2=1.0
rhos2=1.0
rhof=1.0
ndiv=2
tend=100.0
dt=0.05
tprint=1
logevery=100
nbody=2
impulse_scheme=1
energy_projection=0
impulse_pair_metric_correction=0
