cex1=-4.0
cey1=0.0
cez1=0.0
oriw1=-0.0692910684329009
orii1=0.6225149612224833
orij1=0.778373837080863
orik1=-0.04252106110636321
lvx1=-2.6555674813697205
lvy1=4.66158091776
lvz1=-1.6897056170490181
avx1=-0.34994074433318323
avy1=1.844985059636245
avz1=-5.995997765971232
shx1=1.001
shy1=1.001
shz1=0.9980029960049943
req1=1.0
rhos1=1.0
cex2=4.0
cey2=0.0
cez2=0.0
oriw2=-0.05281126268593791
orii2=-0.8380484853044124
orij2=0.4595526175029498
orik2=-0.2893045083621829
lvx2=-3.7829654281705976
lvy2=6.640614323010938
lvz2=-2.4070553574428883
avx2=-4.77117284320114
avy2=4.08442590634071
avz2=-0.1783040108080986
shx2=2.0
shy2=2.0
shz2=0.25
req2=1.0
rhos2=1.0
rhof=1.0
ndiv=2
tend=100.0
dt=0.05
tprint=1
logevery=100
nbody=2
impulse_scheme=1
energy_projection=0
impulse_pair_metric_correction=0
