cex1=-1.5
cey1=0.0
cez1=0.0
oriw1=-0.5479013905750505
orii1=-0.2745497749744309
orij1=-0.41083237441543935
orik1=-0.6750135164569578
lvx1=0.15228101542562397
lvy1=0.33513185148799446
lvz1=0.6433277577191627
avx1=-3.8615240129597916
avy1=-3.9404964604835966
avz1=3.0065823698359875
shx1=1.0
shy1=0.7
shz1=0.7
req1=1.0
rhos1=4.0
cex2=1.5
cey2=0.0
cez2=0.0
oriw2=-0.34004541151675455
orii2=0.8274491720914177
orij2=0.234869930840241
orik2=0.38017509294893176
lvx2=0.13317257592042037
lvy2=0.2930790276837499
lvz2=0.562602071027121
avx2=6.2075485629915415
avy2=0.6981735539013926
avz2=-0.6762485719702345
shx2=1.0
shy2=0.7
shz2=0.7
req2=1.0
rhos2=4.0
rhof=1.0
ndiv=2
tend=100.0
dt=0.05
tprint=1
logevery=100
nbody=2
impulse_scheme=1
energy_projection=0
impulse_pair_metric_correction=0
