cex1=-4.0
cey1=0.0
cez1=0.0
oriw1=0.23044264431781744
orii1=-0.12010472861727872
orij1=-0.9120427765558938
orik1=0.3172522901033144
lvx1=3.7110337204278245
lvy1=-3.676274333038583
lvz1=-2.0699742844724405
avx1=3.855937391807884
avy1=-4.876729360315758
avz1=0.9097665530505674
shx1=1.001
shy1=1.0
shz1=0.9990009990009991
req1=1.0
rhos1=1.0
cex2=4.0
cey2=0.0
cez2=0.0
oriw2=0.4740424311196753
orii2=0.4272049345767453
orij2=0.7665682878790501
orik2=-0.07178284885408404
lvx2=3.710994715272926
lvy2=-3.6762356932253635
lvz2=-2.0699525278208757
avx2=5.192180184515547
avy2=-0.6388754936220142
avz2=-3.480161007702195
shx2=1.001
shy2=1.0
shz2=0.9990009990009991
req2=1.0
rhos2=1.0
rhof=1.0
ndiv=2
tend=100.0
dt=0.05
tprint=1
logevery=100
nbody=2
impulse_scheme=1
energy_projection=0
impulse_pair_metric_correction=0
