cex1=-2.5
cey1=0.0
cez1=0.0
oriw1=-0.770327615307927
orii1=-0.2485759352036503
orij1=-0.34378168780112217
orik1=0.47604571278843044
lvx1=-0.9433127303576377
lvy1=0.43573169981612847
lvz1=-0.40500557543239407
avx1=-5.9681822192309495
avy1=0.21288869922749784
avz1=1.9529201223179111
shx1=1.0
shy1=0.8
shz1=0.6
req1=1.0
rhos1=1.0
cex2=2.5
cey2=0.0
cez2=0.0
oriw2=0.20578576300948817
orii2=-0.3591435424479253
orij2=0.510020657810034
orik2=0.7540205993655468
lvx2=-1.1129255492867545
lvy2=0.5140786567946157
lvz2=-0.47782780619467097
avx2=2.6080694852170327
avy2=2.68553518776696
avz2=-5.046215603786928
shx2=1.0
shy2=0.8
shz2=0.6
req2=1.0
rhos2=1.0
rhof=1.0
ndiv=2
tend=100.0
dt=0.05
tprint=1
logevery=100
nbody=2
impulse_scheme=1
energy_projection=0
impulse_pair_metric_correction=0
