cex1=-1.5
cey1=0.0
cez1=0.0
oriw1=0.5513480338757039
orii1=-0.09713366549444477
orij1=0.6387804419963442
orik1=-0.5277688352792007
lvx1=1.0929030006087943
lvy1=1.2906744367436471
lvz1=-4.6377518687865456
avx1=-5.802457725259813
avy1=-2.166308043261537
avz1=1.0568876064324557
shx1=1.0
shy1=0.7
shz1=0.7
req1=1.0
rhos1=0.1
cex2=1.5
cey2=0.0
cez2=0.0
oriw2=-0.7532871109482897
orii2=0.06334767120473982
orij2=-0.15130206359373696
orik2=0.6369091666669526
lvx2=1.297690868049566
lvy2=1.5325206621761107
lvz2=-5.506772554427627
avx2=-0.4407062896915612
avy2=5.657971404286789
avz2=-2.6965821253684665
shx2=1.0
shy2=0.7
shz2=0.7
req2=1.0
rhos2=0.1
rhof=1.0
ndiv=2
tend=100.0
dt=0.05
tprint=1
logevery=100
nbody=2
impulse_scheme=1
energy_projection=0
impulse_pair_metric_correction=0
