cex1=-5.5
cey1=0.0
cez1=0.0
oriw1=1.0
orii1=2.0
orij1=0.0
orik1=0.0
lvx1=-0.8945833315582166
lvy1=-0.060069151078475845
lvz1=1.859412872848593
avx1=3.387416039220368
avy1=2.9857163343812525
avz1=4.369133569965446
shx1=1.0
shy1=0.7
shz1=0.7
req1=1.0
rhos1=4.0
cex2=5.5
cey2=0.0
cez2=0.0
oriw2=1.0
orii2=0.0
orij2=1.0
orik2=0.0
lvx2=-0.804038577409388
lvy2=-0.05398928537512578
lvz2=1.671213433518567
avx2=-5.6067550392994105
avy2=-2.8328552747279425
avz2=-0.13284022769542997
shx2=1.0
shy2=0.7
shz2=0.7
req2=1.0
rhos2=4.0
rhof=1.0
ndiv=2
tend=100.0
dt=0.05
tprint=1
logevery=100
nbody=2
impulse_scheme=1
energy_projection=0
impulse_pair_metric_correction=0
