cex1=-2.5
cey1=0.0
cez1=0.0
oriw1=0.15297697775520255
orii1=-0.015346324441319696
orij1=-0.5743228158502621
orik1=-0.8040620857849547
lvx1=8.076098767782126
lvy1=-3.526709571846224
lvz1=1.8532277972720435
avx1=4.063063138434175
avy1=-3.6183169505004593
avz1=-3.1428837050034035
shx1=1.0
shy1=0.7
shz1=0.7
req1=1.0
rhos1=10.0
cex2=2.5
cey2=0.0
cez2=0.0
oriw2=-0.047523137850023135
orii2=0.1805550387283651
orij2=-0.6903192010223123
orik2=0.6989998784396194
lvx2=7.841099413805948
lvy2=-3.4240889260522818
lvz2=1.7993023380061182
avx2=4.7091785773350106
avy2=0.4616057228135369
avz2=-4.133881334507828
shx2=1.0
shy2=0.7
shz2=0.7
req2=1.0
rhos2=10.0
rhof=1.0
ndiv=2
tend=100.0
dt=0.05
tprint=1
logevery=100
nbody=2
impulse_scheme=1
energy_projection=0
impulse_pair_metric_correction=0
