cex1=-4.0
cey1=0.0
cez1=0.0
oriw1=-0.7428925244018345
orii1=-0.028610101003742804
orij1=0.3104265243527709
orik1=-0.5923913674984502
lvx1=1.016522198288098
lvy1=-1.1246071125243011
lvz1=3.0651389410070746
avx1=0.017782877438672077
avy1=-6.26242861302864
avz1=0.5099894512120997
shx1=1.0
shy1=0.8
shz1=0.6
req1=1.0
rhos1=0.3
cex2=4.0
cey2=0.0
cez2=0.0
oriw2=0.6048345161097992
orii2=-0.7260769491191759
orij2=-0.0758980187888708
orik2=-0.31816185004481423
lvx2=1.0424926558106278
lvy2=-1.1533389604805317
lvz2=3.1434481612111522
avx2=2.931260132033185
avy2=-3.1052726000802724
avz2=4.60905779112184
shx2=1.0
shy2=0.8
shz2=0.6
req2=1.0
rhos2=0.3
rhof=1.0
ndiv=2
tend=100.0
dt=0.05
tprint=1
logevery=100
nbody=2
impulse_scheme=1
energy_projection=0
impulse_pair_metric_correction=0
