cex1=-5.5
cey1=0.0
cez1=0.0
oriw1=-0.1050477387360473
orii1=-0.6615904581053109
orij1=0.7417274134806713
orik1=-0.03321870590075905
lvx1=0.6824668701445397
lvy1=-1.1659870616600176
lvz1=-0.234354628546115
avx1=-1.0070731667938586
avy1=1.580413257894717
avz1=5.997208948782077
shx1=1.0
shy1=0.8
shz1=0.6
req1=1.0
rhos1=0.3
cex2=5.5
cey2=0.0
cez2=0.0
oriw2=0.33745643959296245
orii2=-0.7442557052207138
orij2=0.12466147960300127
orik2=-0.5627309411493647
lvx2=0.573993898329535
lvy2=-0.980662195048807
lvz2=-0.1971057244174579
avx2=5.5337796844764195
avy2=-1.0368747981894662
avz2=-2.789371015285175
shx2=1.0
shy2=0.8
shz2=0.6
req2=1.0
rhos2=0.3
rhof=1.0
ndiv=2
tend=100.0
dt=0.05
tprint=1
logevery=100
nbody=2
impulse_scheme=1
energy_projection=0
impulse_pair_metric_correction=0
