cex1=-2.5
cey1=0.0
cez1=0.0
oriw1=-0.80110866732674
orii1=-0.26702169630790035
orij1=0.5010658100902674
orik1=-0.18936042562639657
lvx1=-0.5678656899022231
lvy1=-0.48326337979979994
lvz1=1.813470608684623
avx1=4.519712274768642
avy1=-4.02281481392921
avz1=1.6933929049381309
shx1=1.0
shy1=0.8
shz1=0.6
req1=1.0
rhos1=4.0
cex2=2.5
cey2=0.0
cez2=0.0
oriw2=-0.11594491492542736
orii2=-0.1595778569648844
orij2=-0.9659893147802874
orik2=-0.16720145932300096
lvx2=-0.6170455419264721
lvy2=-0.5251162720063794
lvz2=1.9705257324072605
avx2=3.5692601497317247
avy2=-1.8255180350379847
avz2=-4.838004081400258
shx2=1.0
shy2=0.8
shz2=0.6
req2=1.0
rhos2=4.0
rhof=1.0
ndiv=2
tend=100.0
dt=0.05
tprint=1
logevery=100
nbody=2
impulse_scheme=1
energy_projection=0
impulse_pair_metric_correction=0
