cex1=-4.0
cey1=0.0
cez1=0.0
oriw1=0.6068878199457908
orii1=0.07134410292038673
orij1=0.056422482095888696
orik1=-0.7895655112111153
lvx1=-0.4516590789381554
lvy1=1.1879811934294175
lvz1=0.2400340901258126
avx1=1.7907842972556796
avy1=3.8487735719141822
avz1=-4.632326758465433
shx1=1.0
shy1=0.7
shz1=0.7
req1=1.0
rhos1=1.0
cex2=4.0
cey2=0.0
cez2=0.0
oriw2=-0.5718002561369009
orii2=-0.46086373504768197
orij2=-0.33192751001837956
orik2=-0.5920077811082157
lvx2=-0.4417418067655011
lvy2=1.161896180682785
lvz2=0.2347635586265021
avx2=-2.842025179323916
avy2=-3.616437431325542
avz2=-4.28050123113565
shx2=1.0
shy2=0.7
shz2=0.7
req2=1.0
rhos2=1.0
rhof=1.0
ndiv=2
tend=100.0
dt=0.05
tprint=1
logevery=100
nbody=2
impulse_scheme=1
energy_projection=0
impulse_pair_metric_correction=0
