cex1=-5.5
cey1=0.0
cez1=0.0
oriw1=-0.8775728224238011
orii1=-0.1565366909886352
orij1=-0.2019978253799171
orik1=-0.4056588274144133
lvx1=6.227539292292022
lvy1=-5.910558359178766
lvz1=-2.1283442523185623
avx1=-4.469919624893422
avy1=-1.3386619992195006
avz1=4.207875972886526
shx1=1.0
shy1=0.7
shz1=0.7
req1=1.0
rhos1=0.03
cex2=5.5
cey2=0.0
cez2=0.0
oriw2=-0.3330623690769691
orii2=-0.7666670373078243
orij2=-0.4227999080761042
orik2=0.3500447827654599
lvx2=6.414847056242199
lvy2=-6.088332182512981
lvz2=-2.192359168019123
avx2=3.762664429611873
avy2=2.3938619760283713
avz2=-4.426081656975674
shx2=1.0
shy2=0.7
shz2=0.7
req2=1.0
rhos2=0.03
rhof=1.0
ndiv=2
tend=100.0
dt=0.05
tprint=1
logevery=100
nbody=2
impulse_scheme=1
energy_projection=0
impulse_pair_metric_correction=0
