cex1=-1.5
cey1=0.0
cez1=0.0
oriw1=1.0
orii1=2.0
orij1=0.0
orik1=0.0
lvx1=3.40056370237515
lvy1=-2.3933837676760783
lvz1=6.54486317259435
avx1=-4.8726808101148835
avy1=-3.94750142245162
avz1=0.3906812599012585
shx1=1.0
shy1=0.7
shz1=0.7
req1=1.0
rhos1=0.1
cex2=1.5
cey2=0.0
cez2=0.0
oriw2=1.0
orii2=0.0
orij2=1.0
orik2=0.0
lvx2=3.7391939347605
lvy2=-2.6317184005104504
lvz2=7.1966046869550295
avx2=-2.142982944119855
avy2=4.896730077049289
avz2=3.302737691384179
shx2=1.0
shy2=0.7
shz2=0.7
req2=1.0
rhos2=0.1
rhof=1.0
ndiv=2
tend=100.0
dt=0.05
tprint=1
logevery=100
nbody=2
impulse_scheme=1
energy_projection=1
