cex1=-1.5
cey1=0.0
cez1=0.0
oriw1=-0.7859449238838958
orii1=-0.5694881414707159
orij1=0.06121268724688794
orik1=-0.23286657180750886
lvx1=3.1287032387582974
lvy1=-3.576443121305217
lvz1=8.270476344696734
avx1=-0.6755856896120569
avy1=5.566841006435664
avz1=2.8341282238838814
shx1=1.0
shy1=0.8
shz1=0.6
req1=1.0
rhos1=4.0
cex2=1.5
cey2=0.0
cez2=0.0
oriw2=-0.0316745358232817
orii2=-0.580289361214844
orij2=0.6309594414707521
orik2=-0.5139563836165133
lvx2=3.1086960219247337
lvy2=-3.5535727281869294
lvz2=8.217588869945091
avx2=0.31148903498149094
avy2=-5.860944451751917
avz2=2.24292717646431
shx2=1.0
shy2=0.8
shz2=0.6
req2=1.0
rhos2=4.0
rhof=1.0
ndiv=2
tend=100.0
dt=0.05
tprint=1
logevery=100
nbody=2
impulse_scheme=1
energy_projection=0
impulse_pair_metric_correction=0
