cex1=-4.0
cey1=0.0
cez1=0.0
oriw1=0.3742589683377681
orii1=0.5396589369008631
orij1=0.5057636885329788
orik1=0.5593760343483584
lvx1=-1.8309508897885958
lvy1=4.202227246590194
lvz1=3.2561281684917907
avx1=0.6431691703774222
avy1=-0.23384464666202454
avz1=6.245804007800834
shx1=1.0020009999999997
shy1=0.9990009990009991
shz1=0.9990009990009991
req1=1.0
rhos1=1.0
cex2=4.0
cey2=0.0
cez2=0.0
oriw2=-0.8846190634564395
orii2=-0.33976089219592576
orij2=-0.22462148564254056
orik2=-0.22706130646021197
lvx2=-1.829251726583859
lvy2=4.198327486113182
lvz2=3.253106409030811
avx2=-4.983814891325325
avy2=1.0338872610309635
avz2=3.6838952027492935
shx2=1.0020009999999997
shy2=0.9990009990009991
shz2=0.9990009990009991
req2=1.0
rhos2=1.0
rhof=1.0
ndiv=2
tend=100.0
dt=0.05
tprint=1
logevery=100
nbody=2
impulse_scheme=1
energy_projection=0
impulse_pair_metric_correction=0
