cex1=-1.5
cey1=0.0
cez1=0.0
oriw1=-0.1313374643035774
orii1=-0.44823616771414326
orij1=-0.09446392495658092
orik1=-0.8791537836493922
lvx1=8.154211558751106
lvy1=-2.839822746164052
lvz1=-3.5347618006736
avx1=-3.0416150249080474
avy1=1.3587875107207528
avz1=-5.327353202606371
shx1=1.0
shy1=0.7
shz1=0.7
req1=1.0
rhos1=4.0
cex2=1.5
cey2=0.0
cez2=0.0
oriw2=-0.6303778118308241
orii2=0.06732036232146038
orij2=0.7002093360379428
orik2=0.3283270760896713
lvx2=8.43857054323754
lvy2=-2.938854897390746
lvz2=-3.6580283199193846
avx2=1.3127470656217746
avy2=-4.4681017911901115
avz2=4.21795911900798
shx2=1.0
shy2=0.7
shz2=0.7
req2=1.0
rhos2=4.0
rhof=1.0
ndiv=2
tend=100.0
dt=0.05
tprint=1
logevery=100
nbody=2
impulse_scheme=1
energy_projection=0
impulse_pair_metric_correction=0
