cex1=-5.5
cey1=0.0
cez1=0.0
oriw1=0.14665436837491144
orii1=-0.9856645817559135
orij1=-0.07512824506000595
orik1=0.03624327941425443
lvx1=0.1688110444761953
lvy1=-0.5875410172831068
lvz1=0.48879808063398644
avx1=-1.8299499922467473
avy1=5.922965383726638
avz1=1.023807449381734
shx1=1.0
shy1=0.7
shz1=0.7
req1=1.0
rhos1=0.03
cex2=5.5
cey2=0.0
cez2=0.0
oriw2=0.34085648078454867
orii2=0.5899443345247859
orij2=-0.7055953893343485
orik2=-0.1947246471800357
lvx2=0.15925409453377762
lvy2=-0.5542783826686778
lvz2=0.46112560930331126
avx2=3.958541268832464
avy2=0.3173070546421087
avz2=4.869053795182596
shx2=1.0
shy2=0.7
shz2=0.7
req2=1.0
rhos2=0.03
rhof=1.0
ndiv=2
tend=100.0
dt=0.05
tprint=1
logevery=100
nbody=2
impulse_scheme=1
energy_projection=0
impulse_pair_metric_correction=0
