cex1=-1.5
cey1=0.0
cez1=0.0
oriw1=-0.5722026936586896
orii1=0.032921703333761924
orij1=0.7227741016092527
orik1=-0.3861318905015244
lvx1=-0.5963167089417686
lvy1=-0.322352650365834
lvz1=1.1171773400078264
avx1=-2.277574866608643
avy1=3.7075398242790003
avz1=-4.532683397584183
shx1=1.0
shy1=0.8
shz1=0.6
req1=1.0
rhos1=4.0
cex2=1.5
cey2=0.0
cez2=0.0
oriw2=0.23212960392482282
orii2=-0.008466347255527387
orij2=0.27570593680433064
orik2=-0.9327542036124523
lvx2=-0.609262052490383
lvy2=-0.32935055221935994
lvz2=1.1414299632435454
avx2=2.658538936827918
avy2=0.6502351344825918
avz2=-5.655774270213736
shx2=1.0
shy2=0.8
shz2=0.6
req2=1.0
rhos2=4.0
rhof=1.0
ndiv=2
tend=100.0
dt=0.05
tprint=1
logevery=100
nbody=2
impulse_scheme=1
energy_projection=0
impulse_pair_metric_correction=0
