cex1=-4.0
cey1=0.0
cez1=0.0
oriw1=0.2426830775590899
orii1=-0.36849506559373496
orij1=0.5407493333648383
orik1=-0.7161748871365154
lvx1=3.319785005380204
lvy1=1.9303411914565696
lvz1=-4.0868866911491795
avx1=-5.3209742193373835
avy1=2.037565662384904
avz1=-2.648391423671041
shx1=1.01
shy1=1.01
shz1=0.9802960494069208
req1=1.0
rhos1=1.0
cex2=4.0
cey2=0.0
cez2=0.0
oriw2=-0.2632830745641065
orii2=0.48397124840274663
orij2=-0.6807766631193937
orik2=-0.4826976158213149
lvx2=3.3267920348525517
lvy2=1.934415538921331
lvz2=-4.095512832736246
avx2=1.2752096672957303
avy2=-5.303645788229069
avz2=-3.1182686320766213
shx2=1.0
shy2=1.0
shz2=1.0
req2=1.0
rhos2=1.0
rhof=1.0
ndiv=2
tend=100.0
dt=0.05
tprint=1
logevery=100
nbody=2
impulse_scheme=1
energy_projection=0
impulse_pair_metric_correction=0
