cex1=-1.5
cey1=0.0
cez1=0.0
oriw1=-0.7259067872883291
orii1=-0.43448126703037104
orij1=0.33393976536132763
orik1=0.415655624139553
lvx1=0.5168494358432822
lvy1=3.2547909400280686
lvz1=0.895985458112739
avx1=-0.4984028231469015
avy1=6.255889639042906
avz1=0.306360986994507
shx1=1.0
shy1=0.8
shz1=0.6
req1=1.0
rhos1=0.1
cex2=1.5
cey2=0.0
cez2=0.0
oriw2=0.07085873251381677
orii2=-0.19527889930515274
orij2=-0.9264857663514479
orik2=-0.3137982094609111
lvx2=0.5406833585859675
lvy2=3.4048819151331338
lvz2=0.9373028064665904
avx2=0.1095719240621455
avy2=-4.648132695839974
avz2=-4.226260053484425
shx2=1.0
shy2=0.8
shz2=0.6
req2=1.0
rhos2=0.1
rhof=1.0
ndiv=2
tend=100.0
dt=0.05
tprint=1
logevery=100
nbody=2
impulse_scheme=1
energy_projection=0
impulse_pair_metric_correction=0
