cex1=-4.0
cey1=0.0
cez1=0.0
oriw1=0.20452813283250612
orii1=-0.8476272799390439
orij1=-0.42684067508776946
orik1=-0.2397984054863664
lvx1=5.029326409722995
lvy1=-1.9675944329874886
lvz1=-1.5560648987385393
avx1=2.9694551708418144
avy1=-0.43336640273784494
avz1=-5.520230715621975
shx1=1.0001
shy1=1.0001
shz1=0.9998000299960006
req1=1.0
rhos1=1.0
cex2=4.0
cey2=0.0
cez2=0.0
oriw2=0.8146301025820057
orii2=0.39947879264133745
orij2=0.33795498688349423
orik2=-0.25016178172859904
lvx2=5.028995545656779
lvy2=-1.9674649909426247
lvz2=-1.5559625299683004
avx2=0.905471667228864
avy2=0.21399621075177502
avz2=-6.2139153748652785
shx2=1.0
shy2=1.0
shz2=1.0
req2=1.0
rhos2=1.0
rhof=1.0
ndiv=2
tend=100.0
dt=0.05
tprint=1
logevery=100
nbody=2
impulse_scheme=1
energy_projection=0
impulse_pair_metric_correction=0
