cex1=-4.0
cey1=0.0
cez1=0.0
oriw1=0.5062679260047896
orii1=-0.4659227250486189
orij1=0.7230424903043441
orik1=0.061792868492814935
lvx1=3.3078377870422773
lvy1=-1.3283799686184434
lvz1=4.5289163446063485
avx1=-2.00344893523959
avy1=4.9073767541716995
avz1=3.3737610112247154
shx1=1.0
shy1=0.7
shz1=0.7
req1=1.0
rhos1=1.0
cex2=4.0
cey2=0.0
cez2=0.0
oriw2=0.8188872646606227
orii2=-0.048351916232377355
orij2=-0.03992463043504406
orik2=0.5705188549539144
lvx2=2.822184169410445
lvy2=-1.1333484770875193
lvz2=3.8639851272032457
avx2=5.8569099142828955
avy2=-1.8246790964782817
avz2=1.3585175947360295
shx2=1.0
shy2=0.7
shz2=0.7
req2=1.0
rhos2=1.0
rhof=1.0
ndiv=2
tend=100.0
dt=0.05
tprint=1
logevery=100
nbody=2
impulse_scheme=1
energy_projection=0
impulse_pair_metric_correction=0
