cex1=-4.0
cey1=0.0
cez1=0.0
oriw1=-0.28998856783844523
orii1=-0.7402024759268695
orij1=0.4581524483929822
orik1=-0.39762200540998155
lvx1=2.651567816729464
lvy1=4.226806385694854
lvz1=2.587153332997197
avx1=-0.12002431110444181
avy1=4.01644964538795
avz1=4.8303358077016085
shx1=1.0003
shy1=1.0003
shz1=0.9994002698920407
req1=1.0
rhos1=1.0
cex2=4.0
cey2=0.0
cez2=0.0
oriw2=0.018813888248302203
orii2=0.3048109004985662
orij2=0.8733541639490927
orik2=-0.3794586365587359
lvx2=3.9564980807820294
lvy2=6.306967239278865
lvz2=3.8603829523461943
avx2=2.051147334387328
avy2=-5.598770754513389
avz2=-1.9811557877660135
shx2=2.0
shy2=2.0
shz2=0.25
req2=1.0
rhos2=1.0
rhof=1.0
ndiv=2
tend=100.0
dt=0.05
tprint=1
logevery=100
nbody=2
impulse_scheme=1
energy_projection=0
impulse_pair_metric_correction=0
