cex1=-2.5
cey1=0.0
cez1=0.0
oriw1=-0.15256207407607697
orii1=0.05765261433892631
orij1=0.936540411428608
orik1=0.3103112105203843
lvx1=1.3839361973530089
lvy1=1.7808955616425453
lvz1=2.504383235348899
avx1=3.3937149804299023
avy1=4.499231740669457
avz1=2.778134262363067
shx1=1.0
shy1=0.7
shz1=0.7
req1=1.0
rhos1=0.1
cex2=2.5
cey2=0.0
cez2=0.0
oriw2=0.10831230454674012
orii2=-0.8450380846354436
orij2=0.5233691419739407
orik2=-0.016242580733863483
lvx2=1.405260265770477
lvy2=1.8083360887950726
lvz2=2.5429714589651913
avx2=-2.8797967036871737
avy2=-1.9682784864550695
avz2=5.225999268039373
shx2=1.0
shy2=0.7
shz2=0.7
req2=1.0
rhos2=0.1
rhof=1.0
ndiv=2
tend=100.0
dt=0.05
tprint=1
logevery=100
nbody=2
impulse_scheme=1
energy_projection=0
impulse_pair_metric_correction=0
