cex1=-4.0
cey1=0.0
cez1=0.0
oriw1=0.4151626701830962
orii1=0.5242223914569996
orij1=0.3582793833657771
orik1=-0.6515111089126451
lvx1=-5.0147365577280025
lvy1=-6.56456571191314
lvz1=1.2514222955510121
avx1=5.5014080836710235
avy1=-2.446753895398509
avz1=1.7961965584614543
shx1=1.0
shy1=0.7
shz1=0.7
req1=1.0
rhos1=0.3
cex2=4.0
cey2=0.0
cez2=0.0
oriw2=0.6208541939475403
orii2=0.6558601492815586
orij2=0.07679222529371228
orik2=0.4224813470161276
lvx2=-5.833050010828666
lvy2=-7.635782988031759
lvz2=1.4556315671988673
avx2=-0.4850521700292696
avy2=5.712102837168572
avz2=2.571968735097315
shx2=1.0
shy2=0.7
shz2=0.7
req2=1.0
rhos2=0.3
rhof=1.0
ndiv=2
tend=100.0
dt=0.05
tprint=1
logevery=100
nbody=2
impulse_scheme=1
energy_projection=0
impulse_pair_metric_correction=0
