cex1=-2.5
cey1=0.0
cez1=0.0
oriw1=1.0
orii1=2.0
orij1=0.0
orik1=0.0
lvx1=0.9493388469756903
lvy1=3.3101338176298523
lvz1=2.5518364618702845
avx1=1.844305137371403
avy1=6.004812186229218
avz1=0.13851632660438462
shx1=1.0
shy1=0.7
shz1=0.7
req1=1.0
rhos1=4.0
cex2=2.5
cey2=0.0
cez2=0.0
oriw2=1.0
orii2=0.0
orij2=1.0
orik2=0.0
lvx2=0.8034891634431596
lvy2=2.8015883480226194
lvz2=2.1597904167977346
avx2=-5.929076112873798
avy2=1.790656638217549
avz2=-1.057365999129061
shx2=1.0
shy2=0.7
shz2=0.7
req2=1.0
rhos2=4.0
rhof=1.0
ndiv=4
tend=10.0
dt=0.05
tprint=1
logevery=20
nbody=2
impulse_scheme=1
energy_projection=0
impulse_pair_metric_correction=0
