cex1=-4.0
cey1=0.0
cez1=0.0
oriw1=0.1500578442017335
orii1=0.5539415523812669
orij1=0.6964620185018474
orik1=0.4307807524986379
lvx1=1.6745266388394644
lvy1=-5.095485059269615
lvz1=2.535191412007654
avx1=3.7704670728907117
avy1=0.33146683721808773
avz1=-5.015189467251364
shx1=1.1
shy1=1.1
shz1=0.8264462809917354
req1=1.0
rhos1=1.0
cex2=4.0
cey2=0.0
cez2=0.0
oriw2=0.4059436034109688
orii2=0.7764753267722591
orij2=-0.4565748717338848
orik2=0.15438667126672026
lvx2=2.3796040808471814
lvy2=-7.240993818609687
lvz2=3.6026610086795374
avx2=4.698207024096771
avy2=3.6070524283401912
avz2=-2.096292236853042
shx2=2.0
shy2=2.0
shz2=0.25
req2=1.0
rhos2=1.0
rhof=1.0
ndiv=2
tend=100.0
dt=0.05
tprint=1
logevery=100
nbody=2
impulse_scheme=1
energy_projection=0
impulse_pair_metric_correction=0
