cex1=-4.0
cey1=0.0
cez1=0.0
oriw1=1.0
orii1=1.0
orij1=1.0
orik1=0.0
lvx1=0.7363991065828349
lvy1=0.09253607439093675
lvz1=-1.0138618998194056
avx1=-3.0850506583512813
avy1=5.4455244429269865
avz1=0.5542053601766131
shx1=1.0
shy1=0.7
shz1=0.7
req1=1.0
rhos1=10.0
cex2=4.0
cey2=0.0
cez2=0.0
oriw2=1.0
orii2=-1.0
orij2=0.0
orik2=1.0
lvx2=0.625341938922913
lvy2=0.07858060617219677
lvz2=-0.8609602599535713
avx2=-6.2473045171878585
avy2=0.05820353840286937
avz2=-0.6679941781175942
shx2=1.0
shy2=0.7
shz2=0.7
req2=1.0
rhos2=10.0
rhof=1.0
ndiv=2
tend=100.0
dt=0.05
tprint=1
logevery=100
nbody=2
impulse_scheme=1
energy_projection=0
impulse_pair_metric_correction=0
