cex1=-4.0
cey1=0.0
cez1=0.0
oriw1=-0.05178913834858225
orii1=0.44059914866342037
orij1=-0.5114010809980801
orik1=0.7359750061654103
lvx1=-0.8977357013135033
lvy1=2.501763140891713
lvz1=4.9480406538288975
avx1=4.7984905187399995
avy1=-2.8504115836837
avz1=-2.885837859187786
shx1=1.003
shy1=1.0
shz1=0.9970089730807579
req1=1.0
rhos1=1.0
cex2=4.0
cey2=0.0
cez2=0.0
oriw2=-0.44299236979361595
orii2=-0.4690281364698771
orij2=-0.09132998599644176
orik2=-0.758570498478632
lvx2=-0.8982318362286732
lvy2=2.503145743858115
lvz2=4.95077519555031
avx2=3.41728060139336
avy2=-1.9362441507105654
avz2=4.904239949730966
shx2=1.0
shy2=1.0
shz2=1.0
req2=1.0
rhos2=1.0
rhof=1.0
ndiv=2
tend=100.0
dt=0.05
tprint=1
logevery=100
nbody=2
impulse_scheme=1
energy_projection=0
impulse_pair_metric_correction=0
