cex1=-4.0
cey1=0.0
cez1=0.0
oriw1=1.0
orii1=1.0
orij1=1.0
orik1=0.0
lvx1=-0.6646768606955784
lvy1=-0.4449002269275688
lvz1=0.4691232067887426
avx1=5.671608499370421
avy1=2.6655021838519533
avz1=0.45428266762787994
shx1=1.0
shy1=0.8
shz1=0.6
req1=1.0
rhos1=1.0
cex2=4.0
cey2=0.0
cez2=0.0
oriw2=1.0
orii2=-1.0
orij2=0.0
orik2=1.0
lvx2=-0.6934116716320895
lvy2=-0.46413381946303944
lvz2=0.48940398900056414
avx2=5.267746707532015
avy2=-1.9749334766622186
avz2=-2.798017153700443
shx2=1.0
shy2=0.8
shz2=0.6
req2=1.0
rhos2=1.0
rhof=1.0
ndiv=2
tend=100.0
dt=0.05
tprint=1
logevery=100
nbody=2
impulse_scheme=1
energy_projection=1
