cex1=-4.0
cey1=0.0
cez1=0.0
oriw1=0.38651356104701756
orii1=-0.11683184940112047
orij1=0.5911970041753599
orik1=0.6981716754111033
lvx1=4.16660476127493
lvy1=-3.5985093849067025
lvz1=-1.1967163878082332
avx1=2.19001216003887
avy1=-3.221254799231129
avz1=-4.930089437491954
shx1=1.01
shy1=1.0
shz1=0.9900990099009901
req1=1.0
rhos1=1.0
cex2=4.0
cey2=0.0
cez2=0.0
oriw2=0.7974665483540369
orii2=0.24004914968565558
orij2=0.4063319281192211
orik2=0.37592269708333453
lvx2=4.161731415152848
lvy2=-3.5943004947524937
lvz2=-1.1953166838521583
avx2=-1.5773142355633925
avy2=-4.945180477280358
avz2=-3.5405772769100388
shx2=1.01
shy2=1.0
shz2=0.9900990099009901
req2=1.0
rhos2=1.0
rhof=1.0
ndiv=2
tend=100.0
dt=0.05
tprint=1
logevery=100
nbody=2
impulse_scheme=1
energy_projection=0
impulse_pair_metric_correction=0
