cex1=-4.0
cey1=0.0
cez1=0.0
oriw1=0.147519214336288
orii1=0.13420473161042637
orij1=-0.33830590847050174
orik1=0.919660961283519
lvx1=-2.831622360553231
lvy1=4.967994372779004
lvz1=-1.401419813228503
avx1=-0.5144435358243884
avy1=4.681838440913396
avz1=-4.1586240832746055
shx1=1.0
shy1=0.8
shz1=0.6
req1=1.0
rhos1=0.1
cex2=4.0
cey2=0.0
cez2=0.0
oriw2=0.4653874465573891
orii2=-0.7516945023413858
orij2=0.454182843378601
orik2=0.10994473392145213
lvx2=-2.6062175753337042
lvy2=4.572528607227808
lvz2=-1.2898630122921508
avx2=-3.887455825449072
avy2=-4.459458464864152
avz2=2.1164439538270248
shx2=1.0
shy2=0.8
shz2=0.6
req2=1.0
rhos2=0.1
rhof=1.0
ndiv=2
tend=100.0
dt=0.05
tprint=1
logevery=100
nbody=2
impulse_scheme=1
energy_projection=0
impulse_pair_metric_correction=0
