cex1=-1.5
cey1=0.0
cez1=0.0
oriw1=0.14603701577004105
orii1=-0.4905684212385731
orij1=-0.71712597579542
orik1=-0.47301812750458233
lvx1=-0.5164439310863634
lvy1=1.1432573756555175
lvz1=-0.16372317884658372
avx1=-2.8258522907297086
avy1=-4.498792065717233
avz1=-3.354675302436105
shx1=1.0
shy1=0.8
shz1=0.6
req1=1.0
rhos1=0.3
cex2=1.5
cey2=0.0
cez2=0.0
oriw2=0.02386693860536975
orii2=-0.9920739140432603
orij2=-0.05154459947486268
orik2=-0.1120842209299294
lvx2=-0.46931278675670096
lvy2=1.0389226644998923
lvz2=-0.1487816521718534
avx2=5.367519738773696
avy2=-2.4926674457547144
avz2=2.110629873546488
shx2=1.0
shy2=0.8
shz2=0.6
req2=1.0
rhos2=0.3
rhof=1.0
ndiv=2
tend=100.0
dt=0.05
tprint=1
logevery=100
nbody=2
impulse_scheme=1
energy_projection=0
impulse_pair_metric_correction=0
