cex1=-4.0
cey1=0.0
cez1=0.0
oriw1=-0.03700162068046061
orii1=0.24821374249384429
orij1=-0.603455347976044
orik1=-0.7568767806607165
lvx1=-3.803280636139739
lvy1=-3.9057416681304984
lvz1=1.365259731977891
avx1=-3.440910696640367
avy1=-4.290981294543708
avz1=-3.0374381824128265
shx1=1.0006000899999998
shy1=0.9997000899730081
shz1=0.9997000899730081
req1=1.0
rhos1=1.0
cex2=4.0
cey2=0.0
cez2=0.0
oriw2=0.745880857726389
orii2=0.40364051253255884
orij2=0.4799564901275479
orik2=-0.2244501064919427
lvx2=-10.668095598436626
lvy2=-10.955495921727346
lvz2=3.8295152871545746
avx2=-1.1348290204343054
avy2=5.194843416259488
avz2=-3.347264940109015
shx2=4.0
shy2=0.5
shz2=0.5
req2=1.0
rhos2=1.0
rhof=1.0
ndiv=2
tend=100.0
dt=0.05
tprint=1
logevery=100
nbody=2
impulse_scheme=1
energy_projection=0
impulse_pair_metric_correction=0
