cex1=-4.0
cey1=0.0
cez1=0.0
oriw1=-0.6719370243483355
orii1=0.19051401931441153
orij1=0.713591496637862
orik1=0.05470118536840428
lvx1=-5.171662566224614
lvy1=-1.294934086347008
lvz1=-1.219958752851681
avx1=5.907026843950715
avy1=2.12136020884817
avz1=0.2920313913241957
shx1=1.1
shy1=1.1
shz1=0.8264462809917354
req1=1.0
rhos1=1.0
cex2=4.0
cey2=0.0
cez2=0.0
oriw2=-0.5144871891208095
orii2=0.27182455763929364
orij2=-0.6725817630836245
orik2=0.45721779718433303
lvx2=-5.513835505508973
lvy2=-1.3806108676201383
lvz2=-1.3006749378160989
avx2=0.5973414542353433
avy2=-4.431523713360243
avz2=-4.4139776131438735
shx2=1.1
shy2=1.1
shz2=0.8264462809917354
req2=1.0
rhos2=1.0
rhof=1.0
ndiv=2
tend=100.0
dt=0.05
tprint=1
logevery=100
nbody=2
impulse_scheme=1
energy_projection=0
impulse_pair_metric_correction=0
