cex1=-5.5
cey1=0.0
cez1=0.0
oriw1=0.08456754630488492
orii1=0.8449638221524118
orij1=0.08215991946670574
orik1=0.5216648512203818
lvx1=-0.6510947802984192
lvy1=-0.2892694446152375
lvz1=-0.3805360592760916
avx1=-2.724051371412368
avy1=0.08151014972792321
avz1=-5.6613883302380135
shx1=1.0
shy1=0.8
shz1=0.6
req1=1.0
rhos1=0.3
cex2=5.5
cey2=0.0
cez2=0.0
oriw2=0.6957634032512763
orii2=0.3069434475736881
orij2=0.5247280116245973
orik2=0.38256962830872615
lvx2=-0.619538055699553
lvy2=-0.27524937184732784
lvz2=-0.3620925515320892
avx2=1.4331467067348684
avy2=5.70431121421467
avz2=2.210280908101319
shx2=1.0
shy2=0.8
shz2=0.6
req2=1.0
rhos2=0.3
rhof=1.0
ndiv=2
tend=100.0
dt=0.05
tprint=1
logevery=100
nbody=2
impulse_scheme=1
energy_projection=0
impulse_pair_metric_correction=0
