cex1=-4.0
cey1=0.0
cez1=0.0
oriw1=-0.07975575920807434
orii1=0.09341994440321917
orij1=0.9401924348343534
orik1=-0.3177261688012071
lvx1=5.4873803965198675
lvy1=2.6666243674096526
lvz1=0.5954466732670087
avx1=-1.719102576069583
avy1=-0.2699228963451128
avz1=-6.03740387644698
shx1=1.1
shy1=1.1
shz1=0.8264462809917354
req1=1.0
rhos1=1.0
cex2=4.0
cey2=0.0
cez2=0.0
oriw2=-0.5569109509357366
orii2=-0.4192430344414131
orij2=-0.34992712497319584
orik2=-0.62580865926272
lvx2=7.182887518116208
lvy2=3.490565898496659
lvz2=0.779429558013863
avx2=-4.1486549617513235
avy2=4.703098956160182
avz2=0.38462945968629203
shx2=2.0
shy2=2.0
shz2=0.25
req2=1.0
rhos2=1.0
rhof=1.0
ndiv=2
tend=100.0
dt=0.05
tprint=1
logevery=100
nbody=2
impulse_scheme=1
energy_projection=0
impulse_pair_metric_correction=0
