cex1=-4.0
cey1=0.0
cez1=0.0
oriw1=-0.13422854360635741
orii1=-0.8457575768950675
orij1=0.3609978716119866
orik1=-0.3692659690487548
lvx1=-0.3257162758561128
lvy1=-1.6486561201625827
lvz1=-5.36271441346615
avx1=0.854237364219375
avy1=-6.123787054568103
avz1=1.1171070853920337
shx1=1.0003
shy1=1.0
shz1=0.9997000899730081
req1=1.0
rhos1=1.0
cex2=4.0
cey2=0.0
cez2=0.0
oriw2=-0.457026187800005
orii2=0.4489870668555219
orij2=0.7546186040785617
orik2=-0.14173369338302202
lvx2=-0.3257156060637373
lvy2=-1.6486527299196598
lvz2=-5.362703385754328
avx2=-4.2312371604487735
avy2=4.6375010205761
avz2=0.2619808782152977
shx2=1.0
shy2=1.0
shz2=1.0
req2=1.0
rhos2=1.0
rhof=1.0
ndiv=2
tend=100.0
dt=0.05
tprint=1
logevery=100
nbody=2
impulse_scheme=1
energy_projection=0
impulse_pair_metric_correction=0
