cex1=-4.0
cey1=0.0
cez1=0.0
oriw1=0.15143925808485204
orii1=0.9800530816317492
orij1=-0.11373993530571617
orik1=-0.06021075827020272
lvx1=-4.059796359227673
lvy1=0.039323261784885405
lvz1=3.919475124426634
avx1=-0.6686666202951984
avy1=-6.202035097733938
avz1=0.7523717177943432
shx1=1.0
shy1=0.8
shz1=0.6
req1=1.0
rhos1=0.03
cex2=4.0
cey2=0.0
cez2=0.0
oriw2=0.6496248353801212
orii2=-0.177609020334037
orij2=-0.3726517227911752
orik2=-0.6384146792282452
lvx2=-4.079403449550246
lvy2=0.03951317642034291
lvz2=3.938404522845113
avx2=0.7141355719715755
avy2=-6.038623549483802
avz2=-1.582230582697071
shx2=1.0
shy2=0.8
shz2=0.6
req2=1.0
rhos2=0.03
rhof=1.0
ndiv=2
tend=100.0
dt=0.05
tprint=1
logevery=100
nbody=2
impulse_scheme=1
energy_projection=0
impulse_pair_metric_correction=0
