cex1=-1.5
cey1=0.0
cez1=0.0
oriw1=-0.26757295924648516
orii1=-0.21826047262857373
orij1=-0.6438473901035495
orik1=-0.6828086231330694
lvx1=-0.9214239370886752
lvy1=0.10823107764157888
lvz1=1.8697311900534548
avx1=-4.116180808608844
avy1=1.3156808301482752
avz1=-4.561190317052997
shx1=1.0
shy1=0.8
shz1=0.6
req1=1.0
rhos1=0.3
cex2=1.5
cey2=0.0
cez2=0.0
oriw2=0.32475208929228505
orii2=-0.45438884634825416
orij2=0.11399561143580084
orik2=0.8216275661076472
lvx2=-0.9991587188778335
lvy2=0.11736185758404082
lvz2=2.0274687310624433
avx2=-0.6836751810534528
avy2=-2.417219192696298
avz2=-5.75917157459557
shx2=1.0
shy2=0.8
shz2=0.6
req2=1.0
rhos2=0.3
rhof=1.0
ndiv=2
tend=100.0
dt=0.05
tprint=1
logevery=100
nbody=2
impulse_scheme=1
energy_projection=0
impulse_pair_metric_correction=0
