cex1=-4.0
cey1=0.0
cez1=0.0
oriw1=0.102583831068998
orii1=0.8502270960488746
orij1=-0.5128642014225151
orik1=-0.05967205080061256
lvx1=-5.309874284194561
lvy1=-1.6085358984707634
lvz1=-1.890968907155915
avx1=-0.4378417383776405
avy1=6.052565057387012
avz1=-1.6288549482963934
shx1=1.0
shy1=0.7
shz1=0.7
req1=1.0
rhos1=4.0
cex2=4.0
cey2=0.0
cez2=0.0
oriw2=-0.8731424081559986
orii2=-0.106707315046254
orij2=-0.3601181038085182
orik2=-0.3107263028849027
lvx2=-5.227402710424457
lvy2=-1.5835525410667162
lvz2=-1.8615988743874015
avx2=1.9341148041366638
avy2=5.875612888379076
avz2=1.1021754464197255
shx2=1.0
shy2=0.7
shz2=0.7
req2=1.0
rhos2=4.0
rhof=1.0
ndiv=2
tend=100.0
dt=0.05
tprint=1
logevery=100
nbody=2
impulse_scheme=1
energy_projection=0
impulse_pair_metric_correction=0
