cex1=-4.0
cey1=0.0
cez1=0.0
oriw1=0.41520081943076564
orii1=-0.08621807470529042
orij1=0.5226110114777872
orik1=0.7396299438369826
lvx1=-2.250273252684742
lvy1=-2.5279600576038974
lvz1=4.299812713685979
avx1=-5.80403877241054
avy1=2.3573404194596215
avz1=-0.4842496045372794
shx1=1.1
shy1=1.1
shz1=0.8264462809917354
req1=1.0
rhos1=1.0
cex2=4.0
cey2=0.0
cez2=0.0
oriw2=0.8345175482392642
orii2=0.5406495227151248
orij2=-0.0996740481320825
orik2=-0.036655687111258106
lvx2=-2.311078153112415
lvy2=-2.5962683661190296
lvz2=4.415998462950602
avx2=4.992543512143369
avy2=2.6114808161972025
avz2=-2.7808442657485486
shx2=1.0
shy2=1.0
shz2=1.0
req2=1.0
rhos2=1.0
rhof=1.0
ndiv=2
tend=100.0
dt=0.05
tprint=1
logevery=100
nbody=2
impulse_scheme=1
energy_projection=0
impulse_pair_metric_correction=0
