cex1=-4.0
cey1=0.0
cez1=0.0
oriw1=0.9267162027257371
orii1=-0.025770988720287893
orij1=-0.1894698189450633
orik1=0.3234719824882746
lvx1=2.1753577757766838
lvy1=5.183562094294935
lvz1=0.061469528268377475
avx1=3.1923196073170623
avy1=-0.6356215248874961
avz1=5.374337020153851
shx1=1.0060089999999997
shy1=0.9970089730807579
shz1=0.9970089730807579
req1=1.0
rhos1=1.0
cex2=4.0
cey2=0.0
cez2=0.0
oriw2=-0.21660354547615204
orii2=-0.3988580231154656
orij2=0.16410766524000453
orik2=0.8758218173196292
lvx2=2.168212361866946
lvy2=5.166535609225214
lvz2=0.06126761885043953
avx2=6.239978000072675
avy2=0.21434517514194637
avz2=0.7036677545971632
shx2=1.0060089999999997
shy2=0.9970089730807579
shz2=0.9970089730807579
req2=1.0
rhos2=1.0
rhof=1.0
ndiv=2
tend=100.0
dt=0.05
tprint=1
logevery=100
nbody=2
impulse_scheme=1
energy_projection=0
impulse_pair_metric_correction=0
