cex1=-4.0
cey1=0.0
cez1=0.0
oriw1=0.23752260422142657
orii1=0.7129848759491492
orij1=-0.6557126758182158
orik1=-0.07263928636050372
lvx1=-5.134340523729259
lvy1=1.3166560779168228
lvz1=1.815207241693251
avx1=4.163317909636744
avy1=3.747219289858894
avz1=2.846673353471516
shx1=1.0609
shy1=0.970873786407767
shz1=0.970873786407767
req1=1.0
rhos1=1.0
cex2=4.0
cey2=0.0
cez2=0.0
oriw2=0.3370514128909691
orii2=0.44293897079206745
orij2=0.3874540294432469
orik2=-0.734901890247982
lvx2=-7.949206964536177
lvy2=2.0385036045239144
lvz2=2.810381972340209
avx2=-5.365469835300614
avy2=-3.224046077687235
avz2=0.5437627605732058
shx2=4.0
shy2=0.5
shz2=0.5
req2=1.0
rhos2=1.0
rhof=1.0
ndiv=2
tend=100.0
dt=0.05
tprint=1
logevery=100
nbody=2
impulse_scheme=1
energy_projection=0
impulse_pair_metric_correction=0
