cex1=-1.5
cey1=0.0
cez1=0.0
oriw1=-0.2581032836980697
orii1=-0.8807193187175203
orij1=-0.3970797045421683
orik1=0.0066245620779722455
lvx1=-1.0757113221373114
lvy1=-1.6532111731200725
lvz1=-0.6092445104021167
avx1=3.386922998441622
avy1=1.3508847889194966
avz1=-5.116862368097325
shx1=1.0
shy1=0.7
shz1=0.7
req1=1.0
rhos1=10.0
cex2=1.5
cey2=0.0
cez2=0.0
oriw2=-0.6490739805879848
orii2=-0.7508981721999568
orij2=0.11873013195301249
orik2=-0.027532861762855708
lvx2=-0.9416434049675888
lvy2=-1.4471683677124434
lvz2=-0.5333132257946346
avx2=-5.9789883823245615
avy2=0.6319773193551087
avz2=1.8250260809659917
shx2=1.0
shy2=0.7
shz2=0.7
req2=1.0
rhos2=10.0
rhof=1.0
ndiv=2
tend=100.0
dt=0.05
tprint=1
logevery=100
nbody=2
impulse_scheme=1
energy_projection=0
impulse_pair_metric_correction=0
