cex1=-2.5
cey1=0.0
cez1=0.0
oriw1=0.08780122069565535
orii1=-0.4499233160413601
orij1=-0.37633080871940167
orik1=-0.8051304724920677
lvx1=0.183988770770599
lvy1=5.722864565585102
lvz1=0.4032405132588741
avx1=2.930728365854345
avy1=3.636008190146583
avz1=-4.203414480053226
shx1=1.0
shy1=0.8
shz1=0.6
req1=1.0
rhos1=0.03
cex2=2.5
cey2=0.0
cez2=0.0
oriw2=0.634312175497874
orii2=-0.5052576361569905
orij2=-0.515151136187563
orik2=-0.27745646866646895
lvx2=0.19034561777581427
lvy2=5.920590624206097
lvz2=0.4171725496454162
avx2=-1.5202988316887325
avy2=3.691227835368927
avz2=-4.852004341931377
shx2=1.0
shy2=0.8
shz2=0.6
req2=1.0
rhos2=0.03
rhof=1.0
ndiv=2
tend=100.0
dt=0.05
tprint=1
logevery=100
nbody=2
impulse_scheme=1
energy_projection=0
impulse_pair_metric_correction=0
