cex1=-2.5
cey1=0.0
cez1=0.0
oriw1=0.549574901545271
orii1=-0.18852658948285206
orij1=-0.3890141876075462
orik1=0.7149077664213132
lvx1=0.8545348446071603
lvy1=1.801177809618041
lvz1=0.4006327796525311
avx1=3.814922700102082
avy1=2.331971208146569
avz1=4.414373418841988
shx1=1.0
shy1=0.7
shz1=0.7
req1=1.0
rhos1=0.03
cex2=2.5
cey2=0.0
cez2=0.0
oriw2=0.5370732756528014
orii2=-0.5351632003043694
orij2=-0.4058586881916563
orik2=0.510324769964092
lvx2=0.9113748809592606
lvy2=1.9209845241380914
lvz2=0.42728117427681506
avx2=0.8367245783832169
avy2=-6.019046449080622
avz2=1.596680753343264
shx2=1.0
shy2=0.7
shz2=0.7
req2=1.0
rhos2=0.03
rhof=1.0
ndiv=2
tend=100.0
dt=0.05
tprint=1
logevery=100
nbody=2
impulse_scheme=1
energy_projection=0
impulse_pair_metric_correction=0
