cex1=-4.0
cey1=0.0
cez1=0.0
oriw1=0.07318875881476371
orii1=0.9379683852747277
orij1=-0.3374220423371081
orik1=-0.03170298335061508
lvx1=-0.05431064411562499
lvy1=-1.3102012094666071
lvz1=5.4648056863347785
avx1=-3.0383812560614123
avy1=-3.8470491331052195
avz1=3.93025061728212
shx1=1.00020001
shy1=0.9999000099990001
shz1=0.9999000099990001
req1=1.0
rhos1=1.0
cex2=4.0
cey2=0.0
cez2=0.0
oriw2=-0.04673817520701918
orii2=0.2905133170520955
orij2=0.7048048000279469
orik2=0.6454980630887072
lvx2=-0.08842783553354587
lvy2=-2.1332513902782826
lvz2=8.89772062775023
avx2=5.238467319205355
avy2=-2.6976848542793745
avz2=-2.1815989954541526
shx2=4.0
shy2=0.5
shz2=0.5
req2=1.0
rhos2=1.0
rhof=1.0
ndiv=2
tend=100.0
dt=0.05
tprint=1
logevery=100
nbody=2
impulse_scheme=1
energy_projection=0
impulse_pair_metric_correction=0
