cex1=-1.5
cey1=0.0
cez1=0.0
oriw1=0.8561892791845669
orii1=-0.4191768001461518
orij1=0.029070862247930623
orik1=0.3006420020502901
lvx1=4.168150873268473
lvy1=-2.1216094551728744
lvz1=-1.835981248773731
avx1=5.543551117913377
avy1=-1.8175145975313753
avz1=-2.333259371608555
shx1=1.0
shy1=0.7
shz1=0.7
req1=1.0
rhos1=0.03
cex2=1.5
cey2=0.0
cez2=0.0
oriw2=0.4706257448171488
orii2=-0.7418963700496349
orij2=-0.2703977458066026
orik2=-0.39368292252164944
lvx2=4.866466011698033
lvy2=-2.4770553220401506
lvz2=-2.1435741212184234
avx2=-0.08007179216477717
avy2=-3.2480591550070925
avz2=5.377928768404391
shx2=1.0
shy2=0.7
shz2=0.7
req2=1.0
rhos2=0.03
rhof=1.0
ndiv=2
tend=100.0
dt=0.05
tprint=1
logevery=100
nbody=2
impulse_scheme=1
energy_projection=0
impulse_pair_metric_correction=0
