cex1=-4.0
cey1=0.0
cez1=0.0
oriw1=-0.4302850123514973
orii1=-0.22129435008339327
orij1=0.6283059953955695
orik1=-0.6091922479126134
lvx1=-0.6874308689488066
lvy1=-0.11275527393028922
lvz1=-0.13245406728952472
avx1=-4.839596497854692
avy1=3.9011807149752955
avz1=-0.9151570200871944
shx1=1.0
shy1=0.7
shz1=0.7
req1=1.0
rhos1=4.0
cex2=4.0
cey2=0.0
cez2=0.0
oriw2=0.08747810075947353
orii2=0.9520754085052501
orij2=-0.25465235984324597
orik2=0.14509367330570444
lvx2=-0.6946082729393944
lvy2=-0.11393254162311865
lvz2=-0.13383700831541606
avx2=-4.635976208728371
avy2=4.142352052283412
avz2=0.9094293108347468
shx2=1.0
shy2=0.7
shz2=0.7
req2=1.0
rhos2=4.0
rhof=1.0
ndiv=2
tend=100.0
dt=0.05
tprint=1
logevery=100
nbody=2
impulse_scheme=1
energy_projection=0
impulse_pair_metric_correction=0
