cex1=-4.0
cey1=0.0
cez1=0.0
oriw1=-0.7001524236908544
orii1=-0.3790914083738593
orij1=-0.5909416572326496
orik1=0.12986240966529075
lvx1=-3.449991224224511
lvy1=-0.06986918282856255
lvz1=4.429579997660762
avx1=-4.564878590380927
avy1=-4.263416079760829
avz1=-0.6808703182516291
shx1=1.0060089999999997
shy1=0.9970089730807579
shz1=0.9970089730807579
req1=1.0
rhos1=1.0
cex2=4.0
cey2=0.0
cez2=0.0
oriw2=-0.49484783041051955
orii2=-0.43680796957168727
orij2=0.16573201578529062
orik2=-0.7327054806676457
lvx2=-3.452957212980214
lvy2=-0.0699292499989323
lvz2=4.433388147772362
avx2=1.682400915679371
avy2=5.842051523623337
avz2=1.5869400614417954
shx2=1.0
shy2=1.0
shz2=1.0
req2=1.0
rhos2=1.0
rhof=1.0
ndiv=2
tend=100.0
dt=0.05
tprint=1
logevery=100
nbody=2
impulse_scheme=1
energy_projection=0
impulse_pair_metric_correction=0
