cex1=-4.0
cey1=0.0
cez1=0.0
oriw1=0.8646750014210695
orii1=-0.23096826701591666
orij1=-0.04032447205182912
orik1=-0.44425751372698125
lvx1=-2.914481704922367
lvy1=-4.735360752455528
lvz1=-0.8145983016202188
avx1=4.105751608674621
avy1=4.717398673659603
avz1=-0.606111446829558
shx1=1.0001
shy1=1.0
shz1=0.9999000099990001
req1=1.0
rhos1=1.0
cex2=4.0
cey2=0.0
cez2=0.0
oriw2=-0.6932810944777075
orii2=0.6408260869987159
orij2=0.012016442531133341
orik2=0.3294827087581414
lvx2=-2.9145425488069763
lvy2=-4.735459609738701
lvz2=-0.8146153074998519
avx2=4.390709533421986
avy2=-1.8799153142083895
avz2=4.082401965617729
shx2=1.0
shy2=1.0
shz2=1.0
req2=1.0
rhos2=1.0
rhof=1.0
ndiv=2
tend=100.0
dt=0.05
tprint=1
logevery=100
nbody=2
impulse_scheme=1
energy_projection=0
impulse_pair_metric_correction=0
