cex1=-4.0
cey1=0.0
cez1=0.0
oriw1=-0.5591397751301386
orii1=0.5764491754199518
orij1=-0.039863525106935215
orik1=-0.5945418062601859
lvx1=4.115571055986262
lvy1=-1.8203616252498882
lvz1=-3.3513934306366533
avx1=-5.203992680153326
avy1=-3.5195792318842316
avz1=-0.09715873484783957
shx1=1.0060089999999997
shy1=0.9970089730807579
shz1=0.9970089730807579
req1=1.0
rhos1=1.0
cex2=4.0
cey2=0.0
cez2=0.0
oriw2=0.6665962230570992
orii2=0.2800964338626019
orij2=0.10727950373754234
orik2=-0.6824123176066575
lvx2=4.123434506994441
lvy2=-1.8238397147452696
lvz2=-3.3577967991345954
avx2=3.2220075971017073
avy2=-1.237036286138691
avz2=5.250411971964915
shx2=1.0060089999999997
shy2=0.9970089730807579
shz2=0.9970089730807579
req2=1.0
rhos2=1.0
rhof=1.0
ndiv=2
tend=100.0
dt=0.05
tprint=1
logevery=100
nbody=2
impulse_scheme=1
energy_projection=0
impulse_pair_metric_correction=0
