cex1=-2.5
cey1=0.0
cez1=0.0
oriw1=-0.46498870277658483
orii1=-0.015214774421052242
orij1=0.266694648846326
orik1=0.8440544894769532
lvx1=0.3226239667480314
lvy1=0.012932531419400754
lvz1=-2.1508657577938317
avx1=-0.19758359714753293
avy1=-5.224106185579323
avz1=3.485411437447168
shx1=1.0
shy1=0.7
shz1=0.7
req1=1.0
rhos1=0.3
cex2=2.5
cey2=0.0
cez2=0.0
oriw2=0.689628339401301
orii2=-0.07123323974792185
orij2=0.6902277039784428
orik2=0.20718179386776775
lvx2=0.3002158302676018
lvy2=0.012034290870180478
lvz2=-2.0014754507514274
avx2=-3.9369188114430202
avy2=2.0365240733107455
avz2=-4.453274926982313
shx2=1.0
shy2=0.7
shz2=0.7
req2=1.0
rhos2=0.3
rhof=1.0
ndiv=2
tend=100.0
dt=0.05
tprint=1
logevery=100
nbody=2
impulse_scheme=1
energy_projection=0
impulse_pair_metric_correction=0
