cex1=-2.5
cey1=0.0
cez1=0.0
oriw1=-0.0034170336423311434
orii1=0.2455080261811833
orij1=-0.9668888547755786
orik1=-0.06957065094187839
lvx1=2.141817169159736
lvy1=-0.8643098236310246
lvz1=-2.119279566094688
avx1=5.0526851509916755
avy1=2.7970675187775873
avz1=-2.4749148802948873
shx1=1.0
shy1=0.7
shz1=0.7
req1=1.0
rhos1=0.3
cex2=2.5
cey2=0.0
cez2=0.0
oriw2=0.8704073892786572
orii2=-0.3189409722835011
orij2=-0.33210494372003946
orik2=0.1742812073766889
lvx2=2.2613127028151165
lvy2=-0.9125311027885241
lvz2=-2.2375176894797852
avx2=-3.902417157348901
avy2=-3.518724244208577
avz2=-3.445016346493168
shx2=1.0
shy2=0.7
shz2=0.7
req2=1.0
rhos2=0.3
rhof=1.0
ndiv=2
tend=100.0
dt=0.05
tprint=1
logevery=100
nbody=2
impulse_scheme=1
energy_projection=0
impulse_pair_metric_correction=0
