cex1=-1.5
cey1=0.0
cez1=0.0
oriw1=1.0
orii1=2.0
orij1=0.0
orik1=0.0
lvx1=0.6088639209480404
lvy1=0.6117826880311849
lvz1=1.0734410097611802
avx1=1.095459225056592
avy1=0.13629802520546963
avz1=-6.185451441804465
shx1=1.0
shy1=0.8
shz1=0.6
req1=1.0
rhos1=10.0
cex2=1.5
cey2=0.0
cez2=0.0
oriw2=1.0
orii2=0.0
orij2=1.0
orik2=0.0
lvx2=0.5581445465378663
lvy2=0.5608201754822364
lvz2=0.9840215933560507
avx2=-3.957423975890077
avy2=1.8554813610313958
avz2=4.513801280326028
shx2=1.0
shy2=0.8
shz2=0.6
req2=1.0
rhos2=10.0
rhof=1.0
ndiv=2
tend=100.0
dt=0.05
tprint=1
logevery=100
nbody=2
impulse_scheme=1
energy_projection=0
impulse_pair_metric_correction=0
