cex1=-1.5
cey1=0.0
cez1=0.0
oriw1=0.9527974062388767
orii1=0.1456446014299948
orij1=0.12389320849970832
orik1=0.2358288057604811
lvx1=0.9618528696053787
lvy1=0.8906766321199798
lvz1=2.8231265645757864
avx1=-5.1753363635472445
avy1=0.11538695603389817
avz1=-3.561038749982967
shx1=1.0
shy1=0.7
shz1=0.7
req1=1.0
rhos1=10.0
cex2=1.5
cey2=0.0
cez2=0.0
oriw2=-0.32813093352512185
orii2=-0.5865654926862226
orij2=-0.44247689154095543
orik2=-0.5937046519153732
lvx2=0.9750574277946511
lvy2=0.9029040650136183
lvz2=2.861883156332814
avx2=4.933154351999734
avy2=-1.9166915386018293
avz2=-3.3865468090011195
shx2=1.0
shy2=0.7
shz2=0.7
req2=1.0
rhos2=10.0
rhof=1.0
ndiv=2
tend=100.0
dt=0.05
tprint=1
logevery=100
nbody=2
impulse_scheme=1
energy_projection=0
impulse_pair_metric_correction=0
