cex1=-2.5
cey1=0.0
cez1=0.0
oriw1=1.0
orii1=2.0
orij1=0.0
orik1=0.0
lvx1=2.959945452569422
lvy1=0.1864275722931924
lvz1=0.9836153138875621
avx1=-5.568635112817045
avy1=0.15903180047880683
avz1=2.9057579856373117
shx1=1.0
shy1=0.8
shz1=0.6
req1=1.0
rhos1=0.3
cex2=2.5
cey2=0.0
cez2=0.0
oriw2=1.0
orii2=0.0
orij2=1.0
orik2=0.0
lvx2=3.506138097005556
lvy2=0.22082866864388234
lvz2=1.165119824024316
avx2=-0.7037978138341824
avy2=-2.268020015583789
avz2=-5.817144613168128
shx2=1.0
shy2=0.8
shz2=0.6
req2=1.0
rhos2=0.3
rhof=1.0
ndiv=2
tend=100.0
dt=0.05
tprint=1
logevery=100
nbody=2
impulse_scheme=1
energy_projection=0
impulse_pair_metric_correction=0
