cex1=-1.5
cey1=0.0
cez1=0.0
oriw1=-0.11918055360842586
orii1=-0.7112197019584177
orij1=-0.6910235022118987
orik1=-0.04948788314901615
lvx1=-1.4884588968672996
lvy1=0.8974352178615893
lvz1=-1.109572760212865
avx1=-3.4205411190700237
avy1=4.9093037047246915
avz1=1.9175643905446929
shx1=1.0
shy1=0.7
shz1=0.7
req1=1.0
rhos1=1.0
cex2=1.5
cey2=0.0
cez2=0.0
oriw2=0.28000215995298683
orii2=0.6228945613098514
orij2=-0.6722792533894121
orik2=0.28573022481782434
lvx2=-1.4799653946949176
lvy2=0.8923142380424475
lvz2=-1.1032412728811567
avx2=-3.5888023798944464
avy2=4.926815009232645
avz2=-1.5249291613781037
shx2=1.0
shy2=0.7
shz2=0.7
req2=1.0
rhos2=1.0
rhof=1.0
ndiv=2
tend=100.0
dt=0.05
tprint=1
logevery=100
nbody=2
impulse_scheme=1
energy_projection=0
impulse_pair_metric_correction=0
