cex1=-2.5
cey1=0.0
cez1=0.0
oriw1=-0.1334104566656491
orii1=-0.7277432487490036
orij1=-0.6547813419457351
orik1=0.15444354370530086
lvx1=2.197267176328303
lvy1=-5.49886107920778
lvz1=5.715627830403606
avx1=-6.023291979290019
avy1=-0.06813894316161956
avz1=-1.7871005626440775
shx1=1.0
shy1=0.8
shz1=0.6
req1=1.0
rhos1=10.0
cex2=2.5
cey2=0.0
cez2=0.0
oriw2=-0.28789621945786587
orii2=0.6662484502266791
orij2=0.10220443659612892
orik2=-0.68028157591727
lvx2=2.587540697989587
lvy2=-6.475556085454001
lvz2=6.730824446412932
avx2=1.4420810452164656
avy2=4.56256624782799
avz2=-4.072076754871603
shx2=1.0
shy2=0.8
shz2=0.6
req2=1.0
rhos2=10.0
rhof=1.0
ndiv=2
tend=100.0
dt=0.05
tprint=1
logevery=100
nbody=2
impulse_scheme=1
energy_projection=0
impulse_pair_metric_correction=0
