cex1=-4.0
cey1=0.0
cez1=0.0
oriw1=-0.2883651314928661
orii1=-0.05487880371330256
orij1=0.5772985644058469
orik1=0.7619450343542159
lvx1=1.8782201921736312
lvy1=-0.12790846180915239
lvz1=5.296860640962389
avx1=3.288012479942538
avy1=2.7530920706495445
avz1=-4.59215369806218
shx1=1.0060089999999997
shy1=0.9970089730807579
shz1=0.9970089730807579
req1=1.0
rhos1=1.0
cex2=4.0
cey2=0.0
cez2=0.0
oriw2=-0.6273137643778691
orii2=0.6518155663703196
orij2=0.1561301703321048
orik2=0.3965315603725316
lvx2=1.8776831057425933
lvy2=-0.1278718857465912
lvz2=5.295345977245528
avx2=-4.0140969035875536
avy2=-2.6499205954439238
avz2=4.04269272772596
shx2=1.0
shy2=1.0
shz2=1.0
req2=1.0
rhos2=1.0
rhof=1.0
ndiv=2
tend=100.0
dt=0.05
tprint=1
logevery=100
nbody=2
impulse_scheme=1
energy_projection=0
impulse_pair_metric_correction=0
