cex1=-4.0
cey1=0.0
cez1=0.0
oriw1=0.5111990626258357
orii1=-0.4245286358506716
orij1=0.7079248995466169
orik1=0.2393601727839186
lvx1=-9.670720763585384
lvy1=-4.3546506454441865
lvz1=-2.7177930685861447
avx1=-2.0108596858187
avy1=0.23919584112722533
avz1=5.94791108523774
shx1=2.0
shy1=2.0
shz1=0.25
req1=1.0
rhos1=1.0
cex2=4.0
cey2=0.0
cez2=0.0
oriw2=-0.8646433931261455
orii2=-0.3477231516542488
orij2=-0.2635297064218903
orik2=-0.24906325774817667
lvx2=-7.158770541727494
lvy2=-3.2235389194055104
lvz2=-2.0118517981789394
avx2=-4.018624601827088
avy2=4.728097273573313
avz2=0.9870005499370916
shx2=2.0
shy2=2.0
shz2=0.25
req2=1.0
rhos2=1.0
rhof=1.0
ndiv=2
tend=100.0
dt=0.05
tprint=1
logevery=100
nbody=2
impulse_scheme=1
energy_projection=0
impulse_pair_metric_correction=0
