cex1=-2.5
cey1=0.0
cez1=0.0
oriw1=-0.2762051910751894
orii1=-0.4027993100148333
orij1=-0.7916519591879216
orik1=0.36708389203098735
lvx1=-0.147565145579977
lvy1=-0.7114691709507129
lvz1=0.24974594964250194
avx1=2.7245365991439674
avy1=-3.949926977821113
avz1=-4.056278441399632
shx1=1.0
shy1=0.7
shz1=0.7
req1=1.0
rhos1=0.1
cex2=2.5
cey2=0.0
cez2=0.0
oriw2=0.8251478959682439
orii2=-0.5628942743407188
orij2=0.019325292054166703
orik2=-0.0436751506080606
lvx2=-0.14463108782290898
lvy2=-0.6973229331535815
lvz2=0.24478021713185463
avx2=3.4164082773739626
avy2=3.7716005678277504
avz2=3.6853224069827992
shx2=1.0
shy2=0.7
shz2=0.7
req2=1.0
rhos2=0.1
rhof=1.0
ndiv=2
tend=100.0
dt=0.05
tprint=1
logevery=100
nbody=2
impulse_scheme=1
energy_projection=0
impulse_pair_metric_correction=0
