cex1=-4.0
cey1=0.0
cez1=0.0
oriw1=0.8381673167098092
orii1=0.30951037139735343
orij1=0.124374526718818
orik1=0.43152040079284865
lvx1=-5.044522849742821
lvy1=2.395832352083557
lvz1=-0.42089872052896926
avx1=-4.205184180780758
avy1=-0.03927547256274572
avz1=-4.668329577838701
shx1=1.0609
shy1=0.970873786407767
shz1=0.970873786407767
req1=1.0
rhos1=1.0
cex2=4.0
cey2=0.0
cez2=0.0
oriw2=0.5749572555686081
orii2=0.13543532291573313
orij2=0.48256390092811347
orik2=-0.646694293385033
lvx2=-13.694936143870025
lvy2=6.504236783242046
lvz2=-1.142661312551037
avx2=2.0098040430408077
avy2=1.3602794259077384
avz2=-5.795579798120837
shx2=4.0
shy2=0.5
shz2=0.5
req2=1.0
rhos2=1.0
rhof=1.0
ndiv=2
tend=100.0
dt=0.05
tprint=1
logevery=100
nbody=2
impulse_scheme=1
energy_projection=0
impulse_pair_metric_correction=0
