cex1=-4.0
cey1=0.0
cez1=0.0
oriw1=-0.4755035286200537
orii1=-0.6466417037428287
orij1=-0.1283494054726207
orik1=-0.5824751766086469
lvx1=-0.21137672483230432
lvy1=-4.890406191164415
lvz1=-2.625295208155231
avx1=4.169871158036166
avy1=-4.5916976322477066
avz1=1.0034465525110758
shx1=1.03
shy1=1.03
shz1=0.9425959091337544
req1=1.0
rhos1=1.0
cex2=4.0
cey2=0.0
cez2=0.0
oriw2=0.3855086581719211
orii2=-0.6083878663961224
orij2=-0.6936688287940984
orik2=0.008416320804396369
lvx2=-0.2138621039934968
lvy2=-4.9479078562457035
lvz2=-2.656163573664745
avx2=-6.22955695125336
avy2=0.7579371235196918
avz2=0.31075571151480746
shx2=1.0
shy2=1.0
shz2=1.0
req2=1.0
rhos2=1.0
rhof=1.0
ndiv=2
tend=100.0
dt=0.05
tprint=1
logevery=100
nbody=2
impulse_scheme=1
energy_projection=0
impulse_pair_metric_correction=0
