cex1=-4.0
cey1=0.0
cez1=0.0
oriw1=-0.32963051395775805
orii1=0.5913359999932096
orij1=-0.2014816879551008
orik1=0.7078633969903645
lvx1=0.40334522401489503
lvy1=0.36087725251655806
lvz1=3.077717483607878
avx1=-5.107107685141131
avy1=-2.474051469731324
avz1=2.697209302566286
shx1=1.0
shy1=0.7
shz1=0.7
req1=1.0
rhos1=1.0
cex2=4.0
cey2=0.0
cez2=0.0
oriw2=-0.410825151808823
orii2=0.28119371926072745
orij2=-0.16088787812822752
orik2=0.852213516415325
lvx2=0.45822436828874175
lvy2=0.4099782053154295
lvz2=3.4964716717343745
avx2=-0.37652333894920087
avy2=-2.462778062283351
avz2=5.768134186677685
shx2=1.0
shy2=0.7
shz2=0.7
req2=1.0
rhos2=1.0
rhof=1.0
ndiv=2
tend=100.0
dt=0.05
tprint=1
logevery=100
nbody=2
impulse_scheme=1
energy_projection=0
impulse_pair_metric_correction=0
