cex1=-2.5
cey1=0.0
cez1=0.0
oriw1=-0.09304935870972124
orii1=-0.11090346946112156
orij1=0.9284567275253365
orik1=0.34206774536360296
lvx1=0.3498140370800035
lvy1=-1.2593340725918454
lvz1=0.3669226813998059
avx1=-1.9384540918585071
avy1=0.8466783646314524
avz1=-5.916413532282835
shx1=1.0
shy1=0.8
shz1=0.6
req1=1.0
rhos1=4.0
cex2=2.5
cey2=0.0
cez2=0.0
oriw2=-0.6634673047940189
orii2=-0.7433172670571635
orij2=-0.06555305674952248
orik2=0.05471172374202552
lvx2=0.34064489597965697
lvy2=-1.2263250718654741
lvz2=0.35730509753508843
avx2=-0.6031272202630277
avy2=4.467181495384722
avz2=4.3770931733089204
shx2=1.0
shy2=0.8
shz2=0.6
req2=1.0
rhos2=4.0
rhof=1.0
ndiv=2
tend=100.0
dt=0.05
tprint=1
logevery=100
nbody=2
impulse_scheme=1
energy_projection=0
impulse_pair_metric_correction=0
