cex1=-1.5
cey1=0.0
cez1=0.0
oriw1=1.0
orii1=1.0
orij1=1.0
orik1=0.0
lvx1=0.5173035996901313
lvy1=0.26864009289523605
lvz1=1.9429447531301096
avx1=3.580182294839349
avy1=4.663633421759985
avz1=2.2161307830359496
shx1=1.0
shy1=0.8
shz1=0.6
req1=1.0
rhos1=1.0
cex2=1.5
cey2=0.0
cez2=0.0
oriw2=1.0
orii2=-1.0
orij2=0.0
orik2=1.0
lvx2=0.5019307241331507
lvy2=0.26065682983623556
lvz2=1.885205646110848
avx2=-5.059482389883646
avy2=1.7568643978325875
avz2=3.2853436712835755
shx2=1.0
shy2=0.8
shz2=0.6
req2=1.0
rhos2=1.0
rhof=1.0
ndiv=2
tend=100.0
dt=0.05
tprint=1
logevery=100
nbody=2
impulse_scheme=1
energy_projection=1
