cex1=-4.0
cey1=0.0
cez1=0.0
oriw1=-0.023950975933846888
orii1=-0.9841206508568388
orij1=0.003584773382762994
orik1=-0.1758409642510028
lvx1=0.25228675921858323
lvy1=-0.5042652481828931
lvz1=0.5329758710790747
avx1=2.3004116421217886
avy1=-5.000640318662369
avz1=-3.029871331346645
shx1=1.0
shy1=0.7
shz1=0.7
req1=1.0
rhos1=10.0
cex2=4.0
cey2=0.0
cez2=0.0
oriw2=-0.35749768815290733
orii2=-0.6057141227934961
orij2=0.5219955230802811
orik2=0.48252096151149326
lvx2=0.24872012524988346
lvy2=-0.49713633833057036
lvz2=0.5254410727718795
avx2=2.8950678311823017
avy2=5.269444628933786
avz2=-1.8248159249118001
shx2=1.0
shy2=0.7
shz2=0.7
req2=1.0
rhos2=10.0
rhof=1.0
ndiv=2
tend=100.0
dt=0.05
tprint=1
logevery=100
nbody=2
impulse_scheme=1
energy_projection=0
impulse_pair_metric_correction=0
