cex1=-4.0
cey1=0.0
cez1=0.0
oriw1=0.30420432193845964
orii1=-0.8396170977829029
orij1=0.14376595073083742
orik1=-0.42642022821981096
lvx1=2.9674846121516847
lvy1=0.35583740572134154
lvz1=-6.068428902503406
avx1=3.0969749966096347
avy1=-1.7718425899366728
avz1=-5.171821469387617
shx1=1.6900000000000002
shy1=0.7692307692307692
shz1=0.7692307692307692
req1=1.0
rhos1=1.0
cex2=4.0
cey2=0.0
cez2=0.0
oriw2=0.47180992769653285
orii2=-0.5195905670995158
orij2=0.07523647041837814
orik2=-0.708350554617684
lvx2=2.4653458534919253
lvy2=0.2956248767458113
lvz2=-5.041568192378751
avx2=-5.031184268572807
avy2=-1.5121977519923795
avz2=3.4465722709515525
shx2=1.0
shy2=1.0
shz2=1.0
req2=1.0
rhos2=1.0
rhof=1.0
ndiv=2
tend=100.0
dt=0.05
tprint=1
logevery=100
nbody=2
impulse_scheme=1
energy_projection=0
impulse_pair_metric_correction=0
