cex1=-4.0
cey1=0.0
cez1=0.0
oriw1=-0.5741853840004748
orii1=0.5321103340951132
orij1=-0.5592119857035649
orik1=0.2728583738771641
lvx1=3.6536755862294945
lvy1=2.382085728831852
lvz1=-3.5348340328308905
avx1=5.933204801999276
avy1=0.45091266280553227
avz1=-2.017963367460319
shx1=1.003
shy1=1.003
shz1=0.9940268924035474
req1=1.0
rhos1=1.0
cex2=4.0
cey2=0.0
cez2=0.0
oriw2=-0.559797739458231
orii2=-0.4764812656940109
orij2=-0.35896146892700115
orik2=-0.5750989116368224
lvx2=5.230220915517208
lvy2=3.4099454939152447
lvz2=-5.060099742044502
avx2=-4.360367543266948
avy2=-4.493255600989812
avz2=-0.5256106887757122
shx2=2.0
shy2=2.0
shz2=0.25
req2=1.0
rhos2=1.0
rhof=1.0
ndiv=2
tend=100.0
dt=0.05
tprint=1
logevery=100
nbody=2
impulse_scheme=1
energy_projection=0
impulse_pair_metric_correction=0
