cex1=-4.0
cey1=0.0
cez1=0.0
oriw1=0.7192081634066277
orii1=-0.50169983482388
orij1=0.4802092789187558
orik1=-0.020879220945368475
lvx1=-3.3569007010234246
lvy1=3.9891935537838665
lvz1=-2.0962857547279334
avx1=-2.821436716370055
avy1=-5.119055416972059
avz1=2.3050345112048563
shx1=1.003
shy1=1.0
shz1=0.9970089730807579
req1=1.0
rhos1=1.0
cex2=4.0
cey2=0.0
cez2=0.0
oriw2=0.2301161280943669
orii2=-0.07449344819558334
orij2=-0.587083082546961
orik2=-0.7725482172356279
lvx2=-3.357212840839381
lvy2=3.9895644870501714
lvz2=-2.096480676862351
avx2=-5.267967097786994
avy2=2.3818575576121157
avz2=2.460425742882144
shx2=1.0
shy2=1.0
shz2=1.0
req2=1.0
rhos2=1.0
rhof=1.0
ndiv=2
tend=100.0
dt=0.05
tprint=1
logevery=100
nbody=2
impulse_scheme=1
energy_projection=0
impulse_pair_metric_correction=0
