cex1=-4.0
cey1=0.0
cez1=0.0
oriw1=-0.2551306409503833
orii1=-0.42316549574564444
orij1=0.05489558647002204
orik1=0.8676553427742504
lvx1=-4.366445568900886
lvy1=1.4670353140898325
lvz1=3.213811866247919
avx1=-5.3280876936283486
avy1=-1.767981431252951
avz1=2.8220809329479457
shx1=1.003
shy1=1.003
shz1=0.9940268924035474
req1=1.0
rhos1=1.0
cex2=4.0
cey2=0.0
cez2=0.0
oriw2=0.17833609535948938
orii2=0.12375900833420156
orij2=0.48882256661885964
orik2=-0.8449452309541824
lvx2=-4.368943742305513
lvy2=1.4678746486349392
lvz2=3.2156505836222786
avx2=3.5852337925960858
avy2=3.888827313445612
avz2=3.391391806173964
shx2=1.0
shy2=1.0
shz2=1.0
req2=1.0
rhos2=1.0
rhof=1.0
ndiv=2
tend=100.0
dt=0.05
tprint=1
logevery=100
nbody=2
impulse_scheme=1
energy_projection=0
impulse_pair_metric_correction=0
