cex1=-1.5
cey1=0.0
cez1=0.0
oriw1=0.6797920100033118
orii1=-0.29425092115183654
orij1=0.47704404641482295
orik1=0.47299915044017254
lvx1=0.8053358468478636
lvy1=0.7825398931633764
lvz1=-0.5836437120895709
avx1=1.1039153146546592
avy1=-5.965199702859887
avz1=1.6359037524954367
shx1=1.0
shy1=0.8
shz1=0.6
req1=1.0
rhos1=4.0
cex2=1.5
cey2=0.0
cez2=0.0
oriw2=-0.4579809504400446
orii2=-0.7628220642270327
orij2=0.29582190550085596
orik2=0.34762817433039706
lvx2=0.7614645226728766
lvy2=0.7399103970752484
lvz2=-0.5518492469654928
avx2=3.8881030560304564
avy2=-4.92497389364984
avz2=0.3251220953912437
shx2=1.0
shy2=0.8
shz2=0.6
req2=1.0
rhos2=4.0
rhof=1.0
ndiv=2
tend=100.0
dt=0.05
tprint=1
logevery=100
nbody=2
impulse_scheme=1
energy_projection=0
impulse_pair_metric_correction=0
