cex1=-4.0
cey1=0.0
cez1=0.0
oriw1=-0.10335515423639662
orii1=0.8629281942645718
orij1=0.4856949825385548
orik1=-0.0936644413474446
lvx1=3.7768047730605825
lvy1=1.121722910416642
lvz1=-3.938692921204762
avx1=2.051532264631121
avy1=5.622348197391947
avz1=-1.9128078102147286
shx1=1.03
shy1=1.03
shz1=0.9425959091337544
req1=1.0
rhos1=1.0
cex2=4.0
cey2=0.0
cez2=0.0
oriw2=0.8086682857702057
orii2=-0.22826384449681125
orij2=-0.1528643831160926
orik2=-0.5201766058364686
lvx2=7.284612275238516
lvy2=2.1635527843329885
lvz2=-7.596858330316196
avx2=2.2755409149790125
avy2=-1.3133398656116118
avz2=-5.707492404375952
shx2=2.0
shy2=2.0
shz2=0.25
req2=1.0
rhos2=1.0
rhof=1.0
ndiv=2
tend=100.0
dt=0.05
tprint=1
logevery=100
nbody=2
impulse_scheme=1
energy_projection=0
impulse_pair_metric_correction=0
