cex1=-4.0
cey1=0.0
cez1=0.0
oriw1=0.06835658322023776
orii1=-0.8439518866389109
orij1=0.4947377983897461
orik1=0.19572200033094037
lvx1=-0.7753507885767786
lvy1=-0.7323343176175864
lvz1=1.8896389603506416
avx1=0.7626145537577174
avy1=-0.7301895211813586
avz1=6.193840481471192
shx1=1.0
shy1=0.7
shz1=0.7
req1=1.0
rhos1=1.0
cex2=4.0
cey2=0.0
cez2=0.0
oriw2=-0.40926754869447113
orii2=0.8625588435632778
orij2=0.016124106549299144
orik2=-0.29703927040778033
lvx2=-0.7590366075067748
lvy2=-0.7169252475071123
lvz2=1.849879005746505
avx2=-2.315167428113051
avy2=-3.890756369103151
avz2=-4.356653791666845
shx2=1.0
shy2=0.7
shz2=0.7
req2=1.0
rhos2=1.0
rhof=1.0
ndiv=2
tend=100.0
dt=0.05
tprint=1
logevery=100
nbody=2
impulse_scheme=1
energy_projection=0
impulse_pair_metric_correction=0
