cex1=-4.0
cey1=0.0
cez1=0.0
oriw1=0.7994780215617415
orii1=0.3841983728299593
orij1=0.31885118041267385
orik1=0.33400662883239224
lvx1=0.844766962261192
lvy1=-4.289365239258844
lvz1=-5.973316749532785
avx1=3.441474084948437
avy1=-4.618232355248176
avz1=2.511295211623801
shx1=2.0
shy1=1.0
shz1=0.5
req1=1.0
rhos1=1.0
cex2=4.0
cey2=0.0
cez2=0.0
oriw2=0.020087478218440192
orii2=0.636448436308999
orij2=0.16650542027018653
orik2=-0.7528650783236677
lvx2=0.6413572996930821
lvy2=-3.2565379923059083
lvz2=-4.535014355245697
avx2=2.360328427120145
avy2=4.429871772117974
avz2=-3.779352246493879
shx2=1.0
shy2=1.0
shz2=1.0
req2=1.0
rhos2=1.0
rhof=1.0
ndiv=2
tend=100.0
dt=0.05
tprint=1
logevery=100
nbody=2
impulse_scheme=1
energy_projection=0
impulse_pair_metric_correction=0
