cex1=-4.0
cey1=0.0
cez1=0.0
oriw1=0.5532874395907827
orii1=-0.04514033516189886
orij1=0.7579740274658314
orik1=-0.3425065444918892
lvx1=3.0468579493652417
lvy1=2.578772181894268
lvz1=3.958765839355515
avx1=-4.115993928864057
avy1=-0.2004759914775406
avz1=4.743081378044526
shx1=1.001
shy1=1.001
shz1=0.9980029960049943
req1=1.0
rhos1=1.0
cex2=4.0
cey2=0.0
cez2=0.0
oriw2=-0.43429050359985877
orii2=-0.8672902385964092
orij2=-0.1046908002245844
orik2=-0.2196343253380513
lvx2=3.0457731090846942
lvy2=2.5778540045509963
lvz2=3.9573563123230246
avx2=2.3441398778482414
avy2=-5.706367071214479
avz2=-1.1919734418174572
shx2=1.0
shy2=1.0
shz2=1.0
req2=1.0
rhos2=1.0
rhof=1.0
ndiv=2
tend=100.0
dt=0.05
tprint=1
logevery=100
nbody=2
impulse_scheme=1
energy_projection=0
impulse_pair_metric_correction=0
