cex1=-5.5
cey1=0.0
cez1=0.0
oriw1=-0.25645200842399946
orii1=-0.3868735633238445
orij1=0.6624063038797109
orik1=0.5880298478451825
lvx1=-0.34193497049842353
lvy1=0.09652685741972857
lvz1=0.6913783833615698
avx1=1.8611299077795809
avy1=4.9869465810780715
avz1=-3.3384093320321786
shx1=1.0
shy1=0.8
shz1=0.6
req1=1.0
rhos1=4.0
cex2=5.5
cey2=0.0
cez2=0.0
oriw2=-0.3739353039686495
orii2=0.6516815877358393
orij2=-0.23669743020260295
orik2=0.6160014798581681
lvx2=-0.30960081826715946
lvy2=0.08739905719015417
lvz2=0.6260000634300573
avx2=4.8942058921914
avy2=3.713856339237607
avz2=-1.3162208707891918
shx2=1.0
shy2=0.8
shz2=0.6
req2=1.0
rhos2=4.0
rhof=1.0
ndiv=2
tend=100.0
dt=0.05
tprint=1
logevery=100
nbody=2
impulse_scheme=1
energy_projection=0
impulse_pair_metric_correction=0
