cex1=-5.5
cey1=0.0
cez1=0.0
oriw1=1.0
orii1=2.0
orij1=0.0
orik1=0.0
lvx1=0.41692575389027847
lvy1=0.9068469473737263
lvz1=0.547081003566559
avx1=5.338944929951008
avy1=-3.147992884371419
avz1=1.0316130278620868
shx1=1.0
shy1=0.7
shz1=0.7
req1=1.0
rhos1=10.0
cex2=5.5
cey2=0.0
cez2=0.0
oriw2=1.0
orii2=0.0
orij2=1.0
orik2=0.0
lvx2=0.4649895989602573
lvy2=1.0113896645699028
lvz2=0.610149346912582
avx2=2.7072990757997455
avy2=3.064657645254431
avz2=-4.770411181011008
shx2=1.0
shy2=0.7
shz2=0.7
req2=1.0
rhos2=10.0
rhof=1.0
ndiv=2
tend=100.0
dt=0.05
tprint=1
logevery=100
nbody=2
impulse_scheme=1
energy_projection=0
impulse_pair_metric_correction=0
