cex1=-4.0
cey1=0.0
cez1=0.0
oriw1=0.1359562612963169
orii1=0.3767889965979963
orij1=-0.24622149969085724
orik1=-0.882564966530503
lvx1=2.8844428429619207
lvy1=-1.0270253072014168
lvz1=4.712530380542869
avx1=-0.09393937251822496
avy1=0.4366254098049019
avz1=6.267292178458015
shx1=1.0
shy1=1.0
shz1=1.0
req1=1.0
rhos1=1.0
cex2=4.0
cey2=0.0
cez2=0.0
oriw2=0.09605196281480397
orii2=0.7276113145892297
orij2=0.2650452294131063
orik2=0.6253853385605632
lvx2=2.884442842961922
lvy2=-1.027025307201417
lvz2=4.712530380542871
avx2=5.284610377884085
avy2=-2.9399024337586717
avz2=-1.7053692967498597
shx2=1.0
shy2=1.0
shz2=1.0
req2=1.0
rhos2=1.0
rhof=1.0
ndiv=2
tend=100.0
dt=0.05
tprint=1
logevery=100
nbody=2
impulse_scheme=1
energy_projection=0
impulse_pair_metric_correction=0
