cex1=-4.0
cey1=0.0
cez1=0.0
oriw1=-0.8356283258230662
orii1=0.09837258765087117
orij1=0.3727211017680073
orik1=-0.3913145989838024
lvx1=1.8132243641070942
lvy1=0.5759348363560404
lvz1=1.0237755084837097
avx1=-1.2536334506217524
avy1=-1.7884116792763316
avz1=5.89138391562353
shx1=1.0
shy1=0.7
shz1=0.7
req1=1.0
rhos1=0.03
cex2=4.0
cey2=0.0
cez2=0.0
oriw2=0.11224704714808088
orii2=-0.15683013274608812
orij2=0.9046830063072346
orik2=0.37993890030935895
lvx2=1.8111504664514784
lvy2=0.575276103807245
lvz2=1.02260455266106
avx2=-1.3534007228054232
avy2=5.403903014022786
avz2=2.905951875531086
shx2=1.0
shy2=0.7
shz2=0.7
req2=1.0
rhos2=0.03
rhof=1.0
ndiv=2
tend=100.0
dt=0.05
tprint=1
logevery=100
nbody=2
impulse_scheme=1
energy_projection=0
impulse_pair_metric_correction=0
