cex1=-4.0
cey1=0.0
cez1=0.0
oriw1=-0.3804251551292858
orii1=-0.0260565953329842
orij1=-0.9237195314390952
orik1=-0.036605770343626484
lvx1=1.308264685307679
lvy1=3.4126141086568826
lvz1=4.976593425241587
avx1=3.116781892856499
avy1=-0.7305733421499485
avz1=5.406510041464747
shx1=1.3
shy1=1.0
shz1=0.7692307692307692
req1=1.0
rhos1=1.0
cex2=4.0
cey2=0.0
cez2=0.0
oriw2=-0.4238223377538506
orii2=0.8557394280253364
orij2=0.18118118581389606
orik2=-0.23507027725937962
lvx2=1.1907522199266782
lvy2=3.1060823327816185
lvz2=4.529580088287161
avx2=5.684353514789091
avy2=-1.6109594391198945
avz2=-2.138072124314999
shx2=1.0
shy2=1.0
shz2=1.0
req2=1.0
rhos2=1.0
rhof=1.0
ndiv=2
tend=100.0
dt=0.05
tprint=1
logevery=100
nbody=2
impulse_scheme=1
energy_projection=0
impulse_pair_metric_correction=0
