cex1=-4.0
cey1=0.0
cez1=0.0
oriw1=0.1180737560161878
orii1=-0.9914775824295567
orij1=0.02963971940747672
orik1=-0.04639265796779997
lvx1=2.628190949179826
lvy1=4.769517479293816
lvz1=-1.388182060410651
avx1=-6.117840978083374
avy1=-1.3832167518551342
avz1=0.3703387484839241
shx1=1.0
shy1=1.0
shz1=1.0
req1=1.0
rhos1=1.0
cex2=4.0
cey2=0.0
cez2=0.0
oriw2=0.06031445222852518
orii2=0.5696005250389741
orij2=0.2549650220690058
orik2=-0.7790444443348848
lvx2=6.133731322457558
lvy2=11.131207481283969
lvz2=-3.2397706064209895
avx2=3.664223448309834
avy2=4.736396541375896
avz2=1.9022176342512105
shx2=4.0
shy2=0.5
shz2=0.5
req2=1.0
rhos2=1.0
rhof=1.0
ndiv=2
tend=100.0
dt=0.05
tprint=1
logevery=100
nbody=2
impulse_scheme=1
energy_projection=0
impulse_pair_metric_correction=0
