cex1=-4.0
cey1=0.0
cez1=0.0
oriw1=-0.6359011995997671
orii1=-0.13766963732325538
orij1=-0.4857524372788643
orik1=0.5837133757114904
lvx1=-0.3890451936853335
lvy1=-0.15529704932375113
lvz1=-0.6583938907067476
avx1=2.6524773293058663
avy1=-3.8932011641518085
avz1=-4.1576154604920905
shx1=1.0
shy1=0.8
shz1=0.6
req1=1.0
rhos1=10.0
cex2=4.0
cey2=0.0
cez2=0.0
oriw2=0.30314234741473567
orii2=0.6248080835176978
orij2=0.4022925629423906
orik2=0.5965570130139014
lvx2=-0.36791394301908437
lvy2=-0.14686198591658492
lvz2=-0.6226327848828721
avx2=3.303578511336892
avy2=-5.237216718065339
avz2=-1.0659960937111737
shx2=1.0
shy2=0.8
shz2=0.6
req2=1.0
rhos2=10.0
rhof=1.0
ndiv=2
tend=100.0
dt=0.05
tprint=1
logevery=100
nbody=2
impulse_scheme=1
energy_projection=0
impulse_pair_metric_correction=0
