cex1=-2.5
cey1=0.0
cez1=0.0
oriw1=-0.3267679101824333
orii1=0.6991866607832077
orij1=0.12730742626313646
orik1=-0.623019715158428
lvx1=0.14307379558047567
lvy1=1.6700361632532188
lvz1=2.563773910145716
avx1=-5.417003287132657
avy1=3.1766090925649038
avz1=-0.2089202349831171
shx1=1.0
shy1=0.8
shz1=0.6
req1=1.0
rhos1=0.1
cex2=2.5
cey2=0.0
cez2=0.0
oriw2=-0.036641320755026796
orii2=0.7572184846747679
orij2=-0.3983743943876416
orik2=-0.5163094246442295
lvx2=0.15547100182935797
lvy2=1.8147431843743356
lvz2=2.7859224441286727
avx2=2.85266909131782
avy2=5.541274172094361
avz2=-0.796854572351421
shx2=1.0
shy2=0.8
shz2=0.6
req2=1.0
rhos2=0.1
rhof=1.0
ndiv=2
tend=100.0
dt=0.05
tprint=1
logevery=100
nbody=2
impulse_scheme=1
energy_projection=0
impulse_pair_metric_correction=0
