cex1=-4.0
cey1=0.0
cez1=0.0
oriw1=0.9324361070570328
orii1=0.044088765774747095
orij1=-0.02392019144728528
orik1=0.3578364311105151
lvx1=2.8414311973351953
lvy1=-2.192925075804978
lvz1=6.1860075892797095
avx1=1.9077172056605143
avy1=-3.1881808128123725
avz1=5.0670046153915544
shx1=1.6900000000000002
shy1=0.7692307692307692
shz1=0.7692307692307692
req1=1.0
rhos1=1.0
cex2=4.0
cey2=0.0
cez2=0.0
oriw2=0.4821169295815485
orii2=0.5805375624582743
orij2=-0.2926228752082811
orik2=-0.5872914588947333
lvx2=2.2327596892885984
lvy2=-1.7231720111609306
lvz2=4.860884330379136
avx2=-0.6505681959432946
avy2=-3.9013079267760666
avz2=-4.882107648061311
shx2=1.0
shy2=1.0
shz2=1.0
req2=1.0
rhos2=1.0
rhof=1.0
ndiv=2
tend=100.0
dt=0.05
tprint=1
logevery=100
nbody=2
impulse_scheme=1
energy_projection=0
impulse_pair_metric_correction=0
