cex1=-1.5
cey1=0.0
cez1=0.0
oriw1=1.0
orii1=2.0
orij1=0.0
orik1=0.0
lvx1=-1.6941051173675377
lvy1=4.9448027069841025
lvz1=-5.517264713258591
avx1=-5.229475798356211
avy1=-1.0720811893997597
avz1=-3.313856122721579
shx1=1.0
shy1=0.7
shz1=0.7
req1=1.0
rhos1=0.03
cex2=1.5
cey2=0.0
cez2=0.0
oriw2=1.0
orii2=0.0
orij2=1.0
orik2=0.0
lvx2=-1.9190611386657936
lvy2=5.601410807428594
lvz2=-6.249888625210714
avx2=1.5580632841154904
avy2=-1.2766939580674406
avz2=5.951546769074639
shx2=1.0
shy2=0.7
shz2=0.7
req2=1.0
rhos2=0.03
rhof=1.0
ndiv=2
tend=100.0
dt=0.05
tprint=1
logevery=100
nbody=2
impulse_scheme=1
energy_projection=1
