cex1=-4.0
cey1=0.0
cez1=0.0
oriw1=0.5371371233769124
orii1=0.020056745075971362
orij1=0.47613747581150734
orik1=-0.695970216169614
lvx1=-2.755417350289036
lvy1=-3.9767993595875675
lvz1=-0.37183048951609776
avx1=5.840845129046091
avy1=1.9002973273557797
avz1=1.323561804563908
shx1=1.6900000000000002
shy1=0.7692307692307692
shz1=0.7692307692307692
req1=1.0
rhos1=1.0
cex2=4.0
cey2=0.0
cez2=0.0
oriw2=0.40577685537607744
orii2=0.07532715925907403
orij2=-0.7854615600146886
orik2=0.46121697763455305
lvx2=-6.300328984147582
lvy2=-9.093048741498588
lvz2=-0.8501994843148954
avx2=4.603469956619418
avy2=2.3072282822333423
avz2=-3.6004415863227694
shx2=4.0
shy2=0.5
shz2=0.5
req2=1.0
rhos2=1.0
rhof=1.0
ndiv=2
tend=100.0
dt=0.05
tprint=1
logevery=100
nbody=2
impulse_scheme=1
energy_projection=0
impulse_pair_metric_correction=0
