cex1=-4.0
cey1=0.0
cez1=0.0
oriw1=0.016997207741457247
orii1=0.3096118798786006
orij1=0.05874164973844251
orik1=-0.9488946186764045
lvx1=0.7113272427068887
lvy1=-0.8369783995922728
lvz1=-0.05091368456945446
avx1=5.856152684599544
avy1=-2.0285216685651677
avz1=1.0339212635286001
shx1=1.0
shy1=0.7
shz1=0.7
req1=1.0
rhos1=4.0
cex2=4.0
cey2=0.0
cez2=0.0
oriw2=-0.05067010371806531
orii2=0.3496827315944196
orij2=0.9353515577618089
orik2=-0.016492155905863205
lvx2=0.8413897424615222
lvy2=-0.9900155621749247
lvz2=-0.060222987924156465
avx2=-1.3956860673861016
avy2=-1.9385053367837632
avz2=-5.811426250493301
shx2=1.0
shy2=0.7
shz2=0.7
req2=1.0
rhos2=4.0
rhof=1.0
ndiv=2
tend=100.0
dt=0.05
tprint=1
logevery=100
nbody=2
impulse_scheme=1
energy_projection=0
impulse_pair_metric_correction=0
