cex1=-4.0
cey1=0.0
cez1=0.0
oriw1=-0.05837546513431568
orii1=0.9473974809308737
orij1=0.16604881564512533
orik1=0.26731649597254226
lvx1=-2.3139939050136284
lvy1=4.308402032849201
lvz1=-2.7687250160293284
avx1=-0.8209070591397053
avy1=1.9270597496951405
avz1=-5.923763155774962
shx1=1.0
shy1=1.0
shz1=1.0
req1=1.0
rhos1=1.0
cex2=4.0
cey2=0.0
cez2=0.0
oriw2=0.24730716240750036
orii2=0.27264808551987635
orij2=-0.44433957806424523
orik2=-0.8167401840548711
lvx2=-3.85359693149371
lvy2=7.174973459288848
lvz2=-4.610880868269899
avx2=-2.4324354962067183
avy2=4.322065287667066
avz2=-3.857645241633088
shx2=2.0
shy2=2.0
shz2=0.25
req2=1.0
rhos2=1.0
rhof=1.0
ndiv=2
tend=100.0
dt=0.05
tprint=1
logevery=100
nbody=2
impulse_scheme=1
energy_projection=0
impulse_pair_metric_correction=0
