cex1=-1.5
cey1=0.0
cez1=0.0
oriw1=-0.5469062050757877
orii1=-0.6304723508553332
orij1=-0.537107171503945
orik1=-0.1221233146273961
lvx1=-4.372776391886803
lvy1=1.5635637894073882
lvz1=3.0906574901741304
avx1=1.9971019462502617
avy1=5.895114586247183
avz1=0.8588512302235797
shx1=1.0
shy1=0.8
shz1=0.6
req1=1.0
rhos1=10.0
cex2=1.5
cey2=0.0
cez2=0.0
oriw2=0.4325307900845271
orii2=-0.06528748306236123
orij2=-0.2746477679083652
orik2=-0.8562845693851954
lvx2=-4.432339460451168
lvy2=1.584861621458902
lvz2=3.1327563828451037
avx2=0.30476369108699036
avy2=-6.206242939516066
avz2=0.9317109383598777
shx2=1.0
shy2=0.8
shz2=0.6
req2=1.0
rhos2=10.0
rhof=1.0
ndiv=2
tend=100.0
dt=0.05
tprint=1
logevery=100
nbody=2
impulse_scheme=1
energy_projection=0
impulse_pair_metric_correction=0
