cex1=-4.0
cey1=0.0
cez1=0.0
oriw1=-0.5579997202340975
orii1=0.8280322546132888
orij1=-0.049114434858979185
orik1=-0.02422126807551186
lvx1=-5.702591463907383
lvy1=1.2354407946868264
lvz1=-2.8488639602755126
avx1=4.1830910889847
avy1=-1.8502411573268414
avz1=-4.307757445045864
shx1=1.3
shy1=1.3
shz1=0.5917159763313609
req1=1.0
rhos1=1.0
cex2=4.0
cey2=0.0
cez2=0.0
oriw2=-0.4395247198130933
orii2=0.14046035341040639
orij2=0.5576105211591681
orik2=-0.6900430540811541
lvx2=-8.31075719462994
lvy2=1.8004881706794538
lvz2=-4.151834618389242
avx2=0.9336388981493324
avy2=-4.741566570340051
avz2=4.015505257281283
shx2=2.0
shy2=2.0
shz2=0.25
req2=1.0
rhos2=1.0
rhof=1.0
ndiv=2
tend=100.0
dt=0.05
tprint=1
logevery=100
nbody=2
impulse_scheme=1
energy_projection=0
impulse_pair_metric_correction=0
