cex1=-4.0
cey1=0.0
cez1=0.0
oriw1=0.7418884765666586
orii1=0.07698738552618267
orij1=-0.07336189645368814
orik1=0.6620366024293247
lvx1=0.767532305856392
lvy1=-1.542888956774264
lvz1=-1.3269766645603236
avx1=-0.19744418752548384
avy1=2.6457224765793943
avz1=5.695576000203354
shx1=1.0
shy1=0.7
shz1=0.7
req1=1.0
rhos1=4.0
cex2=4.0
cey2=0.0
cez2=0.0
oriw2=0.4192177929889399
orii2=0.17325539614746238
orij2=-0.8826806141655731
orik2=0.12293877794884281
lvx2=0.7562850480489133
lvy2=-1.520279784843983
lvz2=-1.3075314261815096
avx2=-1.84211490073172
avy2=3.964325592664331
avz2=-4.51321979214465
shx2=1.0
shy2=0.7
shz2=0.7
req2=1.0
rhos2=4.0
rhof=1.0
ndiv=2
tend=100.0
dt=0.05
tprint=1
logevery=100
nbody=2
impulse_scheme=1
energy_projection=0
impulse_pair_metric_correction=0
