cex1=-1.5
cey1=0.0
cez1=0.0
oriw1=-0.7335000347008311
orii1=-0.6142374968701725
orij1=-0.29101481004085683
orik1=-0.0006138969199694386
lvx1=-0.5769937309275001
lvy1=-0.22738744977261488
lvz1=-0.2761172739690486
avx1=5.641159506180971
avy1=2.6712956181958525
avz1=0.7210525295629554
shx1=1.0
shy1=0.8
shz1=0.6
req1=1.0
rhos1=0.03
cex2=1.5
cey2=0.0
cez2=0.0
oriw2=0.6821253702886755
orii2=-0.18281766795097337
orij2=0.666522643983917
orik2=-0.23881005956658027
lvx2=-0.5922883028502272
lvy2=-0.23341488736588353
lvz2=-0.28343640982696944
avx2=-5.011824486122936
avy2=-3.7854210113798734
avz2=0.1749876888805872
shx2=1.0
shy2=0.8
shz2=0.6
req2=1.0
rhos2=0.03
rhof=1.0
ndiv=2
tend=100.0
dt=0.05
tprint=1
logevery=100
nbody=2
impulse_scheme=1
energy_projection=0
impulse_pair_metric_correction=0
