cex1=-5.5
cey1=0.0
cez1=0.0
oriw1=-0.10799780469680104
orii1=0.7800832151240361
orij1=-0.2276201116585908
orik1=0.5727091202617163
lvx1=2.2093442163728194
lvy1=9.307908026226457
lvz1=1.5869033730526796
avx1=0.858636478045521
avy1=3.032795469698401
avz1=5.435376035004742
shx1=1.0
shy1=0.7
shz1=0.7
req1=1.0
rhos1=10.0
cex2=5.5
cey2=0.0
cez2=0.0
oriw2=-0.16168439121432104
orii2=-0.13453970995526118
orij2=0.23449977441619496
orik2=-0.9490874985382339
lvx2=2.0874077328777556
lvy2=8.794192886230357
lvz2=1.499320181840321
avx2=3.610843324103709
avy2=4.594455085184501
avz2=-2.308941437835831
shx2=1.0
shy2=0.7
shz2=0.7
req2=1.0
rhos2=10.0
rhof=1.0
ndiv=2
tend=100.0
dt=0.05
tprint=1
logevery=100
nbody=2
impulse_scheme=1
energy_projection=0
impulse_pair_metric_correction=0
