cex1=-4.0
cey1=0.0
cez1=0.0
oriw1=-0.5826958328604862
orii1=0.5987420367536561
orij1=0.42808323743398596
orik1=-0.3445551938647066
lvx1=-4.382745372021156
lvy1=-4.781367958287523
lvz1=-1.9319479841153682
avx1=-3.3799276140481775
avy1=-1.6447378642007258
avz1=5.034813232505895
shx1=1.3
shy1=1.3
shz1=0.5917159763313609
req1=1.0
rhos1=1.0
cex2=4.0
cey2=0.0
cez2=0.0
oriw2=-0.4366174035361797
orii2=0.38127508758932294
orij2=-0.7870806334684943
orik2=-0.21094697658869774
lvx2=-3.639378086685628
lvy2=-3.970389400867164
lvz2=-1.6042659477530798
avx2=-1.7765200255941025
avy2=-2.110091285236871
avz2=-5.6453440082060515
shx2=1.0
shy2=1.0
shz2=1.0
req2=1.0
rhos2=1.0
rhof=1.0
ndiv=2
tend=100.0
dt=0.05
tprint=1
logevery=100
nbody=2
impulse_scheme=1
energy_projection=0
impulse_pair_metric_correction=0
