cex1=-2.5
cey1=0.0
cez1=0.0
oriw1=1.0
orii1=1.0
orij1=1.0
orik1=0.0
lvx1=-0.2169246633390427
lvy1=0.4244961796315227
lvz1=0.6126803833747012
avx1=2.275031761000266
avy1=-2.8295796812675915
avz1=-5.127974933456194
shx1=1.0
shy1=0.7
shz1=0.7
req1=1.0
rhos1=0.03
cex2=2.5
cey2=0.0
cez2=0.0
oriw2=1.0
orii2=-1.0
orij2=0.0
orik2=1.0
lvx2=-0.19575108778741265
lvy2=0.38306197020390037
lvz2=0.5528778962498956
avx2=5.062786820195843
avy2=0.679478513398338
avz2=3.6585401688977925
shx2=1.0
shy2=0.7
shz2=0.7
req2=1.0
rhos2=0.03
rhof=1.0
ndiv=2
tend=100.0
dt=0.05
tprint=1
logevery=100
nbody=2
impulse_scheme=1
energy_projection=0
impulse_pair_metric_correction=0
