cex1=-4.0
cey1=0.0
cez1=0.0
oriw1=-0.5311356112550163
orii1=0.8454783487104109
orij1=-0.017378949264659372
orik1=-0.05252900571239973
lvx1=-5.564271049729949
lvy1=-0.30401661295607907
lvz1=0.7210481795303876
avx1=6.223359023338034
avy1=0.850985162502397
avz1=-0.15506232358401711
shx1=1.0003
shy1=1.0
shz1=0.9997000899730081
req1=1.0
rhos1=1.0
cex2=4.0
cey2=0.0
cez2=0.0
oriw2=-0.6969148804958709
orii2=0.06117744363800347
orij2=-0.6153767432731049
orik2=0.3631507036643769
lvx2=-5.565089166223499
lvy2=-0.3040613126127187
lvz2=0.7211541954672545
avx2=-0.7715727696558521
avy2=-6.044717842249398
avz2=-1.5311692503034489
shx2=1.0
shy2=1.0
shz2=1.0
req2=1.0
rhos2=1.0
rhof=1.0
ndiv=2
tend=100.0
dt=0.05
tprint=1
logevery=100
nbody=2
impulse_scheme=1
energy_projection=0
impulse_pair_metric_correction=0
