cex1=-4.0
cey1=0.0
cez1=0.0
oriw1=0.21389971641902605
orii1=-0.7081394329989318
orij1=0.0857450939772516
orik1=-0.6674078465276265
lvx1=5.553054578878789
lvy1=-0.0014163520729722576
lvz1=0.2578152887983973
avx1=2.066501446857037
avy1=-5.785904259906837
avz1=-1.315789219323188
shx1=1.03
shy1=1.03
shz1=0.9425959091337544
req1=1.0
rhos1=1.0
cex2=4.0
cey2=0.0
cez2=0.0
oriw2=0.5140456965756794
orii2=0.28453107097061603
orij2=0.051535825282679325
orik2=0.8075538063787279
lvx2=5.748578056739174
lvy2=-0.0014662219381516158
lvz2=0.26689298490157887
avx2=-1.820347670489253
avy2=1.5241639995592446
avz2=-5.817359887900125
shx2=1.03
shy2=1.03
shz2=0.9425959091337544
req2=1.0
rhos2=1.0
rhof=1.0
ndiv=2
tend=100.0
dt=0.05
tprint=1
logevery=100
nbody=2
impulse_scheme=1
energy_projection=0
impulse_pair_metric_correction=0
