cex1=-2.5
cey1=0.0
cez1=0.0
oriw1=1.0
orii1=1.0
orij1=1.0
orik1=0.0
lvx1=-0.08304050161812747
lvy1=0.3527060949969196
lvz1=-1.0278164135439327
avx1=5.977410280253591
avy1=-0.5929555507035719
avz1=1.8432003854073866
shx1=1.0
shy1=0.7
shz1=0.7
req1=1.0
rhos1=10.0
cex2=2.5
cey2=0.0
cez2=0.0
oriw2=1.0
orii2=-1.0
orij2=0.0
orik2=1.0
lvx2=-0.08841207798657415
lvy2=0.3755213199531111
lvz2=-1.0943019748123752
avx2=-5.0096957013778285
avy2=2.287184352818417
avz2=3.024922200681622
shx2=1.0
shy2=0.7
shz2=0.7
req2=1.0
rhos2=10.0
rhof=1.0
ndiv=2
tend=100.0
dt=0.05
tprint=1
logevery=100
nbody=2
impulse_scheme=1
energy_projection=0
impulse_pair_metric_correction=0
