cex1=-4.0
cey1=0.0
cez1=0.0
oriw1=-0.12296259877433975
orii1=0.41801128893625494
orij1=-0.013040443469073706
orik1=0.8999870601617789
lvx1=-5.425539802536882
lvy1=-0.7674157854400356
lvz1=1.247928261893068
avx1=-2.348099364314559
avy1=5.827849440841692
avz1=0.0319041461910337
shx1=1.0
shy1=1.0
shz1=1.0
req1=1.0
rhos1=1.0
cex2=4.0
cey2=0.0
cez2=0.0
oriw2=0.8283574614707551
orii2=0.3628515023047887
orij2=0.42590906428379205
orik2=-0.027643665852941257
lvx2=-5.425539802536883
lvy2=-0.7674157854400357
lvz2=1.2479282618930683
avx2=-5.886498425398546
avy2=-2.0475825016899805
avz2=0.7968436426996657
shx2=1.0
shy2=1.0
shz2=1.0
req2=1.0
rhos2=1.0
rhof=1.0
ndiv=2
tend=100.0
dt=0.05
tprint=1
logevery=100
nbody=2
impulse_scheme=1
energy_projection=0
impulse_pair_metric_correction=0
