cex1=-4.0
cey1=0.0
cez1=0.0
oriw1=-0.36923617777359596
orii1=0.38798776401368834
orij1=-0.5886726612988326
orik1=0.605470592050641
lvx1=-4.636084767777202
lvy1=-2.9524361323215986
lvz1=-1.171568604065516
avx1=-5.293958502056491
avy1=0.6327403980199237
avz1=3.3244639525154738
shx1=1.0
shy1=1.0
shz1=1.0
req1=1.0
rhos1=1.0
cex2=4.0
cey2=0.0
cez2=0.0
oriw2=0.8061148847700433
orii2=0.35279685990771364
orij2=0.17023091391224998
orik2=-0.44354774730578567
lvx2=-4.636084767777202
lvy2=-2.9524361323215986
lvz2=-1.171568604065516
avx2=-5.5379298801588455
avy2=-0.8345891105366384
avz2=2.848369930921004
shx2=1.0
shy2=1.0
shz2=1.0
req2=1.0
rhos2=1.0
rhof=1.0
ndiv=2
tend=100.0
dt=0.05
tprint=1
logevery=100
nbody=2
impulse_scheme=1
energy_projection=0
impulse_pair_metric_correction=0
