cex1=-4.0
cey1=0.0
cez1=0.0
oriw1=0.6196921702670232
orii1=-0.648354429875681
orij1=0.3391657597945559
orik1=0.2838745052894131
lvx1=2.9155160744751396
lvy1=-0.8460170160645725
lvz1=-4.715927219187633
avx1=-4.213240155136847
avy1=-4.527547350549391
avz1=1.1083050067707312
shx1=1.01
shy1=1.0
shz1=0.9900990099009901
req1=1.0
rhos1=1.0
cex2=4.0
cey2=0.0
cez2=0.0
oriw2=0.1564116637729286
orii2=0.40745723706551307
orij2=-0.8832917965081774
orik2=-0.17120044865618547
lvx2=2.9213857789511426
lvy2=-0.8477202719339001
lvz2=-4.725421627175747
avx2=3.75798275091542
avy2=-3.590130413882406
avz2=3.5308563917973426
shx2=1.0
shy2=1.0
shz2=1.0
req2=1.0
rhos2=1.0
rhof=1.0
ndiv=2
tend=100.0
dt=0.05
tprint=1
logevery=100
nbody=2
impulse_scheme=1
energy_projection=0
impulse_pair_metric_correction=0
