cex1=-1.5
cey1=0.0
cez1=0.0
oriw1=-0.457231623849621
orii1=0.7479874374114442
orij1=0.42952724272998094
orik1=-0.21670344570236874
lvx1=0.5191837180631128
lvy1=-0.4519156664263359
lvz1=0.29850206522661127
avx1=-2.320050115768544
avy1=5.8366499384512975
avz1=-0.17117990727963556
shx1=1.0
shy1=0.8
shz1=0.6
req1=1.0
rhos1=4.0
cex2=1.5
cey2=0.0
cez2=0.0
oriw2=-0.5318732364996572
orii2=-0.27071657024553825
orij2=0.7121807593053973
orik2=-0.3696240860185658
lvx2=0.5426601909125284
lvy2=-0.47235040947387064
lvz2=0.31199974511520734
avx2=2.794017234218999
avy2=-3.380835071956041
avz2=4.499093188129875
shx2=1.0
shy2=0.8
shz2=0.6
req2=1.0
rhos2=4.0
rhof=1.0
ndiv=2
tend=100.0
dt=0.05
tprint=1
logevery=100
nbody=2
impulse_scheme=1
energy_projection=0
impulse_pair_metric_correction=0
