cex1=-4.0
cey1=0.0
cez1=0.0
oriw1=0.7335943711397678
orii1=0.5310384134693552
orij1=-0.08058796382461832
orik1=0.4163449076650281
lvx1=1.6242952837139752
lvy1=-3.3284537791386235
lvz1=-4.705215661450694
avx1=1.8748869065046827
avy1=-2.7706187303953302
avz1=5.318541956491205
shx1=1.1
shy1=1.1
shz1=0.8264462809917354
req1=1.0
rhos1=1.0
cex2=4.0
cey2=0.0
cez2=0.0
oriw2=-0.5568369764165263
orii2=0.3105588132516646
orij2=-0.7056480341008325
orik2=0.3091062231283106
lvx2=2.3943202239980814
lvy2=-4.906364180170698
lvz2=-6.935803563207118
avx2=3.4439257693846144
avy2=-4.345397313386175
avz2=-2.9555566460723166
shx2=2.0
shy2=2.0
shz2=0.25
req2=1.0
rhos2=1.0
rhof=1.0
ndiv=2
tend=100.0
dt=0.05
tprint=1
logevery=100
nbody=2
impulse_scheme=1
energy_projection=0
impulse_pair_metric_correction=0
