cex1=-1.5
cey1=0.0
cez1=0.0
oriw1=1.0
orii1=2.0
orij1=0.0
orik1=0.0
lvx1=0.6318184547503907
lvy1=0.375567612588752
lvz1=-0.7461543050032385
avx1=3.7191107881904837
avy1=2.7331366655759664
avz1=4.263401988647901
shx1=1.0
shy1=0.8
shz1=0.6
req1=1.0
rhos1=1.0
cex2=1.5
cey2=0.0
cez2=0.0
oriw2=1.0
orii2=0.0
orij2=1.0
orik2=0.0
lvx2=0.565752955344432
lvy2=0.3362967402363737
lvz2=-0.6681333855075905
avx2=-5.415288983994073
avy2=3.184065863750372
avz2=-0.12160345179916715
shx2=1.0
shy2=0.8
shz2=0.6
req2=1.0
rhos2=1.0
rhof=1.0
ndiv=2
tend=100.0
dt=0.05
tprint=1
logevery=100
nbody=2
impulse_scheme=1
energy_projection=1
