cex1=-4.0
cey1=0.0
cez1=0.0
oriw1=0.26780080535465955
orii1=0.7113144924430658
orij1=-0.4407013418102422
orik1=0.4775947537594101
lvx1=5.2097446320434395
lvy1=-3.048494679175735
lvz1=-7.625330107790836
avx1=-0.2730006483821547
avy1=5.227841790939852
avz1=3.4747026432837607
shx1=1.0
shy1=0.7
shz1=0.7
req1=1.0
rhos1=4.0
cex2=4.0
cey2=0.0
cez2=0.0
oriw2=-0.28082123886471533
orii2=-0.6751436144485314
orij2=0.3906035564571978
orik2=-0.5592400140859448
lvx2=4.9427910282280205
lvy2=-2.892286131867555
lvz2=-7.234598988258293
avx2=-3.4035945368928218
avy2=-1.9041283760625505
avz2=4.926282265589759
shx2=1.0
shy2=0.7
shz2=0.7
req2=1.0
rhos2=4.0
rhof=1.0
ndiv=2
tend=100.0
dt=0.05
tprint=1
logevery=100
nbody=2
impulse_scheme=1
energy_projection=0
impulse_pair_metric_correction=0
