cex1=-5.5
cey1=0.0
cez1=0.0
oriw1=-0.5010833508525588
orii1=0.6358363682225002
orij1=-0.23263773628404313
orik1=-0.5389872651562638
lvx1=0.9248686842094994
lvy1=-1.5264285043887258
lvz1=-2.607914317872435
avx1=4.717538206853298
avy1=4.04634798487648
avz1=0.9221273537439667
shx1=1.0
shy1=0.8
shz1=0.6
req1=1.0
rhos1=1.0
cex2=5.5
cey2=0.0
cez2=0.0
oriw2=-0.16415378650634524
orii2=-0.30089657188829416
orij2=-0.44732459821377607
orik2=0.826084433477829
lvx2=1.0542107149205355
lvy2=-1.7398981199824197
lvz2=-2.972628724958576
avx2=1.6335143640974312
avy2=-3.4739203222603683
avz2=-4.974125653944744
shx2=1.0
shy2=0.8
shz2=0.6
req2=1.0
rhos2=1.0
rhof=1.0
ndiv=2
tend=100.0
dt=0.05
tprint=1
logevery=100
nbody=2
impulse_scheme=1
energy_projection=0
impulse_pair_metric_correction=0
