cex1=-2.5
cey1=0.0
cez1=0.0
oriw1=0.7656736997019182
orii1=-0.4519460163826017
orij1=0.40915231252862083
orik1=-0.2051413391131967
lvx1=0.7448607926970564
lvy1=0.980611937247116
lvz1=-0.3455865606525825
avx1=2.3856334037713944
avy1=4.179376619239472
avz1=4.039799740299261
shx1=1.0
shy1=0.7
shz1=0.7
req1=1.0
rhos1=0.03
cex2=2.5
cey2=0.0
cez2=0.0
oriw2=0.8373001241844726
orii2=-0.5377277784768263
orij2=-0.004574354403416734
orik2=0.09877455936037317
lvx2=0.7608094297810448
lvy2=1.001608375857816
lvz2=-0.35298611059666635
avx2=0.9723793923891496
avy2=4.682386310336049
avz2=-4.075310339396485
shx2=1.0
shy2=0.7
shz2=0.7
req2=1.0
rhos2=0.03
rhof=1.0
ndiv=2
tend=100.0
dt=0.05
tprint=1
logevery=100
nbody=2
impulse_scheme=1
energy_projection=0
impulse_pair_metric_correction=0
