cex1=-5.5
cey1=0.0
cez1=0.0
oriw1=0.07226764392361225
orii1=-0.5979035851584437
orij1=-0.20366406786535812
orik1=0.7718870629547722
lvx1=-0.7493651315513595
lvy1=0.5720476936309227
lvz1=5.354940053580841
avx1=-4.032056353794157
avy1=1.8035688524019204
avz1=4.468565604176716
shx1=1.0
shy1=0.7
shz1=0.7
req1=1.0
rhos1=0.03
cex2=5.5
cey2=0.0
cez2=0.0
oriw2=-0.5363910527303147
orii2=-0.3010626851518521
orij2=-0.24059504968131296
orik2=0.7508394770048178
lvx2=-0.8078103944025403
lvy2=0.6166634308863458
lvz2=5.772588094310901
avx2=-0.4466000335344595
avy2=5.80965123050588
avz2=-2.3509399384684375
shx2=1.0
shy2=0.7
shz2=0.7
req2=1.0
rhos2=0.03
rhof=1.0
ndiv=2
tend=100.0
dt=0.05
tprint=1
logevery=100
nbody=2
impulse_scheme=1
energy_projection=0
impulse_pair_metric_correction=0
