cex1=-4.0
cey1=0.0
cez1=0.0
oriw1=-0.849216320627484
orii1=0.2471877850220275
orij1=-0.4616089394235649
orik1=0.06816910414604084
lvx1=-1.0741023645277692
lvy1=0.1740850214399252
lvz1=-0.8456544633132523
avx1=0.029325568105974042
avy1=1.5921914400921813
avz1=6.0780329082286055
shx1=1.0
shy1=0.8
shz1=0.6
req1=1.0
rhos1=4.0
cex2=4.0
cey2=0.0
cez2=0.0
oriw2=0.516662971203913
orii2=-0.14435964618351946
orij2=-0.6055721289106791
orik2=-0.5877942356191506
lvx2=-0.9659605567769761
lvy2=0.15655794995905575
lvz2=-0.7605130415871878
avx2=-2.322549271080279
avy2=5.825755610501786
avz2=0.3804655759314499
shx2=1.0
shy2=0.8
shz2=0.6
req2=1.0
rhos2=4.0
rhof=1.0
ndiv=2
tend=100.0
dt=0.05
tprint=1
logevery=100
nbody=2
impulse_scheme=1
energy_projection=0
impulse_pair_metric_correction=0
