cex1=-4.0
cey1=0.0
cez1=0.0
oriw1=0.7373253961509089
orii1=-0.558719007606081
orij1=0.3794301897983678
orik1=0.01473301734730357
lvx1=4.939749754944309
lvy1=2.669848039198324
lvz1=-0.16675047069701818
avx1=-3.5488937604098787
avy1=3.9162556959551726
avz1=-3.398045321295749
shx1=1.01
shy1=1.01
shz1=0.9802960494069208
req1=1.0
rhos1=1.0
cex2=4.0
cey2=0.0
cez2=0.0
oriw2=-0.7031580036705635
orii2=-0.5487632726559607
orij2=0.17623239942867103
orik2=-0.4163770332878134
lvx2=4.941761760785197
lvy2=2.670935493040247
lvz2=-0.16681838970863969
avx2=0.21319998836684578
avy2=1.6466979189661182
avz2=6.059814298556554
shx2=1.0
shy2=1.0
shz2=1.0
req2=1.0
rhos2=1.0
rhof=1.0
ndiv=2
tend=100.0
dt=0.05
tprint=1
logevery=100
nbody=2
impulse_scheme=1
energy_projection=0
impulse_pair_metric_correction=0
