cex1=-5.5
cey1=0.0
cez1=0.0
oriw1=-0.5128618779092868
orii1=0.5704913231143671
orij1=0.0445656430569576
orik1=0.6399423785759919
lvx1=0.059179323148105485
lvy1=-0.22869342551751662
lvz1=-3.153033809451662
avx1=-4.894952407053061
avy1=0.21844917258789517
avz1=3.9332096938808827
shx1=1.0
shy1=0.7
shz1=0.7
req1=1.0
rhos1=0.3
cex2=5.5
cey2=0.0
cez2=0.0
oriw2=-0.7762607716415252
orii2=-0.5524116294997719
orij2=-0.014102998509215491
orik2=0.30341672899983574
lvx2=0.06608106768942637
lvy2=-0.2553646261537818
lvz2=-3.5207540320794504
avx2=-1.184837022704582
avy2=6.139656344942424
avz2=0.6157911983734436
shx2=1.0
shy2=0.7
shz2=0.7
req2=1.0
rhos2=0.3
rhof=1.0
ndiv=2
tend=100.0
dt=0.05
tprint=1
logevery=100
nbody=2
impulse_scheme=1
energy_projection=0
impulse_pair_metric_correction=0
