cex1=-5.5
cey1=0.0
cez1=0.0
oriw1=1.0
orii1=2.0
orij1=0.0
orik1=0.0
lvx1=0.48263629248373213
lvy1=0.5544009797615529
lvz1=-0.2344545847887421
avx1=-2.5537859879299587
avy1=5.205401206753364
avz1=-2.420824861269536
shx1=1.0
shy1=0.7
shz1=0.7
req1=1.0
rhos1=0.03
cex2=5.5
cey2=0.0
cez2=0.0
oriw2=1.0
orii2=0.0
orij2=1.0
orik2=0.0
lvx2=0.4962704058309511
lvy2=0.5700623917100401
lvz2=-0.24107775099809348
avx2=-0.5357075983325051
avy2=5.567636435418615
avz2=2.8623171551114583
shx2=1.0
shy2=0.7
shz2=0.7
req2=1.0
rhos2=0.03
rhof=1.0
ndiv=2
tend=100.0
dt=0.05
tprint=1
logevery=100
nbody=2
impulse_scheme=1
energy_projection=0
impulse_pair_metric_correction=0
