cex1=-4.0
cey1=0.0
cez1=0.0
oriw1=0.38395720733400057
orii1=-0.4107216330066594
orij1=0.8099715740331696
orik1=-0.16682521504511208
lvx1=-1.8379090512917975
lvy1=-2.2839170946218195
lvz1=-4.7948440564458545
avx1=-2.2147400905858414
avy1=-5.64281008814772
avz1=-1.6528878499788071
shx1=1.00020001
shy1=0.9999000099990001
shz1=0.9999000099990001
req1=1.0
rhos1=1.0
cex2=4.0
cey2=0.0
cez2=0.0
oriw2=0.05195991623238713
orii2=0.9862243575414841
orij2=-0.0010753633955269154
orik2=0.15703670682543602
lvx2=-1.8378513721086551
lvy2=-2.2838454183480175
lvz2=-4.79469357963729
avx2=-2.6062535235078674
avy2=5.462704963789577
avz2=1.6866281908437863
shx2=1.0
shy2=1.0
shz2=1.0
req2=1.0
rhos2=1.0
rhof=1.0
ndiv=2
tend=100.0
dt=0.05
tprint=1
logevery=100
nbody=2
impulse_scheme=1
energy_projection=0
impulse_pair_metric_correction=0
