cex1=-1.5
cey1=0.0
cez1=0.0
oriw1=0.05960167612400449
orii1=-0.3207096954420623
orij1=0.9266030644960249
orik1=-0.18708204702548176
lvx1=0.01175963285214921
lvy1=0.7174041316545535
lvz1=-0.29210189788930574
avx1=2.3733504095243427
avy1=-3.1430285872101478
avz1=-4.895609945445802
shx1=1.0
shy1=0.7
shz1=0.7
req1=1.0
rhos1=0.03
cex2=1.5
cey2=0.0
cez2=0.0
oriw2=-0.521879944498743
orii2=-0.17784841636066753
orij2=0.8338134636638221
orik2=0.027683427189049096
lvx2=0.010071055002936825
lvy2=0.6143913300751292
lvz2=-0.25015868412658737
avx2=-5.9056293599971035
avy2=2.118490745798853
avz2=-0.3375743276113504
shx2=1.0
shy2=0.7
shz2=0.7
req2=1.0
rhos2=0.03
rhof=1.0
ndiv=2
tend=100.0
dt=0.05
tprint=1
logevery=100
nbody=2
impulse_scheme=1
energy_projection=0
impulse_pair_metric_correction=0
