cex1=-4.0
cey1=0.0
cez1=0.0
oriw1=-0.21865777651847595
orii1=-0.7910854441466961
orij1=-0.05944298805877644
orik1=-0.5681893416792196
lvx1=3.1583799012011706
lvy1=5.120415993640263
lvz1=-5.321190312764788
avx1=2.2877186590427647
avy1=-5.832521695748835
avz1=-0.4758693203434547
shx1=2.0
shy1=2.0
shz1=0.25
req1=1.0
rhos1=1.0
cex2=4.0
cey2=0.0
cez2=0.0
oriw2=-0.4164286579587419
orii2=0.4430392941872856
orij2=-0.7936150598648999
orik2=0.021874491819108836
lvx2=4.232183700666591
lvy2=6.861283881864648
lvz2=-7.13031858557084
avx2=2.578504771471219
avy2=0.13619784744353097
avz2=5.728104476544517
shx2=2.0
shy2=2.0
shz2=0.25
req2=1.0
rhos2=1.0
rhof=1.0
ndiv=2
tend=100.0
dt=0.05
tprint=1
logevery=100
nbody=2
impulse_scheme=1
energy_projection=0
impulse_pair_metric_correction=0
