cex1=-2.5
cey1=0.0
cez1=0.0
oriw1=0.8432896116786908
orii1=0.3716456264562977
orij1=0.06577342720968331
orik1=0.38264345733829236
lvx1=1.4246016168526476
lvy1=0.40899364247725545
lvz1=2.8774864281755397
avx1=-3.917910475945311
avy1=4.909995347709591
avz1=0.14262114957323038
shx1=1.0
shy1=0.8
shz1=0.6
req1=1.0
rhos1=10.0
cex2=2.5
cey2=0.0
cez2=0.0
oriw2=-0.3117952601483525
orii2=-0.8150267241725208
orij2=0.07012007333240484
orik2=-0.48332011126114877
lvx2=1.5040413352359365
lvy2=0.43180025689815515
lvz2=3.0379430139338894
avx2=1.7084142260085238
avy2=-5.727224543642511
avz2=-1.9387205738393434
shx2=1.0
shy2=0.8
shz2=0.6
req2=1.0
rhos2=10.0
rhof=1.0
ndiv=2
tend=100.0
dt=0.05
tprint=1
logevery=100
nbody=2
impulse_scheme=1
energy_projection=0
impulse_pair_metric_correction=0
