cex1=-5.5
cey1=0.0
cez1=0.0
oriw1=0.05989013715133212
orii1=0.506014566661948
orij1=-0.8421271933001176
orik1=0.1765905436380499
lvx1=2.794443573872149
lvy1=-1.5672899724873723
lvz1=1.3805133879543932
avx1=-2.0229896805843883
avy1=4.407636286136175
avz1=-3.9948307505753244
shx1=1.0
shy1=0.7
shz1=0.7
req1=1.0
rhos1=0.1
cex2=5.5
cey2=0.0
cez2=0.0
oriw2=-0.04290471261280284
orii2=-0.6700548551290323
orij2=-0.7080366966511766
orik2=-0.21879148280706417
lvx2=2.78674223740978
lvy2=-1.5629706054673767
lvz2=1.3767087671737668
avx2=2.1690598473460105
avy2=-4.389773148555031
avz2=-3.937446975797132
shx2=1.0
shy2=0.7
shz2=0.7
req2=1.0
rhos2=0.1
rhof=1.0
ndiv=2
tend=100.0
dt=0.05
tprint=1
logevery=100
nbody=2
impulse_scheme=1
energy_projection=0
impulse_pair_metric_correction=0
