cex1=-1.5
cey1=0.0
cez1=0.0
oriw1=1.0
orii1=2.0
orij1=0.0
orik1=0.0
lvx1=-0.7756661719350925
lvy1=0.8703651999407075
lvz1=1.7610367271290184
avx1=1.8397353404625818
avy1=-5.3080665899662405
avz1=2.813933289524582
shx1=1.0
shy1=0.8
shz1=0.6
req1=1.0
rhos1=1.0
cex2=1.5
cey2=0.0
cez2=0.0
oriw2=1.0
orii2=0.0
orij2=1.0
orik2=0.0
lvx2=-0.7653511471353907
lvy2=0.8587908410901876
lvz2=1.7376179702323444
avx2=-1.2258986313418445
avy2=-6.134907786383081
avz2=0.5818046086169104
shx2=1.0
shy2=0.8
shz2=0.6
req2=1.0
rhos2=1.0
rhof=1.0
ndiv=2
tend=100.0
dt=0.05
tprint=1
logevery=100
nbody=2
impulse_scheme=1
energy_projection=0
impulse_pair_metric_correction=0
