cex1=-1.5
cey1=0.0
cez1=0.0
oriw1=0.9042499891086312
orii1=0.12846280412419908
orij1=-0.35737615666758166
orik1=0.1952217913018325
lvx1=-1.8136374868899403
lvy1=2.4102971517096496
lvz1=8.824995440725974
avx1=-4.224567872417903
avy1=0.014618901102169226
avz1=4.650938634665316
shx1=1.0
shy1=0.8
shz1=0.6
req1=1.0
rhos1=0.3
cex2=1.5
cey2=0.0
cez2=0.0
oriw2=0.08814670827667899
orii2=0.7671182829004972
orij2=-0.6349294585534273
orik2=0.024985606273023445
lvx2=-1.6020477453440236
lvy2=2.1290975431519046
lvz2=7.795418958135097
avx2=5.938556537228795
avy2=1.4238521355627305
avz2=-1.478042270893506
shx2=1.0
shy2=0.8
shz2=0.6
req2=1.0
rhos2=0.3
rhof=1.0
ndiv=2
tend=100.0
dt=0.05
tprint=1
logevery=100
nbody=2
impulse_scheme=1
energy_projection=0
impulse_pair_metric_correction=0
