cex1=-4.0
cey1=0.0
cez1=0.0
oriw1=-0.3126887487916944
orii1=0.8010016074624453
orij1=0.15982516953106152
orik1=0.4848485190304604
lvx1=-5.483540128795185
lvy1=0.26467985115855935
lvz1=1.5181307091976934
avx1=-0.1645995358128768
avy1=-5.941619581173498
avz1=-2.0367821066042597
shx1=1.1
shy1=1.0
shz1=0.9090909090909091
req1=1.0
rhos1=1.0
cex2=4.0
cey2=0.0
cez2=0.0
oriw2=-0.6594349628675376
orii2=-0.04888579832753058
orij2=0.5034064035615993
orik2=0.5561813565042842
lvx2=-5.540838148291891
lvy2=0.2674455154768399
lvz2=1.533993797810354
avx2=1.9951878390845534
avy2=4.092365653371456
avz2=4.330148548287017
shx2=1.1
shy2=1.0
shz2=0.9090909090909091
req2=1.0
rhos2=1.0
rhof=1.0
ndiv=2
tend=100.0
dt=0.05
tprint=1
logevery=100
nbody=2
impulse_scheme=1
energy_projection=0
impulse_pair_metric_correction=0
