cex1=-4.0
cey1=0.0
cez1=0.0
oriw1=-0.6158477489813675
orii1=-0.08207670350884598
orij1=-0.763522318158891
orik1=-0.1761494663317964
lvx1=-2.1198809679311483
lvy1=-0.4102154514419637
lvz1=5.18795696678351
avx1=-4.96725484340972
avy1=-3.708505527071376
avz1=-1.025565054329155
shx1=1.0003
shy1=1.0
shz1=0.9997000899730081
req1=1.0
rhos1=1.0
cex2=4.0
cey2=0.0
cez2=0.0
oriw2=0.5879380906188725
orii2=-0.2912014074855701
orij2=-0.05831801449020025
orik2=-0.7524158099507068
lvx2=-2.8588697324509393
lvy2=-0.5532162209351077
lvz2=6.996474504919975
avx2=-3.264655705875621
avy2=-4.297297623557728
avz2=3.217712519945854
shx2=2.0
shy2=1.0
shz2=0.5
req2=1.0
rhos2=1.0
rhof=1.0
ndiv=2
tend=100.0
dt=0.05
tprint=1
logevery=100
nbody=2
impulse_scheme=1
energy_projection=0
impulse_pair_metric_correction=0
