cex1=-4.0
cey1=0.0
cez1=0.0
oriw1=-0.15387139792871346
orii1=0.47792887568186576
orij1=0.6465249368462472
orik1=0.574380613117197
lvx1=2.0410655596575964
lvy1=-5.2122485290161515
lvz1=-0.43946993634849413
avx1=4.5933909355609
avy1=-3.929921917508488
avz1=1.7131523690993742
shx1=1.0060089999999997
shy1=0.9970089730807579
shz1=0.9970089730807579
req1=1.0
rhos1=1.0
cex2=4.0
cey2=0.0
cez2=0.0
oriw2=0.8729244773881818
orii2=-0.17623318058461626
orij2=-0.4539377362359052
orik2=0.02975322602041004
lvx2=2.0428812852539533
lvy2=-5.216885329154162
lvz2=-0.4398608874418981
avx2=-3.500668414123056
avy2=4.580754862089165
avz2=-2.4980838961422167
shx2=1.0
shy2=1.0
shz2=1.0
req2=1.0
rhos2=1.0
rhof=1.0
ndiv=2
tend=100.0
dt=0.05
tprint=1
logevery=100
nbody=2
impulse_scheme=1
energy_projection=0
impulse_pair_metric_correction=0
