cex1=-4.0
cey1=0.0
cez1=0.0
oriw1=-0.32126596230377247
orii1=0.005362945573399113
orij1=-0.762749052142592
orik1=0.5612248245893844
lvx1=2.1881341856152594
lvy1=-4.857189945607714
lvz1=1.7311816712742563
avx1=4.7117955550396164
avy1=4.151044968355399
avz1=0.21500214547224286
shx1=1.0201
shy1=0.9900990099009901
shz1=0.9900990099009901
req1=1.0
rhos1=1.0
cex2=4.0
cey2=0.0
cez2=0.0
oriw2=-0.11760948337821504
orii2=0.2979385774239199
orij2=0.7983132950015306
orik2=-0.5099965652099231
lvx2=4.85834699689231
lvy2=-10.784491344594343
lvz2=3.843768507892206
avx2=4.022286504879528
avy2=-2.6907354296033166
avz2=-4.007439547254446
shx2=4.0
shy2=0.5
shz2=0.5
req2=1.0
rhos2=1.0
rhof=1.0
ndiv=2
tend=100.0
dt=0.05
tprint=1
logevery=100
nbody=2
impulse_scheme=1
energy_projection=0
impulse_pair_metric_correction=0
