cex1=-4.0
cey1=0.0
cez1=0.0
oriw1=0.44336481084064067
orii1=-0.3414395437435231
orij1=-0.7954098878616682
orik1=-0.23274404990965109
lvx1=1.2318497704677474
lvy1=5.366261112120933
lvz1=-1.1615965896748086
avx1=-3.2144398089575748
avy1=-4.238139711004618
avz1=3.3442437275043084
shx1=1.0201
shy1=0.9900990099009901
shz1=0.9900990099009901
req1=1.0
rhos1=1.0
cex2=4.0
cey2=0.0
cez2=0.0
oriw2=-0.29508535412705195
orii2=0.4366836743384322
orij2=0.522552521530776
orik2=-0.6702021072690135
lvx2=1.2334513811507635
lvy2=5.3732381488757985
lvz2=-1.1631068594755425
avx2=2.6300698163287564
avy2=3.236446299482045
avz2=-4.699634636454501
shx2=1.0201
shy2=0.9900990099009901
shz2=0.9900990099009901
req2=1.0
rhos2=1.0
rhof=1.0
ndiv=2
tend=100.0
dt=0.05
tprint=1
logevery=100
nbody=2
impulse_scheme=1
energy_projection=0
impulse_pair_metric_correction=0
