cex1=-4.0
cey1=0.0
cez1=0.0
oriw1=-0.5189504408379404
orii1=0.44581866096642064
orij1=-0.7150783829214971
orik1=-0.14352375331836822
lvx1=3.1773283631850493
lvy1=-0.9499495076403152
lvz1=4.651138872076147
avx1=-0.610711454571026
avy1=5.392016072504097
avz1=-3.1672719803437577
shx1=1.0609
shy1=0.970873786407767
shz1=0.970873786407767
req1=1.0
rhos1=1.0
cex2=4.0
cey2=0.0
cez2=0.0
oriw2=-0.38418751366395226
orii2=0.5707084338249411
orij2=-0.07658050652489257
orik2=-0.72168363146616
lvx2=8.907514499075619
lvy2=-2.663145902935132
lvz2=13.039284016179474
avx2=0.15462505709138005
avy2=2.3173563910478183
avz2=-5.838181913314003
shx2=4.0
shy2=0.5
shz2=0.5
req2=1.0
rhos2=1.0
rhof=1.0
ndiv=2
tend=100.0
dt=0.05
tprint=1
logevery=100
nbody=2
impulse_scheme=1
energy_projection=0
impulse_pair_metric_correction=0
