cex1=-4.0
cey1=0.0
cez1=0.0
oriw1=-0.1387239455288126
orii1=0.1702837484061565
orij1=-0.7199852681095569
orik1=0.6583162808793943
lvx1=3.7613519967805895
lvy1=-4.52157344223731
lvz1=1.1755549653944
avx1=0.877797951982723
avy1=-0.4585449099872316
avz1=-6.204645431076393
shx1=1.2100000000000002
shy1=0.9090909090909091
shz1=0.9090909090909091
req1=1.0
rhos1=1.0
cex2=4.0
cey2=0.0
cez2=0.0
oriw2=0.1442345917401136
orii2=0.27144859332519444
orij2=0.22397443691235683
orik2=-0.9248499853149853
lvx2=8.0143688912864
lvy2=-9.634184082252833
lvz2=2.50477252666542
avx2=3.8480714064925374
avy2=-4.665216240103572
avz2=1.704852336117669
shx2=4.0
shy2=0.5
shz2=0.5
req2=1.0
rhos2=1.0
rhof=1.0
ndiv=2
tend=100.0
dt=0.05
tprint=1
logevery=100
nbody=2
impulse_scheme=1
energy_projection=0
impulse_pair_metric_correction=0
