cex1=-2.5
cey1=0.0
cez1=0.0
oriw1=-0.8566844058254793
orii1=0.08464305899016329
orij1=-0.05960859408350521
orik1=0.5053456212253365
lvx1=1.5038419959673726
lvy1=5.653126543706249
lvz1=0.6780331471339374
avx1=2.1278598132401476
avy1=3.4754125697428426
avz1=4.782482377346359
shx1=1.0
shy1=0.8
shz1=0.6
req1=1.0
rhos1=4.0
cex2=2.5
cey2=0.0
cez2=0.0
oriw2=-0.9983836497176263
orii2=0.0025534418694085253
orij2=-0.054581563450724034
orik2=-0.015633964385471003
lvx2=1.5429229839438605
lvy2=5.800036771693354
lvz2=0.69565348580107
avx2=2.1864622437266323
avy2=-0.7120916195693294
avz2=-5.847283641696754
shx2=1.0
shy2=0.8
shz2=0.6
req2=1.0
rhos2=4.0
rhof=1.0
ndiv=2
tend=100.0
dt=0.05
tprint=1
logevery=100
nbody=2
impulse_scheme=1
energy_projection=0
impulse_pair_metric_correction=0
