cex1=-4.0
cey1=0.0
cez1=0.0
oriw1=-0.4141045023473355
orii1=0.44723264455177514
orij1=-0.5199834222297948
orik1=-0.598429330321536
lvx1=-0.6918422237513241
lvy1=4.712652587323603
lvz1=3.089508586846562
avx1=0.7160052738862784
avy1=6.105063916055812
avz1=-1.3015178189320917
shx1=1.1
shy1=1.0
shz1=0.9090909090909091
req1=1.0
rhos1=1.0
cex2=4.0
cey2=0.0
cez2=0.0
oriw2=0.7977876217811547
orii2=0.24827548510903888
orij2=0.06736345305380313
orik2=0.5453039145461076
lvx2=-0.878412397467375
lvy2=5.983520975657757
lvz2=3.9226611958616187
avx2=-4.192339038799898
avy2=-1.4512900246185085
avz2=-4.4493222239521595
shx2=2.0
shy2=1.0
shz2=0.5
req2=1.0
rhos2=1.0
rhof=1.0
ndiv=2
tend=100.0
dt=0.05
tprint=1
logevery=100
nbody=2
impulse_scheme=1
energy_projection=0
impulse_pair_metric_correction=0
