cex1=-4.0
cey1=0.0
cez1=0.0
oriw1=0.12318421710102147
orii1=-0.12032294056065759
orij1=0.8037265300249321
orik1=0.5695363935396285
lvx1=-1.249556593210745
lvy1=-0.7627606662891182
lvz1=2.5490980469954096
avx1=6.029731240012442
avy1=-0.34962379540746036
avz1=-1.7316240871679804
shx1=1.0
shy1=0.7
shz1=0.7
req1=1.0
rhos1=0.3
cex2=4.0
cey2=0.0
cez2=0.0
oriw2=-0.6774885781305494
orii2=-0.45669250636388947
orij2=0.18544838589179988
orik2=0.545939627892903
lvx2=-1.4532674545899624
lvy2=-0.8871108823579119
lvz2=2.9646686275636926
avx2=2.916581483184212
avy2=-4.237042920896477
avz2=-3.608245743125801
shx2=1.0
shy2=0.7
shz2=0.7
req2=1.0
rhos2=0.3
rhof=1.0
ndiv=2
tend=100.0
dt=0.05
tprint=1
logevery=100
nbody=2
impulse_scheme=1
energy_projection=0
impulse_pair_metric_correction=0
