cex1=-5.5
cey1=0.0
cez1=0.0
oriw1=0.004582314130039168
orii1=0.5188452017715894
orij1=-0.21960241915454895
orik1=-0.8261679226993034
lvx1=6.439977201833401
lvy1=0.5299064987587214
lvz1=7.050345164365326
avx1=-1.9686443881891966
avy1=3.6058976445848523
avz1=-4.7539834932386995
shx1=1.0
shy1=0.7
shz1=0.7
req1=1.0
rhos1=4.0
cex2=5.5
cey2=0.0
cez2=0.0
oriw2=-0.9121062468276728
orii2=-0.3211721307126734
orij2=-0.08008517676815549
orik2=-0.24186157490066715
lvx2=6.032362016517887
lvy2=0.496366327897567
lvz2=6.604097039466225
avx2=-4.1879651376862
avy2=-4.611498601228868
avz2=-0.8206377158933368
shx2=1.0
shy2=0.7
shz2=0.7
req2=1.0
rhos2=4.0
rhof=1.0
ndiv=2
tend=100.0
dt=0.05
tprint=1
logevery=100
nbody=2
impulse_scheme=1
energy_projection=0
impulse_pair_metric_correction=0
