cex1=-4.0
cey1=0.0
cez1=0.0
oriw1=0.004668525169094941
orii1=-0.1363066013700642
orij1=-0.965905334494604
orik1=-0.22005817433250496
lvx1=-2.724563901135919
lvy1=-1.8135628740300656
lvz1=7.4502809746702034
avx1=0.8823608460808319
avy1=6.210219766294949
avz1=-0.36472920911335655
shx1=2.0
shy1=1.0
shz1=0.5
req1=1.0
rhos1=1.0
cex2=4.0
cey2=0.0
cez2=0.0
oriw2=-0.3597189005687265
orii2=-0.846853753792595
orij2=0.21850702480701678
orik2=-0.3251087700616569
lvx2=-2.8573549112354035
lvy2=-1.9019531099210176
lvz2=7.81339609035494
avx2=-1.3101933222931386
avy2=-3.440379925807316
avz2=5.091718475002123
shx2=2.0
shy2=1.0
shz2=0.5
req2=1.0
rhos2=1.0
rhof=1.0
ndiv=2
tend=100.0
dt=0.05
tprint=1
logevery=100
nbody=2
impulse_scheme=1
energy_projection=0
impulse_pair_metric_correction=0
