cex1=-4.0
cey1=0.0
cez1=0.0
oriw1=1.0
orii1=2.0
orij1=0.0
orik1=0.0
lvx1=-0.8509051585355324
lvy1=2.2902857539184436
lvz1=2.0056418130515614
avx1=-4.899970520023088
avy1=-3.3323092804983423
avz1=-2.0891197587421155
shx1=1.0
shy1=0.7
shz1=0.7
req1=1.0
rhos1=10.0
cex2=4.0
cey2=0.0
cez2=0.0
oriw2=1.0
orii2=0.0
orij2=1.0
orik2=0.0
lvx2=-0.8077198728843901
lvy2=2.1740487755506837
lvz2=1.9038511331600727
avx2=5.74845867194811
avy2=1.4258605116851384
avz2=2.097751725652728
shx2=1.0
shy2=0.7
shz2=0.7
req2=1.0
rhos2=10.0
rhof=1.0
ndiv=2
tend=100.0
dt=0.05
tprint=1
logevery=100
nbody=2
impulse_scheme=1
energy_projection=0
impulse_pair_metric_correction=0
