cex1=-4.0
cey1=0.0
cez1=0.0
oriw1=-0.48998236584025634
orii1=0.39261680978651614
orij1=-0.24891830398730935
orik1=-0.7374340646991602
lvx1=5.336074284624908
lvy1=0.1513519484479938
lvz1=0.9849416129127115
avx1=5.88979841285257
avy1=-1.2591547372561505
avz1=-1.7897546222770826
shx1=1.1
shy1=1.0
shz1=0.9090909090909091
req1=1.0
rhos1=1.0
cex2=4.0
cey2=0.0
cez2=0.0
oriw2=-0.12583093476420773
orii2=0.31634000552874525
orij2=-0.6430857876103019
orik2=0.6859564465270931
lvx2=5.524346776858167
lvy2=0.1566920930971732
lvz2=1.0196932678328148
avx2=-4.009441545219535
avy2=-0.4130747311092236
avz2=4.819975660347681
shx2=1.0
shy2=1.0
shz2=1.0
req2=1.0
rhos2=1.0
rhof=1.0
ndiv=2
tend=100.0
dt=0.05
tprint=1
logevery=100
nbody=2
impulse_scheme=1
energy_projection=0
impulse_pair_metric_correction=0
