cex1=-4.0
cey1=0.0
cez1=0.0
oriw1=-0.32692955121857725
orii1=-0.39505573294027196
orij1=0.5375474383253968
orik1=-0.6693958380217553
lvx1=0.15231906159586647
lvy1=-3.050905679361581
lvz1=4.460418230601446
avx1=5.995992230213719
avy1=1.501765850602139
avz1=-1.1274724429179526
shx1=1.1
shy1=1.0
shz1=0.9090909090909091
req1=1.0
rhos1=1.0
cex2=4.0
cey2=0.0
cez2=0.0
oriw2=0.6892129346155709
orii2=0.3756225556765789
orij2=-0.10936560926416736
orik2=0.6098625992269615
lvx2=0.16125272384447584
lvy2=-3.2298442876107285
lvz2=4.722026131426476
avx2=-2.7528595450310043
avy2=-3.7588052866205506
avz2=-4.215633374353435
shx2=1.1
shy2=1.0
shz2=0.9090909090909091
req2=1.0
rhos2=1.0
rhof=1.0
ndiv=2
tend=100.0
dt=0.05
tprint=1
logevery=100
nbody=2
impulse_scheme=1
energy_projection=0
impulse_pair_metric_correction=0
