cex1=-4.0
cey1=0.0
cez1=0.0
oriw1=-0.5914537332257803
orii1=-0.035371873007188095
orij1=-0.46316284056570856
orik1=0.6590990025575482
lvx1=-3.3129062364264734
lvy1=4.652416000711908
lvz1=3.066118039745764
avx1=-0.2993777335275535
avy1=-1.5998429334280688
avz1=6.068714292614673
shx1=1.3
shy1=1.0
shz1=0.7692307692307692
req1=1.0
rhos1=1.0
cex2=4.0
cey2=0.0
cez2=0.0
oriw2=-0.5948718625625542
orii2=-0.49199567031027136
orij2=-0.5271872403101241
orik2=0.35516382301903965
lvx2=-2.872094571708293
lvy2=4.033370638158124
lvz2=2.658143741390528
avx2=0.3965479466329426
avy2=-4.806582924944408
avz2=4.027148856947244
shx2=1.0
shy2=1.0
shz2=1.0
req2=1.0
rhos2=1.0
rhof=1.0
ndiv=2
tend=100.0
dt=0.05
tprint=1
logevery=100
nbody=2
impulse_scheme=1
energy_projection=0
impulse_pair_metric_correction=0
