cex1=-4.0
cey1=0.0
cez1=0.0
oriw1=-0.9269097968731373
orii1=0.23720295992516743
orij1=0.21025855236933372
orik1=0.20090874898543049
lvx1=-2.876767426303975
lvy1=3.200845289268395
lvz1=3.607923511109001
avx1=3.879122808626587
avy1=-3.672298720818805
avz1=3.3083297817815835
shx1=1.03
shy1=1.03
shz1=0.9425959091337544
req1=1.0
rhos1=1.0
cex2=4.0
cey2=0.0
cez2=0.0
oriw2=0.41820641895203015
orii2=0.13594837345274513
orij2=0.7056924421873481
orik2=0.5555354245613221
lvx2=-4.772032884438485
lvy2=5.309618997602905
lvz2=5.984887579762126
avx2=4.783536133444725
avy2=-1.492459775583031
avz2=-3.7906151852506427
shx2=2.0
shy2=2.0
shz2=0.25
req2=1.0
rhos2=1.0
rhof=1.0
ndiv=2
tend=100.0
dt=0.05
tprint=1
logevery=100
nbody=2
impulse_scheme=1
energy_projection=0
impulse_pair_metric_correction=0
