cex1=-5.5
cey1=0.0
cez1=0.0
oriw1=1.0
orii1=1.0
orij1=1.0
orik1=0.0
lvx1=-0.029305250005233777
lvy1=-1.0706640233868712
lvz1=0.7160584837917261
avx1=2.019334094253483
avy1=2.370980670635233
avz1=-5.457028319480942
shx1=1.0
shy1=0.7
shz1=0.7
req1=1.0
rhos1=4.0
cex2=5.5
cey2=0.0
cez2=0.0
oriw2=1.0
orii2=-1.0
orij2=0.0
orik2=1.0
lvx2=-0.028446568816924422
lvy2=-1.0392922024429203
lvz2=0.6950770572674186
avx2=3.2407368066022566
avy2=-2.0370293524513734
avz2=4.982625208857513
shx2=1.0
shy2=0.7
shz2=0.7
req2=1.0
rhos2=4.0
rhof=1.0
ndiv=2
tend=100.0
dt=0.05
tprint=1
logevery=100
nbody=2
impulse_scheme=1
energy_projection=0
impulse_pair_metric_correction=0
