cex1=-4.0
cey1=0.0
cez1=0.0
oriw1=-0.816314736069382
orii1=0.2999579436298114
orij1=0.4851091957137657
orik1=-0.09123898269541099
lvx1=3.7306908633236575
lvy1=-3.7076260138110566
lvz1=2.0838465885804225
avx1=2.536909441845129
avy1=1.5713507333017889
avz1=5.529318670612718
shx1=1.01
shy1=1.01
shz1=0.9802960494069208
req1=1.0
rhos1=1.0
cex2=4.0
cey2=0.0
cez2=0.0
oriw2=0.42480249031455986
orii2=-0.08515753034411817
orij2=0.8385294353093755
orik2=-0.33039283492227633
lvx2=3.697714743760135
lvy2=-3.674853767809592
lvz2=2.065427165268611
avx2=-5.720713008506971
avy2=-0.0004306405797478139
avz2=2.5984341617992266
shx2=1.01
shy2=1.01
shz2=0.9802960494069208
req2=1.0
rhos2=1.0
rhof=1.0
ndiv=2
tend=100.0
dt=0.05
tprint=1
logevery=100
nbody=2
impulse_scheme=1
energy_projection=0
impulse_pair_metric_correction=0
