cex1=-4.0
cey1=0.0
cez1=0.0
oriw1=-0.8009824047001024
orii1=-0.577883360076375
orij1=-0.13486734315923826
orik1=0.07930201294323097
lvx1=-0.14139504179489248
lvy1=-4.392149411972183
lvz1=-3.4996942603268546
avx1=-2.4136906623907786
avy1=-5.6156984000521435
avz1=-1.4548011789577306
shx1=1.01
shy1=1.0
shz1=0.9900990099009901
req1=1.0
rhos1=1.0
cex2=4.0
cey2=0.0
cez2=0.0
oriw2=0.7737092264457979
orii2=-0.4098906710450838
orij2=0.03735775363465
orik2=0.4816306353900558
lvx2=-0.14144858355090018
lvy2=-4.393812577732311
lvz2=-3.5010194820164506
avx2=0.08106614670575389
avy2=-3.7759583941515484
avz2=5.0213528147155895
shx2=1.0
shy2=1.0
shz2=1.0
req2=1.0
rhos2=1.0
rhof=1.0
ndiv=2
tend=100.0
dt=0.05
tprint=1
logevery=100
nbody=2
impulse_scheme=1
energy_projection=0
impulse_pair_metric_correction=0
