cex1=-4.0
cey1=0.0
cez1=0.0
oriw1=-0.4828207166920118
orii1=0.667493069898899
orij1=-0.29549986726556093
orik1=0.48375302129908343
lvx1=4.914752688077957
lvy1=2.700305450442806
lvz1=-0.39195904069295917
avx1=-1.883950425109514
avy1=-5.033656483940984
avz1=-3.254450921701847
shx1=1.003
shy1=1.0
shz1=0.9970089730807579
req1=1.0
rhos1=1.0
cex2=4.0
cey2=0.0
cez2=0.0
oriw2=0.02301779729083673
orii2=-0.5038935965047591
orij2=0.7694617713555001
orik2=-0.3917780070803274
lvx2=4.913403957449197
lvy2=2.6995644193270683
lvz2=-0.3918514773633364
avx2=6.045843791972792
avy2=1.0029094485526402
avz2=1.3857716570291518
shx2=1.0
shy2=1.0
shz2=1.0
req2=1.0
rhos2=1.0
rhof=1.0
ndiv=2
tend=100.0
dt=0.05
tprint=1
logevery=100
nbody=2
impulse_scheme=1
energy_projection=0
impulse_pair_metric_correction=0
