cex1=-4.0
cey1=0.0
cez1=0.0
oriw1=-0.8782984014200302
orii1=-0.0526640228136718
orij1=-0.02503783668981257
orik1=-0.47454349168226373
lvx1=-3.4625656158584004
lvy1=-2.23974376699174
lvz1=-3.822016224326264
avx1=0.5908028002619666
avy1=1.8381572602094045
avz1=-5.979176159162691
shx1=1.0020009999999997
shy1=0.9990009990009991
shz1=0.9990009990009991
req1=1.0
rhos1=1.0
cex2=4.0
cey2=0.0
cez2=0.0
oriw2=-0.18948825152869667
orii2=0.6209921365620167
orij2=-0.19009766000742875
orik2=0.7364277619158847
lvx2=-3.4608737274932686
lvy2=-2.2386493772124116
lvz2=-3.8201487002130263
avx2=-5.6621825389981
avy2=0.6369196749740059
avz2=-2.64810117387034
shx2=1.0
shy2=1.0
shz2=1.0
req2=1.0
rhos2=1.0
rhof=1.0
ndiv=2
tend=100.0
dt=0.05
tprint=1
logevery=100
nbody=2
impulse_scheme=1
energy_projection=0
impulse_pair_metric_correction=0
