cex1=-1.5
cey1=0.0
cez1=0.0
oriw1=0.03157650198807707
orii1=-0.748108377684537
orij1=0.5636066237376417
orik1=-0.3488328445537543
lvx1=2.2043666375685644
lvy1=2.860293000393638
lvz1=8.898064733944851
avx1=-0.9633411951815564
avy1=5.215990569576833
avz1=3.3680608254764555
shx1=1.0
shy1=0.8
shz1=0.6
req1=1.0
rhos1=1.0
cex2=1.5
cey2=0.0
cez2=0.0
oriw2=0.5362292202294674
orii2=-0.4462834925522527
orij2=-0.7134344974907277
orik2=-0.06557808656566277
lvx2=2.209895796907397
lvy2=2.8674674039095467
lvz2=8.920383533768229
avx2=-0.3812712375414644
avy2=-5.2897414334863955
avz2=3.3692262338166503
shx2=1.0
shy2=0.8
shz2=0.6
req2=1.0
rhos2=1.0
rhof=1.0
ndiv=2
tend=100.0
dt=0.05
tprint=1
logevery=100
nbody=2
impulse_scheme=1
energy_projection=0
impulse_pair_metric_correction=0
