cex1=-5.5
cey1=0.0
cez1=0.0
oriw1=1.0
orii1=1.0
orij1=1.0
orik1=0.0
lvx1=0.8741031391325728
lvy1=0.6685869652689213
lvz1=-0.21072738750748182
avx1=-5.584545307946281
avy1=1.0502800226782047
avz1=-2.6810787347289318
shx1=1.0
shy1=0.7
shz1=0.7
req1=1.0
rhos1=0.3
cex2=5.5
cey2=0.0
cez2=0.0
oriw2=1.0
orii2=-1.0
orij2=0.0
orik2=1.0
lvx2=1.0233035070745033
lvy2=0.7827078472946893
lvz2=-0.24669637371059577
avx2=-0.08784896688793102
avy2=-4.537950776293072
avz2=-4.344847858707513
shx2=1.0
shy2=0.7
shz2=0.7
req2=1.0
rhos2=0.3
rhof=1.0
ndiv=2
tend=100.0
dt=0.05
tprint=1
logevery=100
nbody=2
impulse_scheme=1
energy_projection=0
impulse_pair_metric_correction=0
