cex1=-5.5
cey1=0.0
cez1=0.0
oriw1=0.6457896528310626
orii1=0.19321213541222806
orij1=0.5827931919281145
orik1=-0.4538467698111581
lvx1=1.4775920891946652
lvy1=-0.01259183111157131
lvz1=-1.5278834890539987
avx1=2.2849970131508432
avy1=-3.8712473395858344
avz1=-4.389834881860451
shx1=1.0
shy1=0.7
shz1=0.7
req1=1.0
rhos1=10.0
cex2=5.5
cey2=0.0
cez2=0.0
oriw2=-0.6725962891507865
orii2=0.27209168180738513
orij2=-0.675711309482102
orik2=-0.13036324155912601
lvx2=1.2403856362951966
lvy2=-0.01057039121937959
lvz2=-1.2826034652013427
avx2=6.143203889219163
avy2=-0.9328884586611504
avz2=-0.9322996854750147
shx2=1.0
shy2=0.7
shz2=0.7
req2=1.0
rhos2=10.0
rhof=1.0
ndiv=2
tend=100.0
dt=0.05
tprint=1
logevery=100
nbody=2
impulse_scheme=1
energy_projection=0
impulse_pair_metric_correction=0
