cex1=-1.5
cey1=0.0
cez1=0.0
oriw1=-0.3091163242390046
orii1=0.4565349986915972
orij1=-0.7519599606825934
orik1=0.36135731705455004
lvx1=-3.13252319363939
lvy1=2.296469605695781
lvz1=9.053548156498927
avx1=-2.6926491705845246
avy1=1.4713253304543013
avz1=5.482997339090312
shx1=1.0
shy1=0.8
shz1=0.6
req1=1.0
rhos1=0.1
cex2=1.5
cey2=0.0
cez2=0.0
oriw2=-0.5546479695985445
orii2=-0.7728091600070278
orij2=-0.07631226584228795
orik2=-0.29884455844378377
lvx2=-3.0092423173742406
lvy2=2.206091732075782
lvz2=8.697244537643614
avx2=0.12213254527850469
avy2=-5.924464009176862
avz2=2.0890733471348595
shx2=1.0
shy2=0.8
shz2=0.6
req2=1.0
rhos2=0.1
rhof=1.0
ndiv=2
tend=100.0
dt=0.05
tprint=1
logevery=100
nbody=2
impulse_scheme=1
energy_projection=0
impulse_pair_metric_correction=0
