cex1=-5.5
cey1=0.0
cez1=0.0
oriw1=-0.2512119238049638
orii1=-0.6590606804417717
orij1=0.20845236734571304
orik1=0.6775538350432428
lvx1=-0.422823150261765
lvy1=3.2792822464618854
lvz1=0.3338134367281981
avx1=2.8449641256413307
avy1=-5.601746485045474
avz1=0.07094395994000331
shx1=1.0
shy1=0.8
shz1=0.6
req1=1.0
rhos1=0.3
cex2=5.5
cey2=0.0
cez2=0.0
oriw2=0.8125355362331466
orii2=0.47629141921200163
orij2=0.17837530358476392
orik2=0.2848064911731709
lvx2=-0.4213045479636205
lvy2=3.2675044486931055
lvz2=0.3326145197534461
avx2=-3.088561940440937
avy2=-5.419975943204857
avz2=0.7503755856221316
shx2=1.0
shy2=0.8
shz2=0.6
req2=1.0
rhos2=0.3
rhof=1.0
ndiv=2
tend=100.0
dt=0.05
tprint=1
logevery=100
nbody=2
impulse_scheme=1
energy_projection=0
impulse_pair_metric_correction=0
