cex1=-4.0
cey1=0.0
cez1=0.0
oriw1=0.9472195869179197
orii1=0.08686663946677176
orij1=0.24151518272096575
orik1=-0.19209283594672116
lvx1=-0.9477423445733542
lvy1=0.8888624387800321
lvz1=-5.467581009616096
avx1=6.155123749663584
avy1=1.2589504326620815
avz1=0.08895526282741133
shx1=1.0
shy1=1.0
shz1=1.0
req1=1.0
rhos1=1.0
cex2=4.0
cey2=0.0
cez2=0.0
oriw2=0.5847889882808295
orii2=-0.26521816366160084
orij2=-0.7014805186131251
orik2=0.309202598397415
lvx2=-0.947742344573354
lvy2=0.888862438780032
lvz2=-5.4675810096160955
avx2=-4.8758913232107375
avy2=3.8378980491713466
avz2=-0.9872385591955202
shx2=1.0
shy2=1.0
shz2=1.0
req2=1.0
rhos2=1.0
rhof=1.0
ndiv=2
tend=100.0
dt=0.05
tprint=1
logevery=100
nbody=2
impulse_scheme=1
energy_projection=0
impulse_pair_metric_correction=0
