cex1=-4.0
cey1=0.0
cez1=0.0
oriw1=-0.5464264935240262
orii1=0.4204628701363854
orij1=0.7242499265151744
orik1=-0.009544943922037533
lvx1=-2.426550223874813
lvy1=-5.064702380003414
lvz1=-0.2082736096743509
avx1=-6.001528247707132
avy1=0.19853299528648477
avz1=1.8495028916207124
shx1=1.0
shy1=1.0
shz1=1.0
req1=1.0
rhos1=1.0
cex2=4.0
cey2=0.0
cez2=0.0
oriw2=-0.5202171281256379
orii2=0.24048648636936862
orij2=0.764680789695511
orik2=-0.29462464144921524
lvx2=-2.807046015818822
lvy2=-5.8588742558127
lvz2=-0.24093200317239866
avx2=4.929291524673807
avy2=0.9055379531554694
avz2=3.7895255223485975
shx2=2.0
shy2=1.0
shz2=0.5
req2=1.0
rhos2=1.0
rhof=1.0
ndiv=2
tend=100.0
dt=0.05
tprint=1
logevery=100
nbody=2
impulse_scheme=1
energy_projection=0
impulse_pair_metric_correction=0
