cex1=-4.0
cey1=0.0
cez1=0.0
oriw1=0.38435977089679857
orii1=-0.26381254525703246
orij1=0.5382528593736581
orik1=0.7021070907327797
lvx1=0.44465314790343086
lvy1=1.4871580513888292
lvz1=-1.134984869303195
avx1=-5.360448662812242
avy1=1.9078323066222127
avz1=-2.6653674469987156
shx1=1.0
shy1=0.8
shz1=0.6
req1=1.0
rhos1=0.03
cex2=4.0
cey2=0.0
cez2=0.0
oriw2=0.6107964116059738
orii2=0.16834587283562072
orij2=-0.2393082400450675
orik2=-0.7357438256044092
lvx2=0.4845971425069501
lvy2=1.6207521425570686
lvz2=-1.2369426080671828
avx2=0.824947633335121
avy2=-6.11282473247243
avz2=1.1963497802422074
shx2=1.0
shy2=0.8
shz2=0.6
req2=1.0
rhos2=0.03
rhof=1.0
ndiv=2
tend=100.0
dt=0.05
tprint=1
logevery=100
nbody=2
impulse_scheme=1
energy_projection=0
impulse_pair_metric_correction=0
