cex1=-1.5
cey1=0.0
cez1=0.0
oriw1=-0.6344424201901387
orii1=-0.6448255482032909
orij1=-0.2934927277644789
orik1=0.30910329438064915
lvx1=0.07242417855980665
lvy1=-7.2788785020089115
lvz1=-6.318169970824074
avx1=-1.454101392209753
avy1=3.8257505376997467
avz1=4.767351420738898
shx1=1.0
shy1=0.7
shz1=0.7
req1=1.0
rhos1=4.0
cex2=1.5
cey2=0.0
cez2=0.0
oriw2=-0.1536722171947859
orii2=0.5781630940135195
orij2=-0.5134619133187793
orik2=0.6151984638750091
lvx2=0.06571775156582882
lvy2=-6.604859572937501
lvz2=-5.733111962746229
avx2=4.702400151140062
avy2=-0.9068995235984605
avz2=4.067355858172756
shx2=1.0
shy2=0.7
shz2=0.7
req2=1.0
rhos2=4.0
rhof=1.0
ndiv=2
tend=100.0
dt=0.05
tprint=1
logevery=100
nbody=2
impulse_scheme=1
energy_projection=0
impulse_pair_metric_correction=0
