cex1=-5.5
cey1=0.0
cez1=0.0
oriw1=0.09505628099292701
orii1=0.878118694982888
orij1=-0.2177378962734464
orik1=0.4152855276695268
lvx1=0.4279113288364946
lvy1=-0.20711405578536868
lvz1=1.1110123733430872
avx1=-4.173659484063773
avy1=-3.9445047107403366
avz1=2.5494836148501228
shx1=1.0
shy1=0.8
shz1=0.6
req1=1.0
rhos1=1.0
cex2=5.5
cey2=0.0
cez2=0.0
oriw2=0.606553234484064
orii2=-0.33925715312954313
orij2=0.1159418401309304
orik2=-0.7096162677774598
lvx2=0.47650339177578344
lvy2=-0.2306331789216938
lvz2=1.237174920426397
avx2=0.9026069949270477
avy2=-3.362445005009229
avz2=-5.230457131585602
shx2=1.0
shy2=0.8
shz2=0.6
req2=1.0
rhos2=1.0
rhof=1.0
ndiv=2
tend=100.0
dt=0.05
tprint=1
logevery=100
nbody=2
impulse_scheme=1
energy_projection=0
impulse_pair_metric_correction=0
