cex1=-4.0
cey1=0.0
cez1=0.0
oriw1=-0.690235296721757
orii1=0.19830738676084214
orij1=-0.695211513566038
orik1=-0.030501916673094775
lvx1=0.4947345804973882
lvy1=-0.4476259393017918
lvz1=-0.20272788117327697
avx1=5.020301019728318
avy1=3.7331092622588335
avz1=0.5821430337207097
shx1=1.0
shy1=0.8
shz1=0.6
req1=1.0
rhos1=0.1
cex2=4.0
cey2=0.0
cez2=0.0
oriw2=-0.5882776079335723
orii2=0.6497452380600485
orij2=-0.3425455855313462
orik2=0.3382648421802544
lvx2=0.5522739996700986
lvy2=-0.49968645330137873
lvz2=-0.22630586620334545
avx2=-2.625353515390628
avy2=4.060218189095741
avz2=4.012550906906929
shx2=1.0
shy2=0.8
shz2=0.6
req2=1.0
rhos2=0.1
rhof=1.0
ndiv=2
tend=100.0
dt=0.05
tprint=1
logevery=100
nbody=2
impulse_scheme=1
energy_projection=0
impulse_pair_metric_correction=0
