cex1=-5.5
cey1=0.0
cez1=0.0
oriw1=-0.35958812759072506
orii1=0.05106362298786632
orij1=-0.053728840511076535
orik1=-0.930162403347117
lvx1=0.3225153257585698
lvy1=0.6159290167691305
lvz1=-0.1892487909610304
avx1=4.519649232357522
avy1=-2.061626988824909
avz1=3.8471915184659364
shx1=1.0
shy1=0.7
shz1=0.7
req1=1.0
rhos1=0.1
cex2=5.5
cey2=0.0
cez2=0.0
oriw2=0.11961629977581281
orii2=-0.3719823051289317
orij2=0.3676656438671074
orik2=0.8438857030538522
lvx2=0.3465899607985326
lvy2=0.6619059521422426
lvz2=-0.2033755477699507
avx2=2.393475740090377
avy2=-5.791924871324026
avz2=-0.45088554079103055
shx2=1.0
shy2=0.7
shz2=0.7
req2=1.0
rhos2=0.1
rhof=1.0
ndiv=2
tend=100.0
dt=0.05
tprint=1
logevery=100
nbody=2
impulse_scheme=1
energy_projection=0
impulse_pair_metric_correction=0
