cex1=-5.5
cey1=0.0
cez1=0.0
oriw1=0.6053783987002563
orii1=0.20140191388787682
orij1=-0.7466765831636469
orik1=0.18822418448349054
lvx1=0.3974360801308767
lvy1=0.2159584393959313
lvz1=-0.5956889889603726
avx1=-3.6154359306513113
avy1=5.124872320368988
avz1=-0.3777887447088686
shx1=1.0
shy1=0.7
shz1=0.7
req1=1.0
rhos1=1.0
cex2=5.5
cey2=0.0
cez2=0.0
oriw2=0.07712660363277934
orii2=0.6759066160713646
orij2=0.47582321138820133
orik2=-0.5574890177099888
lvx2=0.38004980922540627
lvy2=0.20651110403970532
lvz2=-0.5696299302708335
avx2=4.6715385919215775
avy2=4.200407731312177
avz2=0.10825746753779318
shx2=1.0
shy2=0.7
shz2=0.7
req2=1.0
rhos2=1.0
rhof=1.0
ndiv=2
tend=100.0
dt=0.05
tprint=1
logevery=100
nbody=2
impulse_scheme=1
energy_projection=0
impulse_pair_metric_correction=0
