cex1=-4.0
cey1=0.0
cez1=0.0
oriw1=0.7562698485024785
orii1=-0.2717634557592207
orij1=0.11762307266971081
orik1=0.5834083930966201
lvx1=7.732339108544073
lvy1=-1.993604987430695
lvz1=3.1054914022315865
avx1=5.358630454567839
avy1=-2.207700217578568
avz1=2.4268409517393277
shx1=1.0
shy1=0.8
shz1=0.6
req1=1.0
rhos1=4.0
cex2=4.0
cey2=0.0
cez2=0.0
oriw2=-0.05645658023952242
orii2=0.39910237722497266
orij2=0.40019787150684355
orik2=-0.8230258870062509
lvx2=8.639801855562668
lvy2=-2.227573290290665
lvz2=3.469950037471438
avx2=0.42571837434957843
avy2=-5.491400544484581
avz2=3.0235246865426846
shx2=1.0
shy2=0.8
shz2=0.6
req2=1.0
rhos2=4.0
rhof=1.0
ndiv=2
tend=100.0
dt=0.05
tprint=1
logevery=100
nbody=2
impulse_scheme=1
energy_projection=0
impulse_pair_metric_correction=0
