cex1=-2.5
cey1=0.0
cez1=0.0
oriw1=0.44418072232549444
orii1=-0.10685349425500006
orij1=-0.43678178110881516
orik1=-0.7749241849183117
lvx1=1.5507986673312508
lvy1=2.3125323122130648
lvz1=-1.775794251561169
avx1=3.1383317657776844
avy1=5.443178683011404
avz1=0.033123361520043394
shx1=1.0
shy1=0.8
shz1=0.6
req1=1.0
rhos1=10.0
cex2=2.5
cey2=0.0
cez2=0.0
oriw2=0.030968680930140092
orii2=0.7943761442910399
orij2=-0.09456435893968633
orik2=-0.5992203803285353
lvx2=1.7252805753325975
lvy2=2.5727176339118967
lvz2=-1.9755906376152161
avx2=-1.9953435384852356
avy2=0.688367241961512
avz2=-5.91803787652436
shx2=1.0
shy2=0.8
shz2=0.6
req2=1.0
rhos2=10.0
rhof=1.0
ndiv=2
tend=100.0
dt=0.05
tprint=1
logevery=100
nbody=2
impulse_scheme=1
energy_projection=0
impulse_pair_metric_correction=0
