cex1=-5.5
cey1=0.0
cez1=0.0
oriw1=0.028934120045648912
orii1=0.41802696139248025
orij1=0.14567993758933795
orik1=0.8962107073842179
lvx1=-1.6562297574785785
lvy1=-1.2326045142894981
lvz1=0.5354712478734478
avx1=-2.1116127395473847
avy1=-3.422256135268503
avz1=4.827802003723405
shx1=1.0
shy1=0.7
shz1=0.7
req1=1.0
rhos1=0.3
cex2=5.5
cey2=0.0
cez2=0.0
oriw2=0.40211998673668514
orii2=-0.2944365763632148
orij2=-0.726841655533134
orik2=0.4725545752061343
lvx2=-1.6452620361281027
lvy2=-1.2244420822434476
lvz2=0.5319253029878732
avx2=-2.433631689589963
avy2=-4.869060939430157
avz2=3.13816825104972
shx2=1.0
shy2=0.7
shz2=0.7
req2=1.0
rhos2=0.3
rhof=1.0
ndiv=2
tend=100.0
dt=0.05
tprint=1
logevery=100
nbody=2
impulse_scheme=1
energy_projection=0
impulse_pair_metric_correction=0
