cex1=-4.0
cey1=0.0
cez1=0.0
oriw1=1.0
orii1=2.0
orij1=0.0
orik1=0.0
lvx1=0.6794180363173645
lvy1=-0.22632215657401383
lvz1=0.2395144414969158
avx1=-1.9602109503506018
avy1=-5.931664881639211
avz1=-0.6718201890469722
shx1=1.0
shy1=0.8
shz1=0.6
req1=1.0
rhos1=10.0
cex2=4.0
cey2=0.0
cez2=0.0
oriw2=1.0
orii2=0.0
orij2=1.0
orik2=0.0
lvx2=0.6725054839725686
lvy2=-0.2240195039058792
lvz2=0.23707756754644474
avx2=2.8022365867988466
avy2=5.459838293820775
avz2=1.3476103002320903
shx2=1.0
shy2=0.8
shz2=0.6
req2=1.0
rhos2=10.0
rhof=1.0
ndiv=2
tend=100.0
dt=0.05
tprint=1
logevery=100
nbody=2
impulse_scheme=1
energy_projection=0
impulse_pair_metric_correction=0
