cex1=-4.0
cey1=0.0
cez1=0.0
oriw1=-0.26412447214484397
orii1=-0.22548442480631015
orij1=-0.7407973758311417
orik1=-0.574990682833791
lvx1=2.3145904169824303
lvy1=4.018286518493292
lvz1=2.5485374263465848
avx1=4.485039570645489
avy1=-4.08291795118004
avz1=1.6409200644861883
shx1=1.0
shy1=0.8
shz1=0.6
req1=1.0
rhos1=0.3
cex2=4.0
cey2=0.0
cez2=0.0
oriw2=-0.8500030335746003
orii2=-0.139308617036428
orij2=0.49706177401677437
orik2=0.10496449373322275
lvx2=2.409929405323787
lvy2=4.183801491997034
lvz2=2.6535127939948873
avx2=4.399807639419213
avy2=-2.0560075718082746
avz2=3.9865954403642228
shx2=1.0
shy2=0.8
shz2=0.6
req2=1.0
rhos2=0.3
rhof=1.0
ndiv=2
tend=100.0
dt=0.05
tprint=1
logevery=100
nbody=2
impulse_scheme=1
energy_projection=0
impulse_pair_metric_correction=0
