cex1=-1.5
cey1=0.0
cez1=0.0
oriw1=1.0
orii1=2.0
orij1=0.0
orik1=0.0
lvx1=-0.972778679345405
lvy1=-1.4889044592229734
lvz1=0.9239139643714975
avx1=-3.90293586527105
avy1=-4.530194766260618
avz1=-1.9294674435406394
shx1=1.0
shy1=0.8
shz1=0.6
req1=1.0
rhos1=1.0
cex2=1.5
cey2=0.0
cez2=0.0
oriw2=1.0
orii2=0.0
orij2=1.0
orik2=0.0
lvx2=-1.001712103685567
lvy2=-1.533189048755349
lvz2=0.9513940020743696
avx2=2.0623484540322234
avy2=-5.916108322647441
avz2=0.47412948991811144
shx2=1.0
shy2=0.8
shz2=0.6
req2=1.0
rhos2=1.0
rhof=1.0
ndiv=2
tend=100.0
dt=0.05
tprint=1
logevery=100
nbody=2
impulse_scheme=1
energy_projection=1
