cex1=-2.5
cey1=0.0
cez1=0.0
oriw1=-0.7677208211750934
orii1=0.09002012928518352
orij1=0.6303665731166074
orik1=0.07168752021756701
lvx1=0.14731057379504653
lvy1=-0.09634322543756003
lvz1=-1.120500798504546
avx1=5.443636206784573
avy1=2.9286214494725837
avz1=1.1262410302553376
shx1=1.0
shy1=0.8
shz1=0.6
req1=1.0
rhos1=0.03
cex2=2.5
cey2=0.0
cez2=0.0
oriw2=0.1265665993764384
orii2=-0.7662848310647501
orij2=0.6077870413980173
orik2=0.16547920084106113
lvx2=0.1783248790105683
lvy2=-0.11662702531824981
lvz2=-1.3564075149321513
avx2=-0.885206535288764
avy2=1.5551873097173792
avz2=6.022974300620377
shx2=1.0
shy2=0.8
shz2=0.6
req2=1.0
rhos2=0.03
rhof=1.0
ndiv=2
tend=100.0
dt=0.05
tprint=1
logevery=100
nbody=2
impulse_scheme=1
energy_projection=0
impulse_pair_metric_correction=0
