cex1=-4.0
cey1=0.0
cez1=0.0
oriw1=-0.40979109006113884
orii1=-0.5358588573823475
orij1=0.05276258547303067
orik1=0.736303372969043
lvx1=4.321186318519302
lvy1=3.58510451524804
lvz1=0.24524518157771538
avx1=0.715856913416729
avy1=4.358540829246778
avz1=4.468678588090635
shx1=1.00020001
shy1=0.9999000099990001
shz1=0.9999000099990001
req1=1.0
rhos1=1.0
cex2=4.0
cey2=0.0
cez2=0.0
oriw2=0.7041084345203346
orii2=-0.04883767294600829
orij2=0.26244468099947643
orik2=-0.6580037868839552
lvx2=11.199159100588503
lvy2=9.291466023214403
lvz2=0.6355985612957047
avx2=-2.6563258870985464
avy2=0.061631629094662514
avz2=5.693729175872583
shx2=4.0
shy2=0.5
shz2=0.5
req2=1.0
rhos2=1.0
rhof=1.0
ndiv=2
tend=100.0
dt=0.05
tprint=1
logevery=100
nbody=2
impulse_scheme=1
energy_projection=0
impulse_pair_metric_correction=0
