cex1=-2.5
cey1=0.0
cez1=0.0
oriw1=-0.048893519266431595
orii1=-0.5590063296712795
orij1=-0.35830039602126884
orik1=-0.7461515753331824
lvx1=0.6704256519673835
lvy1=0.08136814697185021
lvz1=0.41698988818307103
avx1=-0.421511182488871
avy1=6.193099998606265
avz1=-0.9727581069604857
shx1=1.0
shy1=0.7
shz1=0.7
req1=1.0
rhos1=0.3
cex2=2.5
cey2=0.0
cez2=0.0
oriw2=0.46543958617432674
orii2=-0.03664977817582324
orij2=-0.13683765440823342
orik2=-0.8736694121448841
lvx2=0.5827421391598874
lvy2=0.07072618400967591
lvz2=0.36245268768395367
avx2=5.322702428231706
avy2=0.24509408324690135
avz2=3.3297425358743724
shx2=1.0
shy2=0.7
shz2=0.7
req2=1.0
rhos2=0.3
rhof=1.0
ndiv=2
tend=100.0
dt=0.05
tprint=1
logevery=100
nbody=2
impulse_scheme=1
energy_projection=0
impulse_pair_metric_correction=0
