cex1=-2.5
cey1=0.0
cez1=0.0
oriw1=-0.4937518708942084
orii1=0.7232954060009372
orij1=0.4394504706496627
orik1=0.19984025993827761
lvx1=2.2066988853765563
lvy1=1.5632892603455506
lvz1=-1.8830754251684825
avx1=4.010268530166051
avy1=-4.678961796364518
avz1=-1.2261649271115942
shx1=1.0
shy1=0.7
shz1=0.7
req1=1.0
rhos1=10.0
cex2=2.5
cey2=0.0
cez2=0.0
oriw2=0.8477917005788321
orii2=0.06750378461687251
orij2=0.3884338329843339
orik2=-0.35469934999256664
lvx2=2.3666446910620262
lvy2=1.676599491262146
lvz2=-2.0195643761717297
avx2=-1.0826667658061033
avy2=2.166260148693836
avz2=5.797720866578292
shx2=1.0
shy2=0.7
shz2=0.7
req2=1.0
rhos2=10.0
rhof=1.0
ndiv=2
tend=100.0
dt=0.05
tprint=1
logevery=100
nbody=2
impulse_scheme=1
energy_projection=0
impulse_pair_metric_correction=0
