cex1=-5.5
cey1=0.0
cez1=0.0
oriw1=-0.2954287003926679
orii1=-0.4288482211324805
orij1=-0.35737283396828085
orik1=-0.7753036461653499
lvx1=0.7732599659807502
lvy1=0.07482991636543602
lvz1=-0.13666360131278804
avx1=-1.263742553789697
avy1=5.85409344900534
avz1=1.9002532074466525
shx1=1.0
shy1=0.7
shz1=0.7
req1=1.0
rhos1=0.1
cex2=5.5
cey2=0.0
cez2=0.0
oriw2=-0.1837359200959082
orii2=0.16342026090818734
orij2=0.9525722772911672
orik2=0.17927907442735674
lvx2=0.7649047738143355
lvy2=0.0740213676773671
lvz2=-0.13518693020428912
avx2=2.0104134226551413
avy2=-5.858184490524381
avz2=1.057511205304734
shx2=1.0
shy2=0.7
shz2=0.7
req2=1.0
rhos2=0.1
rhof=1.0
ndiv=2
tend=100.0
dt=0.05
tprint=1
logevery=100
nbody=2
impulse_scheme=1
energy_projection=0
impulse_pair_metric_correction=0
