cex1=-1.5
cey1=0.0
cez1=0.0
oriw1=1.0
orii1=2.0
orij1=0.0
orik1=0.0
lvx1=-2.0104590280858305
lvy1=-0.33965007303995876
lvz1=-0.44824303828791967
avx1=-3.018631840669274
avy1=4.473071584670715
avz1=3.218370707868575
shx1=1.0
shy1=0.7
shz1=0.7
req1=1.0
rhos1=0.03
cex2=1.5
cey2=0.0
cez2=0.0
oriw2=1.0
orii2=0.0
orij2=1.0
orik2=0.0
lvx2=-1.8646212762020775
lvy2=-0.31501201656264693
lvz2=-0.41572769920951375
avx2=-4.895350269310102
avy2=-2.8533071852801455
avz2=-2.7152534783241964
shx2=1.0
shy2=0.7
shz2=0.7
req2=1.0
rhos2=0.03
rhof=1.0
ndiv=2
tend=100.0
dt=0.05
tprint=1
logevery=100
nbody=2
impulse_scheme=1
energy_projection=1
