cex1=-4.0
cey1=0.0
cez1=0.0
oriw1=0.26242613434100587
orii1=-0.32369677514678286
orij1=-0.8923785613776145
orik1=-0.17324383096672902
lvx1=-4.127035834766533
lvy1=-3.478322603203071
lvz1=1.5650462259437843
avx1=-2.240705169187153
avy1=5.524430675976641
avz1=1.9845210141149123
shx1=1.0001
shy1=1.0001
shz1=0.9998000299960006
req1=1.0
rhos1=1.0
cex2=4.0
cey2=0.0
cez2=0.0
oriw2=0.8519961013033819
orii2=-0.12486772501885589
orij2=0.19349806429632407
orik2=0.4701799588732259
lvx2=-4.127104877070807
lvy2=-3.4783807930073642
lvz2=1.565072408027503
avx2=-0.17706619764142234
avy2=5.5772201652031335
avz2=-2.888196737561652
shx2=1.0001
shy2=1.0001
shz2=0.9998000299960006
req2=1.0
rhos2=1.0
rhof=1.0
ndiv=2
tend=100.0
dt=0.05
tprint=1
logevery=100
nbody=2
impulse_scheme=1
energy_projection=0
impulse_pair_metric_correction=0
