cex1=-4.0
cey1=0.0
cez1=0.0
oriw1=-0.5329170877167351
orii1=-0.24485469349472408
orij1=-0.12666332014350618
orik1=-0.8000012250136509
lvx1=0.5921023141140407
lvy1=4.484968863880077
lvz1=3.3353346468122473
avx1=-4.107785196905296
avy1=1.6823640341073636
avz1=-4.446815673848551
shx1=1.003
shy1=1.0
shz1=0.9970089730807579
req1=1.0
rhos1=1.0
cex2=4.0
cey2=0.0
cez2=0.0
oriw2=0.8900000543332076
orii2=0.27857208203406225
orij2=0.3269922336921912
orik2=0.15288419638107306
lvx2=0.5920343282261485
lvy2=4.484453894451464
lvz2=3.3349516797439285
avx2=1.524541273268644
avy2=-1.4129718237023239
avz2=-5.929393066400741
shx2=1.0
shy2=1.0
shz2=1.0
req2=1.0
rhos2=1.0
rhof=1.0
ndiv=2
tend=100.0
dt=0.05
tprint=1
logevery=100
nbody=2
impulse_scheme=1
energy_projection=0
impulse_pair_metric_correction=0
