cex1=-4.0
cey1=0.0
cez1=0.0
oriw1=0.4386731099918247
orii1=0.5388801084330244
orij1=0.7046992177184036
orik1=0.1434334126080194
lvx1=1.6426636153654466
lvy1=-1.341293148416117
lvz1=-0.18253748569169
avx1=-2.215313755832147
avy1=-5.826662253655246
avz1=-0.787914684091793
shx1=1.0
shy1=0.7
shz1=0.7
req1=1.0
rhos1=0.1
cex2=4.0
cey2=0.0
cez2=0.0
oriw2=0.7472912028680253
orii2=-0.5979357353279562
orij2=0.2552553341284808
orik2=-0.13738059882251824
lvx2=1.6550037977047172
lvy2=-1.351369345311844
lvz2=-0.18390876209674162
avx2=1.8006101309305438
avy2=5.490788777693314
avz2=2.4672777224108517
shx2=1.0
shy2=0.7
shz2=0.7
req2=1.0
rhos2=0.1
rhof=1.0
ndiv=2
tend=100.0
dt=0.05
tprint=1
logevery=100
nbody=2
impulse_scheme=1
energy_projection=0
impulse_pair_metric_correction=0
