cex1=-2.5
cey1=0.0
cez1=0.0
oriw1=0.25875293555406087
orii1=0.13833901971531082
orij1=0.47424655638077534
orik1=-0.830059900083927
lvx1=1.3011951226476455
lvy1=-1.3823462221428142
lvz1=-1.0464681203611463
avx1=-0.8967573287688128
avy1=-3.1271901632031507
avz1=5.375400039143348
shx1=1.0
shy1=0.7
shz1=0.7
req1=1.0
rhos1=0.3
cex2=2.5
cey2=0.0
cez2=0.0
oriw2=0.5387707550694417
orii2=0.73689343791393
orij2=0.12189912852423493
orik2=0.3896854335311043
lvx2=1.1166247642880072
lvy2=-1.1862648403752303
lvz2=-0.8980299709819954
avx2=-5.5670859219021045
avy2=2.1890782120934213
avz2=1.9219543500964575
shx2=1.0
shy2=0.7
shz2=0.7
req2=1.0
rhos2=0.3
rhof=1.0
ndiv=2
tend=100.0
dt=0.05
tprint=1
logevery=100
nbody=2
impulse_scheme=1
energy_projection=0
impulse_pair_metric_correction=0
