cex1=-5.5
cey1=0.0
cez1=0.0
oriw1=-0.16360640209684327
orii1=0.5945213289056136
orij1=0.5518707602433695
orik1=0.5614410019384357
lvx1=1.693287897629664
lvy1=-0.870968988752946
lvz1=-1.1349335781798746
avx1=2.6181812562054447
avy1=0.6227299782569177
avz1=5.677653730916676
shx1=1.0
shy1=0.8
shz1=0.6
req1=1.0
rhos1=1.0
cex2=5.5
cey2=0.0
cez2=0.0
oriw2=0.5533872728227816
orii2=-0.1430952811237567
orij2=0.5746196413983282
orik2=-0.5857461348716986
lvx2=1.5797948746227315
lvy2=-0.8125920856774349
lvz2=-1.0588643858824405
avx2=2.2845756281881715
avy2=-5.657198596329711
avz2=1.501744267553967
shx2=1.0
shy2=0.8
shz2=0.6
req2=1.0
rhos2=1.0
rhof=1.0
ndiv=2
tend=100.0
dt=0.05
tprint=1
logevery=100
nbody=2
impulse_scheme=1
energy_projection=0
impulse_pair_metric_correction=0
