cex1=-4.0
cey1=0.0
cez1=0.0
oriw1=-0.2113700913318293
orii1=-0.3233090463408072
orij1=-0.6576371535008403
orik1=0.6467668199435435
lvx1=-0.4983538352283022
lvy1=-0.9012696919959152
lvz1=0.8003275634076354
avx1=-0.4918634596920059
avy1=-5.081636590857396
avz1=-3.662438736666657
shx1=1.0
shy1=0.8
shz1=0.6
req1=1.0
rhos1=0.1
cex2=4.0
cey2=0.0
cez2=0.0
oriw2=0.4772547254812457
orii2=-0.606461362950973
orij2=0.6314550506997483
orik2=0.07547887915998372
lvx2=-0.46822047362884234
lvy2=-0.846773702183566
lvz2=0.7519351198035268
avx2=2.995783992601606
avy2=5.466881970695171
avz2=-0.7854281587245903
shx2=1.0
shy2=0.8
shz2=0.6
req2=1.0
rhos2=0.1
rhof=1.0
ndiv=2
tend=100.0
dt=0.05
tprint=1
logevery=100
nbody=2
impulse_scheme=1
energy_projection=0
impulse_pair_metric_correction=0
