cex1=-4.0
cey1=0.0
cez1=0.0
oriw1=0.10997728653669846
orii1=0.1338709073169685
orij1=-0.9673104898768417
orik1=-0.18518637313361147
lvx1=6.691847301763402
lvy1=6.935760649499485
lvz1=-3.8458878068353495
avx1=2.3871568928946765
avy1=2.47903223752404
avz1=-5.256833527740765
shx1=2.0
shy1=2.0
shz1=0.25
req1=1.0
rhos1=1.0
cex2=4.0
cey2=0.0
cez2=0.0
oriw2=0.2092654932453848
orii2=-0.930433332066685
orij2=-0.07017481176926262
orik2=0.2925359186650422
lvx2=5.2316584821292915
lvy2=5.422348926343666
lvz2=-3.0066991457868077
avx2=-6.1951091591182985
avy2=-0.2124067316087009
avz2=-1.0266077592407499
shx2=2.0
shy2=2.0
shz2=0.25
req2=1.0
rhos2=1.0
rhof=1.0
ndiv=2
tend=100.0
dt=0.05
tprint=1
logevery=100
nbody=2
impulse_scheme=1
energy_projection=0
impulse_pair_metric_correction=0
