cex1=-4.0
cey1=0.0
cez1=0.0
oriw1=-0.6590957413798079
orii1=-0.49862206551530425
orij1=0.5584668102424529
orik1=0.07129979897498395
lvx1=-4.655031636535575
lvy1=-1.7639830626997188
lvz1=2.608508177363994
avx1=-1.6112274604015184
avy1=4.28622631468096
avz1=-4.302397895888057
shx1=1.00020001
shy1=0.9999000099990001
shz1=0.9999000099990001
req1=1.0
rhos1=1.0
cex2=4.0
cey2=0.0
cez2=0.0
oriw2=0.5827895313656037
orii2=0.5489820428042537
orij2=0.5904804238573346
orik2=-0.10152806434868712
lvx2=-4.654844710175918
lvy2=-1.7639122286091793
lvz2=2.6084034307208346
avx2=-0.6903893498752391
avy2=4.388822560082227
avz2=-4.442973856106917
shx2=1.0
shy2=1.0
shz2=1.0
req2=1.0
rhos2=1.0
rhof=1.0
ndiv=2
tend=100.0
dt=0.05
tprint=1
logevery=100
nbody=2
impulse_scheme=1
energy_projection=0
impulse_pair_metric_correction=0
