cex1=-4.0
cey1=0.0
cez1=0.0
oriw1=-0.31147528625961574
orii1=0.3993238671193165
orij1=0.19926295876602654
orik1=0.8389385367606936
lvx1=3.903048155844633
lvy1=4.095923495140027
lvz1=-1.4147769377696326
avx1=-2.909328227770722
avy1=3.6361479042025464
avz1=-4.218134100075214
shx1=1.2100000000000002
shy1=0.9090909090909091
shz1=0.9090909090909091
req1=1.0
rhos1=1.0
cex2=4.0
cey2=0.0
cez2=0.0
oriw2=0.3381989786400205
orii2=-0.885028438733852
orij2=0.16092417379664356
orik2=-0.2764950700591874
lvx2=4.021750348143651
lvy2=4.220491545276462
lvz2=-1.4578041097187842
avx2=-0.4794823359711409
avy2=1.5210806580756246
avz2=6.07740305767828
shx2=1.2100000000000002
shy2=0.9090909090909091
shz2=0.9090909090909091
req2=1.0
rhos2=1.0
rhof=1.0
ndiv=2
tend=100.0
dt=0.05
tprint=1
logevery=100
nbody=2
impulse_scheme=1
energy_projection=0
impulse_pair_metric_correction=0
