cex1=-4.0
cey1=0.0
cez1=0.0
oriw1=0.4510220987559183
orii1=-0.15723525304027125
orij1=-0.6026555913493945
orik1=-0.6392670645751118
lvx1=5.373863570824166
lvy1=-0.3793441219355151
lvz1=1.6001320079318029
avx1=1.0477966050332088
avy1=4.310500654751297
avz1=-4.449733023927048
shx1=1.0
shy1=1.0
shz1=1.0
req1=1.0
rhos1=1.0
cex2=4.0
cey2=0.0
cez2=0.0
oriw2=-0.7131500714917628
orii2=0.050173824083674066
orij2=-0.6931317188697325
orik2=-0.09202164530589642
lvx2=5.373863570824165
lvy2=-0.37934412193551503
lvz2=1.6001320079318027
avx2=-1.6238990520411252
avy2=-3.872400387145932
avz2=-4.6739581421713
shx2=1.0
shy2=1.0
shz2=1.0
req2=1.0
rhos2=1.0
rhof=1.0
ndiv=2
tend=100.0
dt=0.05
tprint=1
logevery=100
nbody=2
impulse_scheme=1
energy_projection=0
impulse_pair_metric_correction=0
