cex1=-5.5
cey1=0.0
cez1=0.0
oriw1=0.9613799080889834
orii1=-0.20023207483282135
orij1=-0.06362335081821943
orik1=-0.17778598865383904
lvx1=0.9697105147261492
lvy1=-0.4746677090763412
lvz1=-1.432667295658223
avx1=6.0744902412809445
avy1=1.3303312465705606
avz1=0.8995580511217861
shx1=1.0
shy1=0.7
shz1=0.7
req1=1.0
rhos1=10.0
cex2=5.5
cey2=0.0
cez2=0.0
oriw2=-0.021961921607515717
orii2=0.014458885967693635
orij2=-0.7553156153896474
orik2=-0.6548335175939276
lvx2=1.1758725034192727
lvy2=-0.5755828145490536
lvz2=-1.7372546279837986
avx2=0.03604578842050336
avy2=-3.969494065429386
avz2=-4.870342407882166
shx2=1.0
shy2=0.7
shz2=0.7
req2=1.0
rhos2=10.0
rhof=1.0
ndiv=2
tend=100.0
dt=0.05
tprint=1
logevery=100
nbody=2
impulse_scheme=1
energy_projection=0
impulse_pair_metric_correction=0
