cex1=-4.0
cey1=0.0
cez1=0.0
oriw1=0.0949473960631404
orii1=0.6078156828338984
orij1=0.11663726078753904
orik1=-0.7797056092384936
lvx1=-3.9385722889964465
lvy1=1.1332896305103313
lvz1=-4.00731799517215
avx1=1.5421573866761913
avy1=4.9175220590658135
avz1=-3.5941821041342097
shx1=1.1
shy1=1.0
shz1=0.9090909090909091
req1=1.0
rhos1=1.0
cex2=4.0
cey2=0.0
cez2=0.0
oriw2=0.44884908669239487
orii2=0.4764184150819628
orij2=-0.7404019472404108
orik2=-0.15285597034071535
lvx2=-3.375120698121066
lvy2=0.9711613773314816
lvz2=-3.4340316533595407
avx2=-6.04503129409155
avy2=-0.23139176674166534
avz2=-1.6977844704483083
shx2=2.0
shy2=1.0
shz2=0.5
req2=1.0
rhos2=1.0
rhof=1.0
ndiv=2
tend=100.0
dt=0.05
tprint=1
logevery=100
nbody=2
impulse_scheme=1
energy_projection=0
impulse_pair_metric_correction=0
