cex1=-4.0
cey1=0.0
cez1=0.0
oriw1=0.9956625072925509
orii1=-0.072840748842212
orij1=0.007788334166505833
orik1=0.05735624404480697
lvx1=-0.11914014428321246
lvy1=-9.967010702161327
lvz1=-2.7625448318577246
avx1=-3.12781080137313
avy1=-1.5806860135131902
avz1=-5.215040644314748
shx1=2.0
shy1=2.0
shz1=0.25
req1=1.0
rhos1=1.0
cex2=4.0
cey2=0.0
cez2=0.0
oriw2=-0.5078976163944469
orii2=-0.20173973875757517
orij2=0.6688435878727171
orik2=-0.5039735548899521
lvx2=-0.11019465768077827
lvy2=-9.21865034689302
lvz2=-2.555122657487493
avx2=-3.719604812732274
avy2=-2.8747149497575624
avz2=4.1688093742814285
shx2=2.0
shy2=2.0
shz2=0.25
req2=1.0
rhos2=1.0
rhof=1.0
ndiv=2
tend=100.0
dt=0.05
tprint=1
logevery=100
nbody=2
impulse_scheme=1
energy_projection=0
impulse_pair_metric_correction=0
