cex1=-4.0
cey1=0.0
cez1=0.0
oriw1=-0.5271406483946578
orii1=-0.4386194959080026
orij1=-0.17633587724009725
orik1=-0.7061454050104942
lvx1=0.2980994287673701
lvy1=5.554738982122331
lvz1=-0.7991756041175673
avx1=-2.539214244246806
avy1=5.233548534471664
avz1=-2.375032286833392
shx1=1.0001
shy1=1.0
shz1=0.9999000099990001
req1=1.0
rhos1=1.0
cex2=4.0
cey2=0.0
cez2=0.0
oriw2=-0.7590291648935654
orii2=0.3103694555391433
orij2=0.504788674986562
orik2=0.2696922718852425
lvx2=0.4691345465993084
lvy2=8.741781105152883
lvz2=-1.257704136640607
avx2=0.6972733775672135
avy2=0.15172514156730868
avz2=-6.242532092245087
shx2=2.0
shy2=1.0
shz2=0.5
req2=1.0
rhos2=1.0
rhof=1.0
ndiv=2
tend=100.0
dt=0.05
tprint=1
logevery=100
nbody=2
impulse_scheme=1
energy_projection=0
impulse_pair_metric_correction=0
