cex1=-4.0
cey1=0.0
cez1=0.0
oriw1=1.0
orii1=2.0
orij1=0.0
orik1=0.0
lvx1=0.9017625781970653
lvy1=-1.2138532069148087
lvz1=1.4080913685529735
avx1=3.358392118765312
avy1=4.619803452805851
avz1=2.618594286714843
shx1=1.0
shy1=0.7
shz1=0.7
req1=1.0
rhos1=0.1
cex2=4.0
cey2=0.0
cez2=0.0
oriw2=1.0
orii2=0.0
orij2=1.0
orik2=0.0
lvx2=0.9375290936166433
lvy2=-1.2619981405058929
lvz2=1.463940350162098
avx2=-1.6912851315018569
avy2=-0.8059802483386386
avz2=5.997363424673059
shx2=1.0
shy2=0.7
shz2=0.7
req2=1.0
rhos2=0.1
rhof=1.0
ndiv=2
tend=100.0
dt=0.05
tprint=1
logevery=100
nbody=2
impulse_scheme=1
energy_projection=1
