cex1=-1.5
cey1=0.0
cez1=0.0
oriw1=-0.38892108074625353
orii1=0.27873052143337573
orij1=0.6179635901501244
orik1=0.6238354675885411
lvx1=-6.979979606447387
lvy1=-5.569526356501528
lvz1=1.6549087282790942
avx1=-4.539809227257726
avy1=-1.8813660702438075
avz1=3.9152281535305713
shx1=1.0
shy1=0.8
shz1=0.6
req1=1.0
rhos1=4.0
cex2=1.5
cey2=0.0
cez2=0.0
oriw2=-0.04558251088252201
orii2=-0.9215939430264148
orij2=0.33979017488164315
orik2=-0.18201504314910985
lvx2=-7.839619448696634
lvy2=-6.255457695625146
lvz2=1.8587238621801545
avx2=1.1583321504540576
avy2=-0.6012409809300869
avz2=-6.146152741059413
shx2=1.0
shy2=0.8
shz2=0.6
req2=1.0
rhos2=4.0
rhof=1.0
ndiv=2
tend=100.0
dt=0.05
tprint=1
logevery=100
nbody=2
impulse_scheme=1
energy_projection=0
impulse_pair_metric_correction=0
