cex1=-1.5
cey1=0.0
cez1=0.0
oriw1=-0.24503643405375988
orii1=-0.5694575278976244
orij1=0.14361717154290835
orik1=0.771394437330837
lvx1=-0.5402152313365883
lvy1=0.5542273731149391
lvz1=0.2592215342949758
avx1=-0.7322033696905818
avy1=-3.34876717702825
avz1=5.265743463541443
shx1=1.0
shy1=0.8
shz1=0.6
req1=1.0
rhos1=10.0
cex2=1.5
cey2=0.0
cez2=0.0
oriw2=0.3746095292310808
orii2=0.7966119879253549
orij2=-0.4675106163046257
orik2=-0.08068993087957967
lvx2=-0.4498707665296781
lvy2=0.4615395470395368
lvz2=0.21586986735962788
avx2=5.681337976630089
avy2=2.3923519310226813
avz2=-1.2155116773565808
shx2=1.0
shy2=0.8
shz2=0.6
req2=1.0
rhos2=10.0
rhof=1.0
ndiv=2
tend=100.0
dt=0.05
tprint=1
logevery=100
nbody=2
impulse_scheme=1
energy_projection=0
impulse_pair_metric_correction=0
