cex1=-4.0
cey1=0.0
cez1=0.0
oriw1=0.39613351149396175
orii1=0.08191097981968155
orij1=-0.650857000977701
orik1=-0.6424593346934542
lvx1=-1.1328700493798392
lvy1=3.4244902646636333
lvz1=6.27801957579553
avx1=-1.4939981508737032
avy1=3.481502784964571
avz1=-5.0125368315681555
shx1=1.6900000000000002
shy1=0.7692307692307692
shz1=0.7692307692307692
req1=1.0
rhos1=1.0
cex2=4.0
cey2=0.0
cez2=0.0
oriw2=-0.8332998613516833
orii2=0.04961834388266415
orij2=-0.2392306098629519
orik2=0.49590127679429025
lvx2=-1.1371860917058925
lvy2=3.4375369904867203
lvz2=6.301937763259095
avx2=-1.3379732935664548
avy2=5.82702842324162
avz2=-1.9323521482366133
shx2=1.6900000000000002
shy2=0.7692307692307692
shz2=0.7692307692307692
req2=1.0
rhos2=1.0
rhof=1.0
ndiv=2
tend=100.0
dt=0.05
tprint=1
logevery=100
nbody=2
impulse_scheme=1
energy_projection=0
impulse_pair_metric_correction=0
