cex1=-4.0
cey1=0.0
cez1=0.0
oriw1=0.09547014741959768
orii1=-0.5329447551357569
orij1=0.7780987727019768
orik1=0.3184613616196571
lvx1=1.3340198188637338
lvy1=-0.492732183084299
lvz1=1.3237691730609458
avx1=4.545527108172447
avy1=4.325551566583981
avz1=-0.32589040803578395
shx1=1.0
shy1=0.8
shz1=0.6
req1=1.0
rhos1=10.0
cex2=4.0
cey2=0.0
cez2=0.0
oriw2=0.19918592313517933
orii2=0.9787511626451316
orij2=0.02086211165262752
orik2=-0.04399888570160503
lvx2=1.4174458223311022
lvy2=-0.5235463255979296
lvz2=1.4065541287716066
avx2=-2.000480331916035
avy2=5.955645267650532
avz2=-0.0823740971809817
shx2=1.0
shy2=0.8
shz2=0.6
req2=1.0
rhos2=10.0
rhof=1.0
ndiv=2
tend=100.0
dt=0.05
tprint=1
logevery=100
nbody=2
impulse_scheme=1
energy_projection=0
impulse_pair_metric_correction=0
