cex1=-5.5
cey1=0.0
cez1=0.0
oriw1=-0.10421385529556429
orii1=-0.7826079572122885
orij1=-0.0005423846815502273
orik1=-0.61372955240179
lvx1=0.59079545601031
lvy1=0.053824887332660803
lvz1=-0.5245518467001364
avx1=-0.8392289052868902
avy1=6.147002712354605
avz1=0.9942183377878006
shx1=1.0
shy1=0.7
shz1=0.7
req1=1.0
rhos1=10.0
cex2=5.5
cey2=0.0
cez2=0.0
oriw2=0.5667514357130101
orii2=0.015094533840915187
orij2=0.8194735903896038
orik2=0.08383316658303627
lvx2=0.5457548865445468
lvy2=0.049721430624877196
lvz2=-0.48456150207351906
avx2=-4.185316040673607
avy2=4.637166392170684
avz2=0.6769306429467893
shx2=1.0
shy2=0.7
shz2=0.7
req2=1.0
rhos2=10.0
rhof=1.0
ndiv=2
tend=100.0
dt=0.05
tprint=1
logevery=100
nbody=2
impulse_scheme=1
energy_projection=0
impulse_pair_metric_correction=0
