cex1=-2.5
cey1=0.0
cez1=0.0
oriw1=-0.6772107479491707
orii1=0.55886679679821
orij1=-0.08829462692984522
orik1=0.4703802346548507
lvx1=-0.03360106510607241
lvy1=-0.15006456121762562
lvz1=-0.7467436637855352
avx1=4.08148054439876
avy1=-1.5009988233000542
avz1=4.535078467072394
shx1=1.0
shy1=0.8
shz1=0.6
req1=1.0
rhos1=0.1
cex2=2.5
cey2=0.0
cez2=0.0
oriw2=-0.3783753191155832
orii2=-0.07573846647193357
orij2=0.6658668557005096
orik2=-0.638527315829305
lvx2=-0.03345169602516824
lvy2=-0.14939746910270002
lvz2=-0.7434241138135763
avx2=3.1117163700706545
avy2=4.459926545049039
avz2=3.147172389520263
shx2=1.0
shy2=0.8
shz2=0.6
req2=1.0
rhos2=0.1
rhof=1.0
ndiv=2
tend=100.0
dt=0.05
tprint=1
logevery=100
nbody=2
impulse_scheme=1
energy_projection=0
impulse_pair_metric_correction=0
