cex1=-2.5
cey1=0.0
cez1=0.0
oriw1=-0.1020150526179356
orii1=-0.40369117270399696
orij1=-0.22903064073622093
orik1=0.8798700652506526
lvx1=-1.7207232354341804
lvy1=-2.3921527138336844
lvz1=-0.30652842793928636
avx1=6.090725720458327
avy1=1.5189987328293508
avz1=0.2722510829503923
shx1=1.0
shy1=0.8
shz1=0.6
req1=1.0
rhos1=0.03
cex2=2.5
cey2=0.0
cez2=0.0
oriw2=-0.28293772021113156
orii2=-0.07120755534270962
orij2=0.7890646847534838
orik2=0.5406039713308881
lvx2=-1.984766661294773
lvy2=-2.7592263865402566
lvz2=-0.3535649382682287
avx2=-0.05462200329351302
avy2=-6.2822296324153175
avz2=0.0949994037694
shx2=1.0
shy2=0.8
shz2=0.6
req2=1.0
rhos2=0.03
rhof=1.0
ndiv=2
tend=100.0
dt=0.05
tprint=1
logevery=100
nbody=2
impulse_scheme=1
energy_projection=0
impulse_pair_metric_correction=0
