cex1=-4.0
cey1=0.0
cez1=0.0
oriw1=-0.6797881492518466
orii1=-0.3190694980769572
orij1=0.6548068321329045
orik1=0.08550286618434501
lvx1=0.15333352927067662
lvy1=-8.708998140964283
lvz1=2.742649432298351
avx1=-5.173152875217339
avy1=0.7079015845452066
avz1=-3.495108336030001
shx1=2.0
shy1=2.0
shz1=0.25
req1=1.0
rhos1=1.0
cex2=4.0
cey2=0.0
cez2=0.0
oriw2=0.6458303715786109
orii2=0.5200842732759966
orij2=-0.4973863403511871
orik2=0.254994722042761
lvx2=0.1527320098825782
lvy2=-8.674833198321794
lvz2=2.7318901625148175
avx2=5.2013265057246425
avy2=0.7895843604949743
avz2=-3.435284081828671
shx2=2.0
shy2=2.0
shz2=0.25
req2=1.0
rhos2=1.0
rhof=1.0
ndiv=2
tend=100.0
dt=0.05
tprint=1
logevery=100
nbody=2
impulse_scheme=1
energy_projection=0
impulse_pair_metric_correction=0
