cex1=-1.5
cey1=0.0
cez1=0.0
oriw1=-0.2913531492440941
orii1=0.8715840787385772
orij1=-0.3101128879277408
orik1=0.24348415319295566
lvx1=0.35955414949953657
lvy1=-9.583792481804585
lvz1=-2.9073434353404473
avx1=-1.1012185494299185
avy1=2.9274001461744215
avz1=5.4494094813040865
shx1=1.0
shy1=0.8
shz1=0.6
req1=1.0
rhos1=1.0
cex2=1.5
cey2=0.0
cez2=0.0
oriw2=0.20847381309248705
orii2=0.03114100558698034
orij2=-0.9195351800138332
orik2=0.33169859773993304
lvx2=0.32775094392257675
lvy2=-8.736088949721873
lvz2=-2.650183724944515
avx2=3.27858242583143
avy2=-4.893973253784623
avz2=-2.185941598631465
shx2=1.0
shy2=0.8
shz2=0.6
req2=1.0
rhos2=1.0
rhof=1.0
ndiv=2
tend=100.0
dt=0.05
tprint=1
logevery=100
nbody=2
impulse_scheme=1
energy_projection=0
impulse_pair_metric_correction=0
