cex1=-4.0
cey1=0.0
cez1=0.0
oriw1=0.2080367814052763
orii1=-0.12483895596611497
orij1=0.5362425936546239
orik1=-0.8084428324911945
lvx1=-5.283236131435224
lvy1=-1.637057066797516
lvz1=3.1663595598346657
avx1=-1.917822471550999
avy1=-1.2237941984601666
avz1=-5.8568508886420085
shx1=1.3
shy1=1.0
shz1=0.7692307692307692
req1=1.0
rhos1=1.0
cex2=4.0
cey2=0.0
cez2=0.0
oriw2=-0.6012413729668147
orii2=-0.17415969959820463
orij2=-0.5668778692018747
orik2=-0.5355620336412814
lvx2=-5.12487518809518
lvy2=-1.5879875391538378
lvz2=3.071450365095916
avx2=-5.162875905348635
avy2=1.585398293133657
avz2=3.2108631615901726
shx2=2.0
shy2=1.0
shz2=0.5
req2=1.0
rhos2=1.0
rhof=1.0
ndiv=2
tend=100.0
dt=0.05
tprint=1
logevery=100
nbody=2
impulse_scheme=1
energy_projection=0
impulse_pair_metric_correction=0
