cex1=-1.5
cey1=0.0
cez1=0.0
oriw1=-0.6130596170370465
orii1=0.59780977075789
orij1=-0.2305193658728479
orik1=0.4622144587768419
lvx1=-0.2377752603692478
lvy1=0.8571634316450849
lvz1=-0.7001249136965144
avx1=-5.426454700871217
avy1=-1.2174754130336871
avz1=2.9239973670317414
shx1=1.0
shy1=0.7
shz1=0.7
req1=1.0
rhos1=1.0
cex2=1.5
cey2=0.0
cez2=0.0
oriw2=0.5455044966326398
orii2=0.13882899619436656
orij2=-0.1392998309338544
orik2=0.8147066411114092
lvx2=-0.26998769872212225
lvy2=0.9732870525690078
lvz2=-0.7949738504056478
avx2=-2.1441894680125393
avy2=2.848386195982954
avz2=-5.173738030491619
shx2=1.0
shy2=0.7
shz2=0.7
req2=1.0
rhos2=1.0
rhof=1.0
ndiv=2
tend=100.0
dt=0.05
tprint=1
logevery=100
nbody=2
impulse_scheme=1
energy_projection=0
impulse_pair_metric_correction=0
