cex1=-4.0
cey1=0.0
cez1=0.0
oriw1=0.36177349524334534
orii1=0.38221793152487366
orij1=0.8352467473049502
orik1=-0.15934949663165207
lvx1=0.20749833693796843
lvy1=0.7324573040032524
lvz1=0.8686278671925194
avx1=4.971833942620555
avy1=3.75257810874579
avz1=-0.8230688847997192
shx1=1.0
shy1=0.8
shz1=0.6
req1=1.0
rhos1=1.0
cex2=4.0
cey2=0.0
cez2=0.0
oriw2=0.5202061253282066
orii2=0.22128271132283106
orij2=0.12339965385992051
orik2=0.8155930813021175
lvx2=0.24820748061580922
lvy2=0.8761582611606408
lvz2=1.0390441566430122
avx2=0.7721684967969427
avy2=0.03601872644647087
avz2=-6.235453156608344
shx2=1.0
shy2=0.8
shz2=0.6
req2=1.0
rhos2=1.0
rhof=1.0
ndiv=2
tend=100.0
dt=0.05
tprint=1
logevery=100
nbody=2
impulse_scheme=1
energy_projection=0
impulse_pair_metric_correction=0
