cex1=-4.0
cey1=0.0
cez1=0.0
oriw1=-0.5717876893805022
orii1=0.4636193233207335
orij1=0.5982840585230828
orik1=0.31649983670403353
lvx1=0.26484977379521196
lvy1=5.411967805807432
lvz1=-1.488465955788181
avx1=-4.880130527201727
avy1=-3.459195675521332
avz1=-1.9226827404139626
shx1=1.0006000899999998
shy1=0.9997000899730081
shz1=0.9997000899730081
req1=1.0
rhos1=1.0
cex2=4.0
cey2=0.0
cez2=0.0
oriw2=-0.146850933758526
orii2=0.5167473057006842
orij2=0.35518869855450574
orik2=0.7650150415021192
lvx2=0.26488190708070447
lvy2=5.41262442070307
lvz2=-1.4886465460934617
avx2=1.100787706038882
avy2=5.047312928097489
avz2=-3.576494965248942
shx2=1.0
shy2=1.0
shz2=1.0
req2=1.0
rhos2=1.0
rhof=1.0
ndiv=2
tend=100.0
dt=0.05
tprint=1
logevery=100
nbody=2
impulse_scheme=1
energy_projection=0
impulse_pair_metric_correction=0
