cex1=-4.0
cey1=0.0
cez1=0.0
oriw1=0.6895248011343849
orii1=-0.09270197999306046
orij1=0.06560353838550861
orik1=-0.7153027801408675
lvx1=0.5401792513417337
lvy1=1.021276741408075
lvz1=-0.33971156372433936
avx1=4.7096968042190985
avy1=-2.428401060471667
avz1=-3.3763948089916753
shx1=1.0
shy1=0.8
shz1=0.6
req1=1.0
rhos1=0.3
cex2=4.0
cey2=0.0
cez2=0.0
oriw2=0.1812138224305889
orii2=0.7689080034709389
orij2=-0.33304077159046985
orik2=-0.5148066406106803
lvx2=0.5398304973804641
lvy2=1.0206173782277346
lvz2=-0.33949223698558795
avx2=-3.6760787690405645
avy2=-5.09258434609884
avz2=0.1744911632022952
shx2=1.0
shy2=0.8
shz2=0.6
req2=1.0
rhos2=0.3
rhof=1.0
ndiv=2
tend=100.0
dt=0.05
tprint=1
logevery=100
nbody=2
impulse_scheme=1
energy_projection=0
impulse_pair_metric_correction=0
