cex1=-4.0
cey1=0.0
cez1=0.0
oriw1=-0.17881014255309532
orii1=0.2705204588567334
orij1=-0.8952374293978428
orik1=-0.30560687044833706
lvx1=-7.004115049288867
lvy1=0.09415471926698692
lvz1=4.198091285717346
avx1=-0.8001933789172831
avy1=6.101365227507981
avz1=-1.2694292108073078
shx1=2.0
shy1=2.0
shz1=0.25
req1=1.0
rhos1=1.0
cex2=4.0
cey2=0.0
cez2=0.0
oriw2=0.9775045709214816
orii2=0.015155357715345628
orij2=-0.09530406359033497
orik2=-0.1875427002666307
lvx2=-9.014300982323316
lvy2=0.12117718975289381
lvz2=5.40294642998005
avx2=-0.40265758603722623
avy2=-3.1483369674252244
avz2=5.4225693921154985
shx2=2.0
shy2=2.0
shz2=0.25
req2=1.0
rhos2=1.0
rhof=1.0
ndiv=2
tend=100.0
dt=0.05
tprint=1
logevery=100
nbody=2
impulse_scheme=1
energy_projection=0
impulse_pair_metric_correction=0
