cex1=-2.5
cey1=0.0
cez1=0.0
oriw1=0.5521355184541643
orii1=-0.11705922731096435
orij1=-0.6118163093069544
orik1=-0.5541879737315926
lvx1=-1.2152562008686072
lvy1=-0.015309562984909628
lvz1=0.37711152616782556
avx1=2.60781836793303
avy1=3.8833647412852326
avz1=-4.194899194303865
shx1=1.0
shy1=0.7
shz1=0.7
req1=1.0
rhos1=0.03
cex2=2.5
cey2=0.0
cez2=0.0
oriw2=-0.3108446681883453
orii2=0.585908677170544
orij2=0.35707175614953063
orik2=0.6577129884953095
lvx2=-1.2086232516992583
lvy2=-0.015226002371920145
lvz2=0.37505322637683586
avx2=-2.825296542033062
avy2=-3.4961493008455276
avz2=-4.390109010050979
shx2=1.0
shy2=0.7
shz2=0.7
req2=1.0
rhos2=0.03
rhof=1.0
ndiv=2
tend=100.0
dt=0.05
tprint=1
logevery=100
nbody=2
impulse_scheme=1
energy_projection=0
impulse_pair_metric_correction=0
