cex1=-4.0
cey1=0.0
cez1=0.0
oriw1=-0.10847853635495239
orii1=-0.7241057746842817
orij1=0.09886497222864284
orik1=0.6738909047356205
lvx1=3.170180034200564
lvy1=3.24661612694079
lvz1=-3.3154451222317105
avx1=4.867832072301766
avy1=3.7294345548724714
avz1=1.3689216271032074
shx1=1.0
shy1=1.0
shz1=1.0
req1=1.0
rhos1=1.0
cex2=4.0
cey2=0.0
cez2=0.0
oriw2=-0.009322929696244072
orii2=0.6045647307598894
orij2=-0.34177425741008144
orik2=-0.7194476536030183
lvx2=5.044252204328343
lvy2=5.165873981368005
lvz2=-5.275391676726744
avx2=3.1705078360941568
avy2=4.403343303785473
avz2=-3.1681012317523285
shx2=2.0
shy2=2.0
shz2=0.25
req2=1.0
rhos2=1.0
rhof=1.0
ndiv=2
tend=100.0
dt=0.05
tprint=1
logevery=100
nbody=2
impulse_scheme=1
energy_projection=0
impulse_pair_metric_correction=0
