cex1=-4.0
cey1=0.0
cez1=0.0
oriw1=-0.32452173602994727
orii1=0.29855778984869047
orij1=0.8929169570472233
orik1=-0.09081958369372474
lvx1=3.4278751260501696
lvy1=0.4384160090148091
lvz1=-4.473866357428556
avx1=-4.055004251129163
avy1=2.450425673444746
avz1=4.12683560935067
shx1=1.03
shy1=1.03
shz1=0.9425959091337544
req1=1.0
rhos1=1.0
cex2=4.0
cey2=0.0
cez2=0.0
oriw2=0.2669616598757154
orii2=0.6211325239723192
orij2=0.24387990782124594
orik2=-0.6953045738245073
lvx2=3.407688942828716
lvy2=0.4358342504735086
lvz2=-4.447520506813101
avx2=2.0712671758261934
avy2=5.838284421382071
avz2=1.0500975696333341
shx2=1.0
shy2=1.0
shz2=1.0
req2=1.0
rhos2=1.0
rhof=1.0
ndiv=2
tend=100.0
dt=0.05
tprint=1
logevery=100
nbody=2
impulse_scheme=1
energy_projection=0
impulse_pair_metric_correction=0
