cex1=-2.5
cey1=0.0
cez1=0.0
oriw1=0.8616459673768189
orii1=-0.018096939100532356
orij1=-0.2812947118365103
orik1=-0.42203318920586386
lvx1=-5.04888514809882
lvy1=2.025092609374601
lvz1=1.1302901311406846
avx1=2.600291823834545
avy1=-5.46888500899376
avz1=1.6757675237514227
shx1=1.0
shy1=0.8
shz1=0.6
req1=1.0
rhos1=10.0
cex2=2.5
cey2=0.0
cez2=0.0
oriw2=-0.17304529375993608
orii2=0.785455758643783
orij2=0.5589283820932563
orik2=-0.20177621567338275
lvx2=-4.448410179898004
lvy2=1.7842439101967602
lvz2=0.9958622504015138
avx2=-6.134114856088406
avy2=-0.9696901492440694
avz2=0.9543340877973323
shx2=1.0
shy2=0.8
shz2=0.6
req2=1.0
rhos2=10.0
rhof=1.0
ndiv=2
tend=100.0
dt=0.05
tprint=1
logevery=100
nbody=2
impulse_scheme=1
energy_projection=0
impulse_pair_metric_correction=0
