cex1=-5.5
cey1=0.0
cez1=0.0
oriw1=0.7998106581230879
orii1=-0.5496866426508253
orij1=-0.21779051219983558
orik1=-0.10351231250295818
lvx1=-8.46049411253161
lvy1=-2.905016394198028
lvz1=-2.606187027735683
avx1=-3.0891260650248507
avy1=-3.1831879737423723
avz1=4.450059784156101
shx1=1.0
shy1=0.7
shz1=0.7
req1=1.0
rhos1=1.0
cex2=5.5
cey2=0.0
cez2=0.0
oriw2=-0.04738348585086189
orii2=-0.9644456837413461
orij2=-0.14317202310690783
orik2=0.21702787881003618
lvx2=-8.796618716025032
lvy2=-3.0204289777486037
lvz2=-2.709727502993485
avx2=-0.9845904650994084
avy2=2.5452200329575567
avz2=5.659580744562648
shx2=1.0
shy2=0.7
shz2=0.7
req2=1.0
rhos2=1.0
rhof=1.0
ndiv=2
tend=100.0
dt=0.05
tprint=1
logevery=100
nbody=2
impulse_scheme=1
energy_projection=0
impulse_pair_metric_correction=0
