cex1=-5.5
cey1=0.0
cez1=0.0
oriw1=1.0
orii1=2.0
orij1=0.0
orik1=0.0
lvx1=-3.470469409212288
lvy1=0.6203251168983134
lvz1=-0.8146422753781127
avx1=2.2843625446977045
avy1=2.0762027875132847
avz1=5.472612479781637
shx1=1.0
shy1=0.8
shz1=0.6
req1=1.0
rhos1=10.0
cex2=5.5
cey2=0.0
cez2=0.0
oriw2=1.0
orii2=0.0
orij2=1.0
orik2=0.0
lvx2=-3.5437414322156493
lvy2=0.6334220415144138
lvz2=-0.8318418182937104
avx2=1.6042061838812625
avy2=-1.0871266593444737
avz2=5.9768801017334345
shx2=1.0
shy2=0.8
shz2=0.6
req2=1.0
rhos2=10.0
rhof=1.0
ndiv=2
tend=100.0
dt=0.05
tprint=1
logevery=100
nbody=2
impulse_scheme=1
energy_projection=0
impulse_pair_metric_correction=0
