cex1=-4.0
cey1=0.0
cez1=0.0
oriw1=0.16134516698301624
orii1=0.8251281400708973
orij1=-0.37271434117478613
orik1=0.39270257121262836
lvx1=-2.6672312722424616
lvy1=-4.946563523671587
lvz1=-0.08337646974636477
avx1=2.3476194272556414
avy1=-0.035381498878845286
avz1=-5.8280227160389835
shx1=1.0003
shy1=1.0
shz1=0.9997000899730081
req1=1.0
rhos1=1.0
cex2=4.0
cey2=0.0
cez2=0.0
oriw2=-0.14471108528160184
orii2=-0.2305791159874121
orij2=0.8511877265823568
orik2=-0.44874427816145296
lvx2=-3.9198616215529682
lvy2=-7.269652510752154
lvz2=-0.1225331403769016
avx2=-1.2795359839775304
avy2=-5.251298118108586
avz2=3.2039153148629413
shx2=2.0
shy2=1.0
shz2=0.5
req2=1.0
rhos2=1.0
rhof=1.0
ndiv=2
tend=100.0
dt=0.05
tprint=1
logevery=100
nbody=2
impulse_scheme=1
energy_projection=0
impulse_pair_metric_correction=0
