cex1=-5.5
cey1=0.0
cez1=0.0
oriw1=1.0
orii1=2.0
orij1=0.0
orik1=0.0
lvx1=1.8240612193832635
lvy1=-0.8588593783546103
lvz1=-2.8532439386167097
avx1=0.05835239801324492
avy1=5.549042692439127
avz1=-2.9467164436863382
shx1=1.0
shy1=0.8
shz1=0.6
req1=1.0
rhos1=1.0
cex2=5.5
cey2=0.0
cez2=0.0
oriw2=1.0
orii2=0.0
orij2=1.0
orik2=0.0
lvx2=1.9176194916929046
lvy2=-0.9029112987298257
lvz2=-2.9995902183019894
avx2=2.054482872142268
avy2=0.25278099586959807
avz2=-5.932421048826411
shx2=1.0
shy2=0.8
shz2=0.6
req2=1.0
rhos2=1.0
rhof=1.0
ndiv=2
tend=100.0
dt=0.05
tprint=1
logevery=100
nbody=2
impulse_scheme=1
energy_projection=0
impulse_pair_metric_correction=0
