cex1=-5.5
cey1=0.0
cez1=0.0
oriw1=-0.12516599318917726
orii1=0.8709602932840216
orij1=-0.10894536823162225
orik1=0.46248518723571463
lvx1=2.71949245823469
lvy1=-0.8063707985712445
lvz1=-5.117489700105845
avx1=-0.7778653495383618
avy1=1.0215789483259947
avz1=6.15058692765838
shx1=1.0
shy1=0.7
shz1=0.7
req1=1.0
rhos1=0.3
cex2=5.5
cey2=0.0
cez2=0.0
oriw2=-0.393742463136832
orii2=0.8275930013574598
orij2=-0.22045189842167576
orik2=0.3338527479434177
lvx2=2.59810228658439
lvy2=-0.770376769848733
lvz2=-4.889059960860405
avx2=3.258716754987374
avy2=-1.9560460295420545
avz2=-5.003305571862941
shx2=1.0
shy2=0.7
shz2=0.7
req2=1.0
rhos2=0.3
rhof=1.0
ndiv=2
tend=100.0
dt=0.05
tprint=1
logevery=100
nbody=2
impulse_scheme=1
energy_projection=0
impulse_pair_metric_correction=0
