cex1=-5.5
cey1=0.0
cez1=0.0
oriw1=-0.5885808362054629
orii1=-0.19030727298332772
orij1=-0.19646020155239635
orik1=0.7607622035217831
lvx1=-0.6117202294539443
lvy1=-0.04346766604100372
lvz1=0.33469215306751404
avx1=5.109850898942798
avy1=-2.1715295562213375
avz1=-2.94147935253472
shx1=1.0
shy1=0.7
shz1=0.7
req1=1.0
rhos1=0.3
cex2=5.5
cey2=0.0
cez2=0.0
oriw2=0.5474364826211671
orii2=-0.7476613115049684
orij2=0.20929846285043816
orik2=-0.31226593509776074
lvx2=-0.5778010157653487
lvy2=-0.04105743178357948
lvz2=0.31613384141918577
avx2=5.97757994458188
avy2=1.028989314689095
avz2=1.63955378098603
shx2=1.0
shy2=0.7
shz2=0.7
req2=1.0
rhos2=0.3
rhof=1.0
ndiv=2
tend=100.0
dt=0.05
tprint=1
logevery=100
nbody=2
impulse_scheme=1
energy_projection=0
impulse_pair_metric_correction=0
