cex1=-4.0
cey1=0.0
cez1=0.0
oriw1=-0.06975118917582757
orii1=0.8160675024005589
orij1=-0.5695008767609359
orik1=0.06955109275056001
lvx1=5.499580476188471
lvy1=5.708965990809232
lvz1=-4.273636147889791
avx1=-0.8146523845129701
avy1=-5.296541558751736
avz1=-3.2804582931627855
shx1=2.0
shy1=2.0
shz1=0.25
req1=1.0
rhos1=1.0
cex2=4.0
cey2=0.0
cez2=0.0
oriw2=-0.08093119059626115
orii2=0.06373612804899914
orij2=-0.9345439212064001
orik2=-0.34061049265423265
lvx2=4.926299717100832
lvy2=5.113858714720257
lvz2=-3.828148826532395
avx2=3.558856193538676
avy2=-5.121268296789526
avz2=-0.7652262608976158
shx2=2.0
shy2=2.0
shz2=0.25
req2=1.0
rhos2=1.0
rhof=1.0
ndiv=2
tend=100.0
dt=0.05
tprint=1
logevery=100
nbody=2
impulse_scheme=1
energy_projection=0
impulse_pair_metric_correction=0
