cex1=-1.5
cey1=0.0
cez1=0.0
oriw1=1.0
orii1=1.0
orij1=1.0
orik1=0.0
lvx1=-0.8426635382400918
lvy1=0.9152470200999792
lvz1=1.6921474072287648
avx1=-3.789361863215676
avy1=2.2913880115811893
avz1=4.457431463785625
shx1=1.0
shy1=0.8
shz1=0.6
req1=1.0
rhos1=0.1
cex2=1.5
cey2=0.0
cez2=0.0
oriw2=1.0
orii2=-1.0
orij2=0.0
orik2=1.0
lvx2=-0.8825090163282328
lvy2=0.9585246195565722
lvz2=1.7721608638183959
avx2=-0.437738266275448
avy2=4.35139714151957
avz2=4.511335249277193
shx2=1.0
shy2=0.8
shz2=0.6
req2=1.0
rhos2=0.1
rhof=1.0
ndiv=2
tend=100.0
dt=0.05
tprint=1
logevery=100
nbody=2
impulse_scheme=1
energy_projection=1
