cex1=-4.0
cey1=0.0
cez1=0.0
oriw1=0.5683888197162398
orii1=0.39147928273345467
orij1=-0.6515223085013756
orik1=-0.31495523862466246
lvx1=2.2149323870389215
lvy1=4.1589041336910455
lvz1=3.065564486846069
avx1=0.0014167622486818588
avy1=4.373458735068027
avz1=-4.511238664690589
shx1=1.001
shy1=1.001
shz1=0.9980029960049943
req1=1.0
rhos1=1.0
cex2=4.0
cey2=0.0
cez2=0.0
oriw2=-0.6222591625618347
orii2=0.6642510587178029
orij2=0.3783808949716092
orik2=0.16849915109758345
lvx2=3.9867842449641695
lvy2=7.485850842915351
lvz2=5.51788590459796
avx2=-0.031082375121072092
avy2=-3.8995269057696706
avz2=-4.926575017341427
shx2=2.0
shy2=2.0
shz2=0.25
req2=1.0
rhos2=1.0
rhof=1.0
ndiv=2
tend=100.0
dt=0.05
tprint=1
logevery=100
nbody=2
impulse_scheme=1
energy_projection=0
impulse_pair_metric_correction=0
