cex1=-2.5
cey1=0.0
cez1=0.0
oriw1=0.4887589725495447
orii1=0.1342467155480674
orij1=0.21751037155820852
orik1=-0.8341353153904226
lvx1=-4.777052262276278
lvy1=2.986472653784273
lvz1=-0.04814460809754717
avx1=-2.9933509746453018
avy1=2.7314485077725146
avz1=4.801818051148414
shx1=1.0
shy1=0.7
shz1=0.7
req1=1.0
rhos1=0.03
cex2=2.5
cey2=0.0
cez2=0.0
oriw2=-0.6955710099843407
orii2=0.25881031936004995
orij2=-0.6397015206203225
orik2=-0.199950376789243
lvx2=-4.685618562902979
lvy2=2.929310992613212
lvz2=-0.047223111035855234
avx2=3.6046356606935324
avy2=-4.956479272366157
avz2=-1.3850388372239237
shx2=1.0
shy2=0.7
shz2=0.7
req2=1.0
rhos2=0.03
rhof=1.0
ndiv=2
tend=100.0
dt=0.05
tprint=1
logevery=100
nbody=2
impulse_scheme=1
energy_projection=0
impulse_pair_metric_correction=0
