cex1=-4.0
cey1=0.0
cez1=0.0
oriw1=0.10553439951118583
orii1=-0.6959786981319203
orij1=-0.6884126689816249
orik1=-0.17482602624325308
lvx1=-1.4905609540458888
lvy1=-5.416214864212815
lvz1=0.20074888881276423
avx1=2.3122152976784163
avy1=-0.7298934767239129
avz1=5.796493210051679
shx1=1.0003
shy1=1.0003
shz1=0.9994002698920407
req1=1.0
rhos1=1.0
cex2=4.0
cey2=0.0
cez2=0.0
oriw2=-0.6610436174572121
orii2=0.4220674235073165
orij2=-0.5026413749427106
orik2=0.36363728360645337
lvx2=-1.4902136829037715
lvy2=-5.41495299356154
lvz2=0.20070211830283805
avx2=1.7109310593625324
avy2=-1.3664318105379478
avz2=-5.889312066923948
shx2=1.0
shy2=1.0
shz2=1.0
req2=1.0
rhos2=1.0
rhof=1.0
ndiv=2
tend=100.0
dt=0.05
tprint=1
logevery=100
nbody=2
impulse_scheme=1
energy_projection=0
impulse_pair_metric_correction=0
