cex1=-1.5
cey1=0.0
cez1=0.0
oriw1=0.6095418572980712
orii1=-0.696696583443917
orij1=-0.03660812420926343
orik1=-0.37647369106096923
lvx1=-5.931914141359692
lvy1=3.597415110512351
lvz1=-7.186069159669259
avx1=-2.3268396161048974
avy1=0.6454185875181632
avz1=5.800661156469002
shx1=1.0
shy1=0.8
shz1=0.6
req1=1.0
rhos1=10.0
cex2=1.5
cey2=0.0
cez2=0.0
oriw2=0.6938905514877568
orii2=-0.45255296246581866
orij2=-0.3966170129206506
orik2=-0.39548282362364184
lvx2=-5.614754507205611
lvy2=3.405073341369864
lvz2=-6.801854046069485
avx2=2.5340239371473645
avy2=-4.5660247965774
avz2=-3.494074676843916
shx2=1.0
shy2=0.8
shz2=0.6
req2=1.0
rhos2=10.0
rhof=1.0
ndiv=2
tend=100.0
dt=0.05
tprint=1
logevery=100
nbody=2
impulse_scheme=1
energy_projection=0
impulse_pair_metric_correction=0
