cex1=-2.5
cey1=0.0
cez1=0.0
oriw1=1.0
orii1=1.0
orij1=1.0
orik1=0.0
lvx1=0.07977241686988838
lvy1=-0.7366382398071587
lvz1=-0.07911622396010529
avx1=-3.719608404627575
avy1=5.062691037281182
avz1=-0.10995627137250936
shx1=1.0
shy1=0.7
shz1=0.7
req1=1.0
rhos1=0.1
cex2=2.5
cey2=0.0
cez2=0.0
oriw2=1.0
orii2=-1.0
orij2=0.0
orik2=1.0
lvx2=0.07473528696769832
lvy2=-0.6901241356791451
lvz2=-0.07412052854187809
avx2=5.123416144255957
avy2=3.60518190452147
avz2=-0.48133985129615336
shx2=1.0
shy2=0.7
shz2=0.7
req2=1.0
rhos2=0.1
rhof=1.0
ndiv=2
tend=100.0
dt=0.05
tprint=1
logevery=100
nbody=2
impulse_scheme=1
energy_projection=0
impulse_pair_metric_correction=0
