cex1=-4.0
cey1=0.0
cez1=0.0
oriw1=0.7593451749959892
orii1=-0.07291009404638449
orij1=-0.6407954703370828
orik1=-0.08637238327112817
lvx1=-2.5190161428878084
lvy1=2.3827135015166796
lvz1=4.724903699181518
avx1=-0.47610683549488514
avy1=4.996278719444301
avz1=3.7800712748810037
shx1=1.0
shy1=0.7
shz1=0.7
req1=1.0
rhos1=4.0
cex2=4.0
cey2=0.0
cez2=0.0
oriw2=0.47637240696331706
orii2=0.17747036422041917
orij2=-0.6783970713982744
orik2=-0.5304253135227354
lvx2=-2.31447775386717
lvy2=2.189242577372764
lvz2=4.341252251120399
avx2=4.261623821446306
avy2=3.915873316042097
avz2=2.4460000371112613
shx2=1.0
shy2=0.7
shz2=0.7
req2=1.0
rhos2=4.0
rhof=1.0
ndiv=2
tend=100.0
dt=0.05
tprint=1
logevery=100
nbody=2
impulse_scheme=1
energy_projection=0
impulse_pair_metric_correction=0
