cex1=-4.0
cey1=0.0
cez1=0.0
oriw1=0.7893097860121784
orii1=-0.28603619002370895
orij1=0.30231131343206125
orik1=-0.4514213436171488
lvx1=4.168749014965224
lvy1=-3.663412016302756
lvz1=0.8852559700566874
avx1=3.9765231084516035
avy1=-4.142855672145701
avz1=-2.5499859709571013
shx1=1.0
shy1=1.0
shz1=1.0
req1=1.0
rhos1=1.0
cex2=4.0
cey2=0.0
cez2=0.0
oriw2=0.816387611337129
orii2=0.4588512623814994
orij2=-0.13796911510780885
orik2=-0.32238379354820124
lvx2=4.168749014965224
lvy2=-3.663412016302756
lvz2=0.8852559700566874
avx2=5.656909070321284
avy2=-1.9337632220992105
avz2=-1.933483171721622
shx2=1.0
shy2=1.0
shz2=1.0
req2=1.0
rhos2=1.0
rhof=1.0
ndiv=2
tend=100.0
dt=0.05
tprint=1
logevery=100
nbody=2
impulse_scheme=1
energy_projection=0
impulse_pair_metric_correction=0
