cex1=-1.5
cey1=0.0
cez1=0.0
oriw1=-0.12857095905897928
orii1=0.1506192106196621
orij1=0.4252075134119964
orik1=-0.883165857818876
lvx1=-0.4858907622142406
lvy1=-0.4118018507817013
lvz1=0.16614816608856056
avx1=-6.011194300388937
avy1=-1.7920861359313551
avz1=-0.3638515751396629
shx1=1.0
shy1=0.7
shz1=0.7
req1=1.0
rhos1=4.0
cex2=1.5
cey2=0.0
cez2=0.0
oriw2=-0.13201959473112845
orii2=-0.7474422372828307
orij2=-0.5727127390090051
orik2=0.30967894198583895
lvx2=-0.5860819438159273
lvy2=-0.49671582162477745
lvz2=0.2004080911085516
avx2=-0.3204577913613094
avy2=-1.6055080686892231
avz2=-6.066141133347218
shx2=1.0
shy2=0.7
shz2=0.7
req2=1.0
rhos2=4.0
rhof=1.0
ndiv=2
tend=100.0
dt=0.05
tprint=1
logevery=100
nbody=2
impulse_scheme=1
energy_projection=0
impulse_pair_metric_correction=0
