cex1=-4.0
cey1=0.0
cez1=0.0
oriw1=-0.7140863979677381
orii1=-0.28689906053672243
orij1=0.3157671588658728
orik1=-0.5550321131992111
lvx1=0.35988196084590846
lvy1=5.035143158628882
lvz1=2.4861178011816323
avx1=-1.480154312340142
avy1=2.7798531957626094
avz1=-5.4369087748486935
shx1=1.0060089999999997
shy1=0.9970089730807579
shz1=0.9970089730807579
req1=1.0
rhos1=1.0
cex2=4.0
cey2=0.0
cez2=0.0
oriw2=-0.3128516657316353
orii2=0.3552574925800502
orij2=0.8646870456893232
orik2=0.168024588176097
lvx2=0.35997171472623507
lvy2=5.036398913808788
lvz2=2.486737834258813
avx2=-0.019290598842332356
avy2=-0.24775807910430114
avz2=6.27826898208354
shx2=1.0060089999999997
shy2=0.9970089730807579
shz2=0.9970089730807579
req2=1.0
rhos2=1.0
rhof=1.0
ndiv=2
tend=100.0
dt=0.05
tprint=1
logevery=100
nbody=2
impulse_scheme=1
energy_projection=0
impulse_pair_metric_correction=0
