cex1=-4.0
cey1=0.0
cez1=0.0
oriw1=-0.578744708264759
orii1=-0.698154519686611
orij1=0.40327855859600015
orik1=0.12247952266982806
lvx1=-4.688888780049374
lvy1=-2.659608775436545
lvz1=-1.6779342247903208
avx1=-4.991959036379883
avy1=-3.4718810809863587
avz1=1.582657367515679
shx1=1.6900000000000002
shy1=0.7692307692307692
shz1=0.7692307692307692
req1=1.0
rhos1=1.0
cex2=4.0
cey2=0.0
cez2=0.0
oriw2=0.7979269252179402
orii2=-0.08861529558227019
orij2=-0.1003078749689263
orik2=-0.5877059482601216
lvx2=-3.6878757791954193
lvy2=-2.0918190311532068
lvz2=-1.3197184401166595
avx2=-6.192049945491283
avy2=-0.7804471394536406
avz2=-0.726524149232121
shx2=1.6900000000000002
shy2=0.7692307692307692
shz2=0.7692307692307692
req2=1.0
rhos2=1.0
rhof=1.0
ndiv=2
tend=100.0
dt=0.05
tprint=1
logevery=100
nbody=2
impulse_scheme=1
energy_projection=0
impulse_pair_metric_correction=0
