cex1=-1.5
cey1=0.0
cez1=0.0
oriw1=-0.7787639361162176
orii1=0.5672916927476787
orij1=0.1765406396342664
orik1=0.20134614399529288
lvx1=-0.46660459622808326
lvy1=4.73282394351293
lvz1=8.393290558220915
avx1=-1.3862758572540523
avy1=-6.119778155713712
avz1=-0.3239940999482072
shx1=1.0
shy1=0.7
shz1=0.7
req1=1.0
rhos1=0.1
cex2=1.5
cey2=0.0
cez2=0.0
oriw2=0.07862502289574295
orii2=0.5967738431700984
orij2=-0.48803094228376454
orik2=0.6320639882608845
lvx2=-0.46819201519367726
lvy2=4.748925316172957
lvz2=8.421845074664958
avx2=1.071794360845885
avy2=-2.574401316385748
avz2=-5.630464662406445
shx2=1.0
shy2=0.7
shz2=0.7
req2=1.0
rhos2=0.1
rhof=1.0
ndiv=2
tend=100.0
dt=0.05
tprint=1
logevery=100
nbody=2
impulse_scheme=1
energy_projection=0
impulse_pair_metric_correction=0
