cex1=-5.5
cey1=0.0
cez1=0.0
oriw1=0.25742269447253313
orii1=-0.3861810347948771
orij1=0.14509071789408606
orik1=0.8738114489500796
lvx1=0.46911097397937745
lvy1=-0.8140165370001718
lvz1=-0.911421494989924
avx1=0.7032641979826127
avy1=-6.227306856449176
avz1=0.4522017114235466
shx1=1.0
shy1=0.7
shz1=0.7
req1=1.0
rhos1=10.0
cex2=5.5
cey2=0.0
cez2=0.0
oriw2=0.03443288929643115
orii2=-0.2874905048471157
orij2=0.9542647932801566
orik2=0.07444655843912616
lvx2=0.4672984036839127
lvy2=-0.8108713063898804
lvz2=-0.9078999070926017
avx2=-1.1748814660083993
avy2=-5.910776159824067
avz2=-1.7778628556901792
shx2=1.0
shy2=0.7
shz2=0.7
req2=1.0
rhos2=10.0
rhof=1.0
ndiv=2
tend=100.0
dt=0.05
tprint=1
logevery=100
nbody=2
impulse_scheme=1
energy_projection=0
impulse_pair_metric_correction=0
