cex1=-4.0
cey1=0.0
cez1=0.0
oriw1=-0.13559571733344006
orii1=0.34291827147178405
orij1=-0.8148319372403172
orik1=0.44729159905460486
lvx1=-0.3924946205251698
lvy1=5.375878274292697
lvz1=-1.3151459826536187
avx1=-0.43184905290750175
avy1=-6.26804734764709
avz1=0.05921526420278007
shx1=1.03
shy1=1.03
shz1=0.9425959091337544
req1=1.0
rhos1=1.0
cex2=4.0
cey2=0.0
cez2=0.0
oriw2=0.8209346540624547
orii2=0.29907439152563126
orij2=-0.24209301362596622
orik2=-0.4219144164951334
lvx2=-0.39755567992789387
lvy2=5.44519805057805
lvz2=-1.3321042582410851
avx2=5.033176483151214
avy2=-2.2472603791728933
avz2=3.015853590944149
shx2=1.0
shy2=1.0
shz2=1.0
req2=1.0
rhos2=1.0
rhof=1.0
ndiv=2
tend=100.0
dt=0.05
tprint=1
logevery=100
nbody=2
impulse_scheme=1
energy_projection=0
impulse_pair_metric_correction=0
