cex1=-1.5
cey1=0.0
cez1=0.0
oriw1=-0.1758760479048624
orii1=-0.2577218528156249
orij1=0.4635732674770768
orik1=0.8293050633122135
lvx1=0.17535748083852382
lvy1=-1.1028662648291363
lvz1=0.16601725710714496
avx1=5.471827807954078
avy1=-3.0502232152224913
avz1=-0.48338016278666895
shx1=1.0
shy1=0.8
shz1=0.6
req1=1.0
rhos1=10.0
cex2=1.5
cey2=0.0
cez2=0.0
oriw2=0.5316531988602347
orii2=0.33800926429517125
orij2=-0.26362936034213064
orik2=-0.7304753067406973
lvx2=0.19991652191472659
lvy2=-1.2573241058632372
lvz2=0.18926818781826393
avx2=-1.8473157233792876
avy2=-4.892475840942618
avz2=3.4827463830009107
shx2=1.0
shy2=0.8
shz2=0.6
req2=1.0
rhos2=10.0
rhof=1.0
ndiv=2
tend=100.0
dt=0.05
tprint=1
logevery=100
nbody=2
impulse_scheme=1
energy_projection=0
impulse_pair_metric_correction=0
