cex1=-4.0
cey1=0.0
cez1=0.0
oriw1=0.35312780983864245
orii1=0.26233729014136536
orij1=0.8872614047844511
orik1=-0.138733902488797
lvx1=3.12919427915517
lvy1=-4.213958670699264
lvz1=-2.0115159529347344
avx1=-0.014205919639379918
avy1=-4.855357086957533
avz1=-3.9879472607264868
shx1=1.001
shy1=1.0
shz1=0.9990009990009991
req1=1.0
rhos1=1.0
cex2=4.0
cey2=0.0
cez2=0.0
oriw2=0.2309878564911539
orii2=-0.20159022704993396
orij2=-0.5223738933056895
orik2=-0.7956956114647323
lvx2=4.394684907014943
lvy2=-5.918143431447994
lvz2=-2.8250015850625627
avx2=-3.2963434850163265
avy2=-1.0641171444888018
avz2=5.242155275833867
shx2=2.0
shy2=1.0
shz2=0.5
req2=1.0
rhos2=1.0
rhof=1.0
ndiv=2
tend=100.0
dt=0.05
tprint=1
logevery=100
nbody=2
impulse_scheme=1
energy_projection=0
impulse_pair_metric_correction=0
