cex1=-4.0
cey1=0.0
cez1=0.0
oriw1=-0.06473242171317091
orii1=0.1394171156477206
orij1=-0.8352734480784477
orik1=-0.5279117808675602
lvx1=3.866737555237658
lvy1=0.4455620768494874
lvz1=3.9525007155107628
avx1=-5.962794595357906
avy1=1.973895444148505
avz1=0.16503028054804977
shx1=1.03
shy1=1.0
shz1=0.970873786407767
req1=1.0
rhos1=1.0
cex2=4.0
cey2=0.0
cez2=0.0
oriw2=-0.5302264117682373
orii2=-0.040498256745846804
orij2=0.1939192351114385
orik2=0.8243877568946071
lvx2=3.9173154335955336
lvy2=0.45139013841349257
lvz2=4.004200397100928
avx2=4.1016544458916
avy2=0.15477836443904286
avz2=-4.757193717808502
shx2=1.0
shy2=1.0
shz2=1.0
req2=1.0
rhos2=1.0
rhof=1.0
ndiv=2
tend=100.0
dt=0.05
tprint=1
logevery=100
nbody=2
impulse_scheme=1
energy_projection=0
impulse_pair_metric_correction=0
