cex1=-4.0
cey1=0.0
cez1=0.0
oriw1=0.1216146664442814
orii1=-0.21805052079617884
orij1=0.9511887306502312
orik1=0.18139416189658122
lvx1=0.2550521318638024
lvy1=1.3212969058986872
lvz1=1.190983315276727
avx1=-6.267801908273637
avy1=0.16336705911296168
avz1=0.4079069097178561
shx1=1.0
shy1=0.8
shz1=0.6
req1=1.0
rhos1=4.0
cex2=4.0
cey2=0.0
cez2=0.0
oriw2=0.5507804703259668
orii2=-0.2612486023864291
orij2=-0.259406182641124
orik2=0.749065066376883
lvx2=0.3143492019043359
lvy2=1.6284852230512488
lvz2=1.4678750257948847
avx2=-2.124257749558978
avy2=2.4722066777297793
avz2=-5.37160504508516
shx2=1.0
shy2=0.8
shz2=0.6
req2=1.0
rhos2=4.0
rhof=1.0
ndiv=2
tend=100.0
dt=0.05
tprint=1
logevery=100
nbody=2
impulse_scheme=1
energy_projection=0
impulse_pair_metric_correction=0
