cex1=-4.0
cey1=0.0
cez1=0.0
oriw1=0.18175700874566506
orii1=0.7552201915017765
orij1=0.3703950667125668
orik1=0.5093273472677875
lvx1=2.6799777220768632
lvy1=-7.891840617401786
lvz1=-7.201752601524464
avx1=-4.6339164582261025
avy1=4.061555445846282
avz1=-1.2284149229210413
shx1=4.0
shy1=0.5
shz1=0.5
req1=1.0
rhos1=1.0
cex2=4.0
cey2=0.0
cez2=0.0
oriw2=-0.028582225453466236
orii2=0.35918496278989825
orij2=-0.9310030657354308
orik2=-0.058331042207179606
lvx2=1.3673331032999823
lvy2=-4.026442023472666
lvz2=-3.674356936896486
avx2=0.38448358100924807
avy2=4.881253352767052
avz2=-3.9375062776320933
shx2=1.0
shy2=1.0
shz2=1.0
req2=1.0
rhos2=1.0
rhof=1.0
ndiv=2
tend=100.0
dt=0.05
tprint=1
logevery=100
nbody=2
impulse_scheme=1
energy_projection=0
impulse_pair_metric_correction=0
