cex1=-5.5
cey1=0.0
cez1=0.0
oriw1=0.5313600418530172
orii1=0.8436251802846287
orij1=0.007723263184656722
orik1=0.07676856334117436
lvx1=-0.7056793102854678
lvy1=0.11234761292405342
lvz1=-0.15454954929754705
avx1=4.19904378443999
avy1=-3.4661672836261217
avz1=3.135623265418414
shx1=1.0
shy1=0.7
shz1=0.7
req1=1.0
rhos1=10.0
cex2=5.5
cey2=0.0
cez2=0.0
oriw2=0.1242258979270496
orii2=-0.7194067409641578
orij2=-0.2788442517364874
orik2=-0.6239132556798789
lvx2=-0.760705632209145
lvy2=0.12110807369711306
lvz2=-0.16660076452924455
avx2=-1.3417197600082589
avy2=2.598995970182418
avz2=-5.560883530243766
shx2=1.0
shy2=0.7
shz2=0.7
req2=1.0
rhos2=10.0
rhof=1.0
ndiv=2
tend=100.0
dt=0.05
tprint=1
logevery=100
nbody=2
impulse_scheme=1
energy_projection=0
impulse_pair_metric_correction=0
