cex1=-4.0
cey1=0.0
cez1=0.0
oriw1=0.6531774083435798
orii1=0.33359998498282334
orij1=0.6348062777095409
orik1=-0.24308704825552013
lvx1=-2.62592627315482
lvy1=3.601441243744439
lvz1=-3.4237717564928296
avx1=-0.8819701292533072
avy1=1.8068593508455695
avz1=-5.952798130436162
shx1=1.0001
shy1=1.0001
shz1=0.9998000299960006
req1=1.0
rhos1=1.0
cex2=4.0
cey2=0.0
cez2=0.0
oriw2=0.406261803311622
orii2=0.7093073926222946
orij2=-0.4382762112290381
orik2=0.3738292827107991
lvx2=-2.6257040240154645
lvy2=3.6011364304581552
lvz2=-3.42348198052539
avx2=-5.855295929267839
avy2=-2.2780686891887543
avz2=0.0658045013259325
shx2=1.0
shy2=1.0
shz2=1.0
req2=1.0
rhos2=1.0
rhof=1.0
ndiv=2
tend=100.0
dt=0.05
tprint=1
logevery=100
nbody=2
impulse_scheme=1
energy_projection=0
impulse_pair_metric_correction=0
