cex1=-4.0
cey1=0.0
cez1=0.0
oriw1=0.5935000924174506
orii1=-0.05203043062383244
orij1=-0.765309994393886
orik1=0.2436207853825415
lvx1=-0.9482254241051481
lvy1=-0.9350230852436779
lvz1=-0.29951018589122863
avx1=1.716422890219147
avy1=-0.3760983257445595
avz1=-6.0324837435057646
shx1=1.0
shy1=0.8
shz1=0.6
req1=1.0
rhos1=1.0
cex2=4.0
cey2=0.0
cez2=0.0
oriw2=0.21451817613648086
orii2=0.3720126735627987
orij2=-0.24161225382449478
orik2=-0.8701793157835828
lvx2=-0.9492528178238933
lvy2=-0.9360361743470077
lvz2=-0.2998347024838683
avx2=0.5127052348988205
avy2=-2.405854241963923
avz2=5.781644775744094
shx2=1.0
shy2=0.8
shz2=0.6
req2=1.0
rhos2=1.0
rhof=1.0
ndiv=2
tend=100.0
dt=0.05
tprint=1
logevery=100
nbody=2
impulse_scheme=1
energy_projection=0
impulse_pair_metric_correction=0
