cex1=-2.5
cey1=0.0
cez1=0.0
oriw1=1.0
orii1=1.0
orij1=1.0
orik1=0.0
lvx1=0.1734922340430217
lvy1=-0.7201752034633037
lvz1=0.058047688889207034
avx1=-3.1175828890007002
avy1=-5.261971554878257
avz1=-1.4390100382622706
shx1=1.0
shy1=0.8
shz1=0.6
req1=1.0
rhos1=0.1
cex2=2.5
cey2=0.0
cez2=0.0
oriw2=1.0
orii2=-1.0
orij2=0.0
orik2=1.0
lvx2=0.1558031186516301
lvy2=-0.6467467739641348
lvz2=0.05212919765166749
avx2=5.97103779150903
avy2=1.8712371747749534
avz2=0.5688556341187572
shx2=1.0
shy2=0.8
shz2=0.6
req2=1.0
rhos2=0.1
rhof=1.0
ndiv=2
tend=100.0
dt=0.05
tprint=1
logevery=100
nbody=2
impulse_scheme=1
energy_projection=0
impulse_pair_metric_correction=0
