cex1=-4.0
cey1=0.0
cez1=0.0
oriw1=0.23440938602001246
orii1=-0.4876013180616972
orij1=-0.20960161038888062
orik1=0.8144718284217105
lvx1=0.8738331027362628
lvy1=-5.183445475136939
lvz1=-2.1604884695041737
avx1=-3.8403484439022377
avy1=2.202673014875984
avz1=-4.458516908492356
shx1=1.1
shy1=1.0
shz1=0.9090909090909091
req1=1.0
rhos1=1.0
cex2=4.0
cey2=0.0
cez2=0.0
oriw2=0.6991224670489488
orii2=-0.6034610500998945
orij2=-0.3108095374698943
orik2=0.22463296396004437
lvx2=0.8640843026888417
lvy2=-5.125617071365572
lvz2=-2.1363852740221048
avx2=-0.23806524232371593
avy2=-3.7125329198561867
avz2=5.063481200097308
shx2=1.0
shy2=1.0
shz2=1.0
req2=1.0
rhos2=1.0
rhof=1.0
ndiv=2
tend=100.0
dt=0.05
tprint=1
logevery=100
nbody=2
impulse_scheme=1
energy_projection=0
impulse_pair_metric_correction=0
