cex1=-4.0
cey1=0.0
cez1=0.0
oriw1=0.2949548293129575
orii1=-0.23766303094821944
orij1=0.7100235145285853
orik1=0.5936198625399471
lvx1=6.153902829770264
lvy1=-5.137453231122545
lvz1=10.630343314388112
avx1=3.5487885191128994
avy1=5.09485716167859
avz1=0.9627814669291771
shx1=4.0
shy1=0.5
shz1=0.5
req1=1.0
rhos1=1.0
cex2=4.0
cey2=0.0
cez2=0.0
oriw2=0.25714979229012097
orii2=0.40753514196675505
orij2=0.4530791323931259
orik2=0.7500055947639168
lvx2=6.940241320410706
lvy2=-5.793910983421435
lvz2=11.988676123347615
avx2=-2.2234323947536043
avy2=-5.125558031366342
avz2=2.874616645296147
shx2=4.0
shy2=0.5
shz2=0.5
req2=1.0
rhos2=1.0
rhof=1.0
ndiv=2
tend=100.0
dt=0.05
tprint=1
logevery=100
nbody=2
impulse_scheme=1
energy_projection=0
impulse_pair_metric_correction=0
