cex1=-4.0
cey1=0.0
cez1=0.0
oriw1=0.6390430863116033
orii1=-0.45260285752977025
orij1=0.21178724025063925
orik1=0.5847399012041552
lvx1=2.2430099529635497
lvy1=-4.453978274285603
lvz1=-8.702515381886721
avx1=-4.976243951355705
avy1=3.8183217481587652
avz1=-0.368554973499199
shx1=4.0
shy1=0.5
shz1=0.5
req1=1.0
rhos1=1.0
cex2=4.0
cey2=0.0
cez2=0.0
oriw2=0.46746225131193325
orii2=-0.6069629445953035
orij2=-0.6247438059769747
orik2=0.1508979932934218
lvx2=3.204639718259482
lvy2=-6.363500823160379
lvz2=-12.433483143804613
avx2=-2.8522993478901775
avy2=-4.505303000184339
avz2=-3.323409531025733
shx2=4.0
shy2=0.5
shz2=0.5
req2=1.0
rhos2=1.0
rhof=1.0
ndiv=2
tend=100.0
dt=0.05
tprint=1
logevery=100
nbody=2
impulse_scheme=1
energy_projection=0
impulse_pair_metric_correction=0
