cex1=-1.5
cey1=0.0
cez1=0.0
oriw1=-0.4714403069177463
orii1=0.7991950946956862
orij1=0.23219581423374844
orik1=-0.2917470505077662
lvx1=0.08234770180114302
lvy1=2.1551908091925602
lvz1=0.19036459196562902
avx1=-3.190080309036428
avy1=1.6408433543238632
avz1=-5.158433707321118
shx1=1.0
shy1=0.8
shz1=0.6
req1=1.0
rhos1=0.03
cex2=1.5
cey2=0.0
cez2=0.0
oriw2=-0.20591371611787476
orii2=0.3258750053276009
orij2=-0.6161512980254833
orik2=0.686849765493718
lvx2=0.08126034990837856
lvy2=2.1267328103123586
lvz2=0.187850941980727
avx2=3.678726256308145
avy2=0.6371058507621394
avz2=-5.053660739546249
shx2=1.0
shy2=0.8
shz2=0.6
req2=1.0
rhos2=0.03
rhof=1.0
ndiv=2
tend=100.0
dt=0.05
tprint=1
logevery=100
nbody=2
impulse_scheme=1
energy_projection=0
impulse_pair_metric_correction=0
