cex1=-5.5
cey1=0.0
cez1=0.0
oriw1=0.7213437649999056
orii1=-0.05983207776152523
orij1=0.6846734894825579
orik1=0.08547226430999344
lvx1=0.5418321715711923
lvy1=0.016432738924210415
lvz1=0.49836734782635544
avx1=4.027239219720712
avy1=-4.807019387105402
avz1=0.39029025544272805
shx1=1.0
shy1=0.7
shz1=0.7
req1=1.0
rhos1=1.0
cex2=5.5
cey2=0.0
cez2=0.0
oriw2=-0.4538867232065044
orii2=-0.6750404091508477
orij2=0.5097224933707369
orik2=-0.28016114695338695
lvx2=0.5836833800320248
lvy2=0.017702006454606962
lvz2=0.5368613259588676
avx2=0.5614002013664987
avy2=-3.398937148792072
avz2=-5.254566935231134
shx2=1.0
shy2=0.7
shz2=0.7
req2=1.0
rhos2=1.0
rhof=1.0
ndiv=2
tend=100.0
dt=0.05
tprint=1
logevery=100
nbody=2
impulse_scheme=1
energy_projection=0
impulse_pair_metric_correction=0
