cex1=-1.5
cey1=0.0
cez1=0.0
oriw1=1.0
orii1=1.0
orij1=1.0
orik1=0.0
lvx1=2.0191633019363
lvy1=0.2933832569879453
lvz1=-0.39514477948166593
avx1=3.1721630544531614
avy1=-2.4375475251815137
avz1=4.845014058060235
shx1=1.0
shy1=0.7
shz1=0.7
req1=1.0
rhos1=0.03
cex2=1.5
cey2=0.0
cez2=0.0
oriw2=1.0
orii2=-1.0
orij2=0.0
orik2=1.0
lvx2=2.0054169990720725
lvy2=0.29138592715237316
lvz2=-0.39245466530973916
avx2=3.3898619854082486
avy2=3.8046111757302734
avz2=3.675892697801418
shx2=1.0
shy2=0.7
shz2=0.7
req2=1.0
rhos2=0.03
rhof=1.0
ndiv=2
tend=100.0
dt=0.05
tprint=1
logevery=100
nbody=2
impulse_scheme=1
energy_projection=1
