cex1=-4.0
cey1=0.0
cez1=0.0
oriw1=-0.9280578879982828
orii1=-0.33213015996287426
orij1=0.16750634872830822
orik1=-0.018431942461736434
lvx1=2.999842917560219
lvy1=-4.753071581564261
lvz1=0.11381181149261832
avx1=3.5794331273332247
avy1=-4.198746407750695
avz1=-3.0060945917764386
shx1=1.0201
shy1=0.9900990099009901
shz1=0.9900990099009901
req1=1.0
rhos1=1.0
cex2=4.0
cey2=0.0
cez2=0.0
oriw2=0.38086028330604477
orii2=-0.4768377752777537
orij2=-0.7764362353526971
orik2=0.1572194424984803
lvx2=2.998847697943806
lvy2=-4.751494715639549
lvz2=0.11377405359979201
avx2=-4.426656729434071
avy2=2.8307369959219537
avz2=3.445294742693612
shx2=1.0
shy2=1.0
shz2=1.0
req2=1.0
rhos2=1.0
rhof=1.0
ndiv=2
tend=100.0
dt=0.05
tprint=1
logevery=100
nbody=2
impulse_scheme=1
energy_projection=0
impulse_pair_metric_correction=0
