cex1=-4.0
cey1=0.0
cez1=0.0
oriw1=0.7594755920421531
orii1=0.5130814629893496
orij1=0.2665857733899247
orik1=0.2981212217454929
lvx1=-1.4667923465152881
lvy1=-1.4212157269022963
lvz1=5.235623614315764
avx1=3.4187454174131773
avy1=-2.2248924700575445
avz1=-4.779168428916799
shx1=1.00020001
shy1=0.9999000099990001
shz1=0.9999000099990001
req1=1.0
rhos1=1.0
cex2=4.0
cey2=0.0
cez2=0.0
oriw2=0.6615206529478226
orii2=-0.5340927451141143
orij2=0.4041572097334688
orik2=-0.3373311654152533
lvx2=-1.5260019188340659
lvy2=-1.4785855213128842
lvz2=5.446968482430332
avx2=-5.9418525220329474
avy2=1.0475362485816886
avz2=1.7537029448214823
shx2=4.0
shy2=0.5
shz2=0.5
req2=1.0
rhos2=1.0
rhof=1.0
ndiv=2
tend=100.0
dt=0.05
tprint=1
logevery=100
nbody=2
impulse_scheme=1
energy_projection=0
impulse_pair_metric_correction=0
