cex1=-4.0
cey1=0.0
cez1=0.0
oriw1=0.4148914312378751
orii1=-0.5196709650258876
orij1=0.46253290272137804
orik1=-0.5864047256755239
lvx1=3.886180928891176
lvy1=-2.7413379605960664
lvz1=-2.9946622589184337
avx1=-1.5216206451199688
avy1=5.333695875739156
avz1=-2.952080033099584
shx1=1.00020001
shy1=0.9999000099990001
shz1=0.9999000099990001
req1=1.0
rhos1=1.0
cex2=4.0
cey2=0.0
cez2=0.0
oriw2=0.09250234622799328
orii2=0.6234804295074141
orij2=0.7605554187685565
orik2=-0.15579128648725035
lvx2=3.886003007791343
lvy2=-2.7412124538649363
lvz2=-2.9945251542358453
avx2=3.7901256311289413
avy2=-0.2965754793060849
avz2=5.002540183715793
shx2=1.00020001
shy2=0.9999000099990001
shz2=0.9999000099990001
req2=1.0
rhos2=1.0
rhof=1.0
ndiv=2
tend=100.0
dt=0.05
tprint=1
logevery=100
nbody=2
impulse_scheme=1
energy_projection=0
impulse_pair_metric_correction=0
