cex1=-4.0
cey1=0.0
cez1=0.0
oriw1=0.039192513837883816
orii1=0.06412512769649666
orij1=0.6827119747753697
orik1=0.7268124065777153
lvx1=3.8936472922923797
lvy1=2.9402323846249074
lvz1=2.788777217906283
avx1=-1.8908175177065265
avy1=-3.9097634085917803
avz1=-4.5405921208503575
shx1=1.0
shy1=1.0
shz1=1.0
req1=1.0
rhos1=1.0
cex2=4.0
cey2=0.0
cez2=0.0
oriw2=-0.4867551507996471
orii2=-0.5032746650302521
orij2=0.6738535324323403
orik2=0.23602002359367144
lvx2=9.322811052849614
lvy2=7.039988195024502
lvz2=6.677349312686428
avx2=3.4628752360189585
avy2=2.8392636905803976
avz2=4.407436261532985
shx2=4.0
shy2=0.5
shz2=0.5
req2=1.0
rhos2=1.0
rhof=1.0
ndiv=2
tend=100.0
dt=0.05
tprint=1
logevery=100
nbody=2
impulse_scheme=1
energy_projection=0
impulse_pair_metric_correction=0
