cex1=-4.0
cey1=0.0
cez1=0.0
oriw1=-0.525756239810648
orii1=0.6618244488256627
orij1=-0.1465717641478261
orik1=0.5138924918612552
lvx1=1.152166290027623
lvy1=0.8789707144403424
lvz1=1.6219793538924943
avx1=-0.16994776143028922
avy1=4.738499979720678
avz1=-4.122639118929695
shx1=1.0
shy1=0.7
shz1=0.7
req1=1.0
rhos1=0.3
cex2=4.0
cey2=0.0
cez2=0.0
oriw2=-0.39499352097748835
orii2=0.2881352580763465
orij2=-0.7518164930801126
orik2=-0.4424140053974385
lvx2=1.0603056617243438
lvy2=0.8088915923661005
lvz2=1.4926611783538406
avx2=4.205105781400399
avy2=-4.667246318176218
avz2=0.11097196520251523
shx2=1.0
shy2=0.7
shz2=0.7
req2=1.0
rhos2=0.3
rhof=1.0
ndiv=2
tend=100.0
dt=0.05
tprint=1
logevery=100
nbody=2
impulse_scheme=1
energy_projection=0
impulse_pair_metric_correction=0
