cex1=-2.5
cey1=0.0
cez1=0.0
oriw1=1.0
orii1=2.0
orij1=0.0
orik1=0.0
lvx1=3.832736669983045
lvy1=-6.183114869480253
lvz1=3.1058474551849717
avx1=6.252114468187715
avy1=0.6124371315197312
avz1=0.12001267004430834
shx1=1.0
shy1=0.7
shz1=0.7
req1=1.0
rhos1=0.03
cex2=2.5
cey2=0.0
cez2=0.0
oriw2=1.0
orii2=0.0
orij2=1.0
orik2=0.0
lvx2=4.467662405019656
lvy2=-7.207400932247491
lvz2=3.6203577511411056
avx2=3.4254197507711353
avy2=-5.219752506194673
avz2=0.7064707421110167
shx2=1.0
shy2=0.7
shz2=0.7
req2=1.0
rhos2=0.03
rhof=1.0
ndiv=2
tend=100.0
dt=0.05
tprint=1
logevery=100
nbody=2
impulse_scheme=1
energy_projection=0
impulse_pair_metric_correction=0
