cex1=-4.0
cey1=0.0
cez1=0.0
oriw1=0.4719582936584609
orii1=-0.7411689587546693
orij1=0.07494439194477698
orik1=0.47149473140379944
lvx1=0.217681348162774
lvy1=-0.6979826633882832
lvz1=-0.1815497250596717
avx1=2.7229858493481744
avy1=-5.281785240996039
avz1=2.041203159071494
shx1=1.0
shy1=0.8
shz1=0.6
req1=1.0
rhos1=10.0
cex2=4.0
cey2=0.0
cez2=0.0
oriw2=-0.3420433381110958
orii2=0.15822446374495153
orij2=0.4279077124294143
orik2=0.8215025036905651
lvx2=0.22461814992849555
lvy2=-0.7202251173821566
lvz2=-0.1873351286506972
avx2=-3.1559237182796083
avy2=-3.1640725942027745
avz2=4.416696469916466
shx2=1.0
shy2=0.8
shz2=0.6
req2=1.0
rhos2=10.0
rhof=1.0
ndiv=2
tend=100.0
dt=0.05
tprint=1
logevery=100
nbody=2
impulse_scheme=1
energy_projection=0
impulse_pair_metric_correction=0
