cex1=-4.0
cey1=0.0
cez1=0.0
oriw1=0.6314787623067022
orii1=0.08352376910839093
orij1=0.7376194246711392
orik1=0.22399985959223614
lvx1=0.5686244860394347
lvy1=3.949138653940661
lvz1=-4.126171941596308
avx1=3.6384843576037773
avy1=3.4301292215630985
avz1=-3.8044792951478907
shx1=1.1
shy1=1.1
shz1=0.8264462809917354
req1=1.0
rhos1=1.0
cex2=4.0
cey2=0.0
cez2=0.0
oriw2=0.19152489509663725
orii2=0.9212654617277867
orij2=-0.2731141502155487
orik2=0.19999206118681065
lvx2=0.5567498562779065
lvy2=3.866668481544264
lvz2=-4.0400047691621195
avx2=-0.6712624455124264
avy2=6.155145374059458
avz2=-1.0686485660854883
shx2=1.0
shy2=1.0
shz2=1.0
req2=1.0
rhos2=1.0
rhof=1.0
ndiv=2
tend=100.0
dt=0.05
tprint=1
logevery=100
nbody=2
impulse_scheme=1
energy_projection=0
impulse_pair_metric_correction=0
