cex1=-4.0
cey1=0.0
cez1=0.0
oriw1=-0.49861136170499015
orii1=0.7666843952527002
orij1=-0.1891916401584649
orik1=-0.35747485414899727
lvx1=-1.101070233605903
lvy1=-5.49088337089626
lvz1=-0.3185496699894288
avx1=-4.160142369474696
avy1=1.4932407448827145
avz1=4.465631550842614
shx1=1.0
shy1=0.8
shz1=0.6
req1=1.0
rhos1=10.0
cex2=4.0
cey2=0.0
cez2=0.0
oriw2=-0.32998910836198764
orii2=-0.8079948654058252
orij2=-0.4830921670088834
orik2=-0.06981005668916132
lvx2=-1.0990819229953668
lvy2=-5.480967943765135
lvz2=-0.3179744335789879
avx2=3.9191498650504237
avy2=2.71362078788173
avz2=4.093280366553067
shx2=1.0
shy2=0.8
shz2=0.6
req2=1.0
rhos2=10.0
rhof=1.0
ndiv=2
tend=100.0
dt=0.05
tprint=1
logevery=100
nbody=2
impulse_scheme=1
energy_projection=0
impulse_pair_metric_correction=0
