cex1=-4.0
cey1=0.0
cez1=0.0
oriw1=-0.7716048447970363
orii1=-0.5566632976773751
orij1=0.08153079583311094
orik1=-0.2968243012886771
lvx1=-0.4482412378982465
lvy1=1.1093565029219619
lvz1=-0.01705786101316652
avx1=-4.131143559141095
avy1=-4.449101837618224
avz1=1.6178885427082514
shx1=1.0
shy1=0.8
shz1=0.6
req1=1.0
rhos1=1.0
cex2=4.0
cey2=0.0
cez2=0.0
oriw2=0.5987001793759036
orii2=-0.31392174512402005
orij2=0.4360888136756232
orik2=-0.5940014980962072
lvx2=-0.5102796863748207
lvy2=1.2628960491078034
lvz2=-0.01941873980367647
avx2=-1.6263223676885648
avy2=-1.3135617207647872
avz2=-5.9252045337232655
shx2=1.0
shy2=0.8
shz2=0.6
req2=1.0
rhos2=1.0
rhof=1.0
ndiv=2
tend=100.0
dt=0.05
tprint=1
logevery=100
nbody=2
impulse_scheme=1
energy_projection=0
impulse_pair_metric_correction=0
