cex1=-1.5
cey1=0.0
cez1=0.0
oriw1=0.15781397080209028
orii1=0.5217066534832603
orij1=-0.7431396934232097
orik1=0.3881498607365875
lvx1=-0.17007394485414354
lvy1=0.26662039888480865
lvz1=0.7190831084570537
avx1=1.591272112768943
avy1=3.1538186820216514
avz1=5.196123400037042
shx1=1.0
shy1=0.7
shz1=0.7
req1=1.0
rhos1=0.3
cex2=1.5
cey2=0.0
cez2=0.0
oriw2=-0.5737469644923293
orii2=0.7248702058821881
orij2=-0.30568650643301215
orik2=0.2278889315981191
lvx2=-0.16409975714965627
lvy2=0.2572548237513034
lvz2=0.6938238750763448
avx2=-3.212176889830827
avy2=0.6298749222309808
avz2=5.363170220600751
shx2=1.0
shy2=0.7
shz2=0.7
req2=1.0
rhos2=0.3
rhof=1.0
ndiv=2
tend=100.0
dt=0.05
tprint=1
logevery=100
nbody=2
impulse_scheme=1
energy_projection=0
impulse_pair_metric_correction=0
