cex1=-5.5
cey1=0.0
cez1=0.0
oriw1=-0.49669410956862337
orii1=-0.18843934952266192
orij1=0.8379778642618765
orik1=0.12481455074794948
lvx1=-1.6970317051438724
lvy1=0.45558417548749547
lvz1=-0.9900176489239997
avx1=3.500469611395662
avy1=-5.010614720726129
avz1=-1.4556339596531669
shx1=1.0
shy1=0.8
shz1=0.6
req1=1.0
rhos1=0.03
cex2=5.5
cey2=0.0
cez2=0.0
oriw2=0.8859495145260637
orii2=0.31588307777669317
orij2=0.13839383955555978
orik2=-0.3100943147792712
lvx2=-1.5854017134112166
lvy2=0.4256160507971637
lvz2=-0.9248947277495836
avx2=5.691205100416044
avy2=1.319892308014187
avz2=-2.3122470466195466
shx2=1.0
shy2=0.8
shz2=0.6
req2=1.0
rhos2=0.03
rhof=1.0
ndiv=2
tend=100.0
dt=0.05
tprint=1
logevery=100
nbody=2
impulse_scheme=1
energy_projection=0
impulse_pair_metric_correction=0
