cex1=-4.0
cey1=0.0
cez1=0.0
oriw1=-0.20856351120109848
orii1=0.9608996198555858
orij1=0.1763151684015928
orik1=-0.045674322637316835
lvx1=-3.9862541828272477
lvy1=3.9583152617727038
lvz1=-0.15573041384234865
avx1=-0.9929299314681213
avy1=3.9397294231326248
avz1=4.792811265640993
shx1=1.0
shy1=1.0
shz1=1.0
req1=1.0
rhos1=1.0
cex2=4.0
cey2=0.0
cez2=0.0
oriw2=-0.2459082713904346
orii2=-0.37093905999788
orij2=-0.6742081114321816
orik2=-0.5893867646195564
lvx2=-4.893382530470398
lvy2=4.85908571397599
lvz2=-0.19116906539527095
avx2=4.365024546840135
avy2=3.046431841842163
avz2=-3.3382976713964068
shx2=2.0
shy2=1.0
shz2=0.5
req2=1.0
rhos2=1.0
rhof=1.0
ndiv=2
tend=100.0
dt=0.05
tprint=1
logevery=100
nbody=2
impulse_scheme=1
energy_projection=0
impulse_pair_metric_correction=0
