cex1=-2.5
cey1=0.0
cez1=0.0
oriw1=0.7529117864644997
orii1=0.5212422988178881
orij1=-0.3742513949198935
orik1=-0.14617182056194292
lvx1=-4.347134640531738
lvy1=-1.128173472382242
lvz1=3.12601713489047
avx1=3.871702958062166
avy1=-1.431462254809562
avz1=-4.737008509802957
shx1=1.0
shy1=0.7
shz1=0.7
req1=1.0
rhos1=1.0
cex2=2.5
cey2=0.0
cez2=0.0
oriw2=0.6858691167897403
orii2=0.13596720820639688
orij2=0.49750103962012404
orik2=0.5134093771090624
lvx2=-4.503053814787567
lvy2=-1.168637799065635
lvz2=3.238138348215041
avx2=-2.7681301857365783
avy2=5.2091608336798325
avz2=-2.16345008910015
shx2=1.0
shy2=0.7
shz2=0.7
req2=1.0
rhos2=1.0
rhof=1.0
ndiv=2
tend=100.0
dt=0.05
tprint=1
logevery=100
nbody=2
impulse_scheme=1
energy_projection=0
impulse_pair_metric_correction=0
