cex1=-1.5
cey1=0.0
cez1=0.0
oriw1=0.9667345445011152
orii1=0.19054470301482873
orij1=-0.05908689587653847
orik1=0.16008052772553943
lvx1=0.0735810958285963
lvy1=0.360342081053031
lvz1=-2.0327773553852326
avx1=-3.3652518387971315
avy1=4.928859483304466
avz1=-1.9646480243722
shx1=1.0
shy1=0.7
shz1=0.7
req1=1.0
rhos1=1.0
cex2=1.5
cey2=0.0
cez2=0.0
oriw2=-0.3193292969831819
orii2=-0.412453545165305
orij2=0.5882143618134872
orik2=0.6179925062046874
lvx2=0.0743695942674384
lvy2=0.364203523522185
lvz2=-2.0545606918955857
avx2=3.013924056567064
avy2=-3.810448217672762
avz2=3.9843649137645816
shx2=1.0
shy2=0.7
shz2=0.7
req2=1.0
rhos2=1.0
rhof=1.0
ndiv=2
tend=100.0
dt=0.05
tprint=1
logevery=100
nbody=2
impulse_scheme=1
energy_projection=0
impulse_pair_metric_correction=0
