cex1=-4.0
cey1=0.0
cez1=0.0
oriw1=-0.8842005390745241
orii1=-0.4666360757906558
orij1=-0.020646006719823147
orik1=0.00373120322995582
lvx1=-1.8353400777679874
lvy1=-5.314171428653585
lvz1=0.036199769434519864
avx1=-0.6729346739425628
avy1=2.0651689914678193
avz1=5.895816615672763
shx1=1.001
shy1=1.0
shz1=0.9990009990009991
req1=1.0
rhos1=1.0
cex2=4.0
cey2=0.0
cez2=0.0
oriw2=-0.599821985332362
orii2=0.30562928837018005
orij2=-0.00854489450205729
orik2=0.7394128135082797
lvx2=-1.8345425000422366
lvy2=-5.3118620665829495
lvz2=0.036184038219292766
avx2=2.639160642515222
avy2=5.69552397302789
avz2=-0.2724984037029891
shx2=1.0
shy2=1.0
shz2=1.0
req2=1.0
rhos2=1.0
rhof=1.0
ndiv=2
tend=100.0
dt=0.05
tprint=1
logevery=100
nbody=2
impulse_scheme=1
energy_projection=0
impulse_pair_metric_correction=0
