cex1=-4.0
cey1=0.0
cez1=0.0
oriw1=0.6897973799249232
orii1=-0.5424131713211742
orij1=0.16037019253976353
orik1=-0.4519390750651872
lvx1=-0.13788520769384055
lvy1=-0.1989875703397332
lvz1=-1.815118274981704
avx1=-5.9330011395568985
avy1=-1.9839475772493917
avz1=0.5846940166448121
shx1=1.0
shy1=0.8
shz1=0.6
req1=1.0
rhos1=10.0
cex2=4.0
cey2=0.0
cez2=0.0
oriw2=0.2626128363745647
orii2=0.4911358622097628
orij2=-0.8305508678320862
orik2=-0.0023062883920523278
lvx2=-0.15901512031624995
lvy2=-0.22948097891159355
lvz2=-2.0932720464497883
avx2=3.371971889885854
avy2=-3.1549768972018812
avz2=4.26079147064245
shx2=1.0
shy2=0.8
shz2=0.6
req2=1.0
rhos2=10.0
rhof=1.0
ndiv=2
tend=100.0
dt=0.05
tprint=1
logevery=100
nbody=2
impulse_scheme=1
energy_projection=0
impulse_pair_metric_correction=0
