cex1=-4.0
cey1=0.0
cez1=0.0
oriw1=0.9202399079451477
orii1=-0.2702188024645266
orij1=0.1289525239278064
orik1=0.25201499398327815
lvx1=-5.055986488749874
lvy1=0.4646473289514766
lvz1=2.4099069408899445
avx1=-0.8613964720599842
avy1=5.770389971784576
avz1=2.332169225379678
shx1=1.001
shy1=1.0
shz1=0.9990009990009991
req1=1.0
rhos1=1.0
cex2=4.0
cey2=0.0
cez2=0.0
oriw2=0.42648332415309154
orii2=0.6093392713044298
orij2=-0.028015878354550997
orik2=0.6678568238968129
lvx2=-5.055401137912452
lvy2=0.4645935349582147
lvz2=2.409627936772924
avx2=3.002784097997276
avy2=-5.087912071610706
avz2=2.1388913054968848
shx2=1.001
shy2=1.0
shz2=0.9990009990009991
req2=1.0
rhos2=1.0
rhof=1.0
ndiv=2
tend=100.0
dt=0.05
tprint=1
logevery=100
nbody=2
impulse_scheme=1
energy_projection=0
impulse_pair_metric_correction=0
