cex1=-4.0
cey1=0.0
cez1=0.0
oriw1=-0.40003810085300995
orii1=-0.8760709836947588
orij1=-0.171337763431844
orik1=-0.2076355466103726
lvx1=-2.3571182606483196
lvy1=5.046647694261388
lvz1=1.1107044660791703
avx1=4.039703105664661
avy1=-1.4041869092150403
avz1=-4.602985503608482
shx1=1.1
shy1=1.0
shz1=0.9090909090909091
req1=1.0
rhos1=1.0
cex2=4.0
cey2=0.0
cez2=0.0
oriw2=-0.31234806182561586
orii2=0.3685206596533103
orij2=-0.21394458951604356
orik2=-0.8490341125651442
lvx2=-3.4329441759275783
lvy2=7.350017221964846
lvz2=1.6176474857712422
avx2=-2.081775968183919
avy2=3.66583604366761
avz2=-4.658999090319372
shx2=2.0
shy2=1.0
shz2=0.5
req2=1.0
rhos2=1.0
rhof=1.0
ndiv=2
tend=100.0
dt=0.05
tprint=1
logevery=100
nbody=2
impulse_scheme=1
energy_projection=0
impulse_pair_metric_correction=0
