cex1=-4.0
cey1=0.0
cez1=0.0
oriw1=0.22097794436939472
orii1=0.4631690122573854
orij1=-0.8380954895345354
orik1=0.18503827876594123
lvx1=-4.789508822384866
lvy1=-2.6371115746028786
lvz1=0.05818652414936099
avx1=4.01480255962383
avy1=-4.831296958022464
avz1=0.13545373748353884
shx1=1.1
shy1=1.1
shz1=0.8264462809917354
req1=1.0
rhos1=1.0
cex2=4.0
cey2=0.0
cez2=0.0
oriw2=-0.8376753724156137
orii2=-0.4864502995127286
orij2=0.04349981247345198
orik2=0.24448689712766575
lvx2=-5.137676427994614
lvy2=-2.828813241037654
lvz2=0.06241632381005967
avx2=4.0165358292353615
avy2=-1.3991436689856203
avz2=4.624743725912118
shx2=1.1
shy2=1.1
shz2=0.8264462809917354
req2=1.0
rhos2=1.0
rhof=1.0
ndiv=2
tend=100.0
dt=0.05
tprint=1
logevery=100
nbody=2
impulse_scheme=1
energy_projection=0
impulse_pair_metric_correction=0
