cex1=-4.0
cey1=0.0
cez1=0.0
oriw1=0.2706337884447446
orii1=0.09312295299896431
orij1=0.6122805596993238
orik1=-0.737019663503682
lvx1=-4.896008833647011
lvy1=-1.0708086233988405
lvz1=-2.542973518004976
avx1=-3.078819012752602
avy1=3.7719589850537196
avz1=3.971349456562976
shx1=1.0003
shy1=1.0
shz1=0.9997000899730081
req1=1.0
rhos1=1.0
cex2=4.0
cey2=0.0
cez2=0.0
oriw2=0.7199431488585619
orii2=-0.05309660552829199
orij2=0.5726554028526443
orik2=-0.3884950482009613
lvx2=-5.867018031466338
lvy2=-1.2831785470964678
lvz2=-3.047313023853962
avx2=4.7277651304780655
avy2=0.4987520581034629
avz2=4.108272247542842
shx2=2.0
shy2=1.0
shz2=0.5
req2=1.0
rhos2=1.0
rhof=1.0
ndiv=2
tend=100.0
dt=0.05
tprint=1
logevery=100
nbody=2
impulse_scheme=1
energy_projection=0
impulse_pair_metric_correction=0
