cex1=-5.5
cey1=0.0
cez1=0.0
oriw1=0.3581740540469933
orii1=-0.7545517556417105
orij1=-0.1468210557439064
orik1=0.5299118536660589
lvx1=-1.0802281824091031
lvy1=1.538850582009463
lvz1=0.47271588645818535
avx1=4.886314532019845
avy1=3.475519690887909
avz1=1.876995145646235
shx1=1.0
shy1=0.8
shz1=0.6
req1=1.0
rhos1=4.0
cex2=5.5
cey2=0.0
cez2=0.0
oriw2=-0.9550631855017855
orii2=-0.198140141002764
orij2=0.07268237724659331
orik2=-0.2081155166256727
lvx2=-1.161520385516921
lvy2=1.6546562572384773
lvz2=0.5082899591217492
avx2=-3.7603862394098417
avy2=2.937591765822713
avz2=-4.087599240652773
shx2=1.0
shy2=0.8
shz2=0.6
req2=1.0
rhos2=4.0
rhof=1.0
ndiv=2
tend=100.0
dt=0.05
tprint=1
logevery=100
nbody=2
impulse_scheme=1
energy_projection=0
impulse_pair_metric_correction=0
