cex1=-2.5
cey1=0.0
cez1=0.0
oriw1=0.2405819920687685
orii1=0.7377193455278349
orij1=0.6141363400513811
orik1=-0.14396884438829236
lvx1=0.917544999369287
lvy1=1.4783497342242011
lvz1=1.298443712761412
avx1=-0.6754084837356455
avy1=-1.281878469100717
avz1=-6.113839102798777
shx1=1.0
shy1=0.7
shz1=0.7
req1=1.0
rhos1=10.0
cex2=2.5
cey2=0.0
cez2=0.0
oriw2=0.9014166568580111
orii2=-0.2461724110136336
orij2=0.1659363493963217
orik2=-0.3151385135836039
lvx2=0.8233062540674121
lvy2=1.3265121413362067
lvz2=1.1650838160589554
avx2=4.779428036884829
avy2=2.2003660848913236
avz2=3.434221067004378
shx2=1.0
shy2=0.7
shz2=0.7
req2=1.0
rhos2=10.0
rhof=1.0
ndiv=2
tend=100.0
dt=0.05
tprint=1
logevery=100
nbody=2
impulse_scheme=1
energy_projection=0
impulse_pair_metric_correction=0
