cex1=-1.5
cey1=0.0
cez1=0.0
oriw1=0.700152440204271
orii1=0.3696548521620881
orij1=0.6108083175093917
orik1=-0.007419569419834733
lvx1=5.505917387430752
lvy1=-3.757410186989654
lvz1=4.499925949187928
avx1=-6.042413842086879
avy1=0.21402243782263558
avz1=-1.7093410898421577
shx1=1.0
shy1=0.7
shz1=0.7
req1=1.0
rhos1=10.0
cex2=1.5
cey2=0.0
cez2=0.0
oriw2=0.30827805507963923
orii2=0.8130900984334212
orij2=0.25750793658338844
orik2=-0.42135352755424993
lvx2=6.170563869413653
lvy2=-4.2109857287968175
lvz2=5.043134235992057
avx2=-4.041114352252973
avy2=4.789486691139111
avz2=-0.45675992794224307
shx2=1.0
shy2=0.7
shz2=0.7
req2=1.0
rhos2=10.0
rhof=1.0
ndiv=2
tend=100.0
dt=0.05
tprint=1
logevery=100
nbody=2
impulse_scheme=1
energy_projection=0
impulse_pair_metric_correction=0
