cex1=-4.0
cey1=0.0
cez1=0.0
oriw1=-0.18902270854716163
orii1=0.46152128414729465
orij1=0.19785380583254497
orik1=0.8438734451623089
lvx1=0.8089711683567651
lvy1=2.5942847262975244
lvz1=-4.918452773698572
avx1=5.370557410172465
avy1=-3.1908948756477584
avz1=0.6735878569005976
shx1=1.0003
shy1=1.0
shz1=0.9997000899730081
req1=1.0
rhos1=1.0
cex2=4.0
cey2=0.0
cez2=0.0
oriw2=0.5303836363174889
orii2=-0.7656797801977248
orij2=0.34482667044489185
orik2=-0.11628516617734044
lvx2=0.8090583839999695
lvy2=2.594564417613989
lvz2=-4.918983034898239
avx2=2.2908316433641285
avy2=-0.0331641931863174
avz2=5.850590408019462
shx2=1.0
shy2=1.0
shz2=1.0
req2=1.0
rhos2=1.0
rhof=1.0
ndiv=2
tend=100.0
dt=0.05
tprint=1
logevery=100
nbody=2
impulse_scheme=1
energy_projection=0
impulse_pair_metric_correction=0
