cex1=-4.0
cey1=0.0
cez1=0.0
oriw1=-0.5859492806174458
orii1=-0.04023096974291129
orij1=0.02366501660042495
orik1=0.8090023959215105
lvx1=-2.7271523509131135
lvy1=4.3376537946923355
lvz1=-2.308105655809453
avx1=-5.942179685483606
avy1=-1.9079272726771428
avz1=-0.7271394033870969
shx1=1.0001
shy1=1.0
shz1=0.9999000099990001
req1=1.0
rhos1=1.0
cex2=4.0
cey2=0.0
cez2=0.0
oriw2=-0.3136904050485989
orii2=-0.7426092235190342
orij2=0.37067491224821447
orik2=0.4612266041271704
lvx2=-2.7272724699861026
lvy2=4.33784484927445
lvz2=-2.308207317717576
avx2=-0.077588269374933
avy2=-4.562940793428952
avz2=-4.318792537327395
shx2=1.0
shy2=1.0
shz2=1.0
req2=1.0
rhos2=1.0
rhof=1.0
ndiv=2
tend=100.0
dt=0.05
tprint=1
logevery=100
nbody=2
impulse_scheme=1
energy_projection=0
impulse_pair_metric_correction=0
