cex1=-1.5
cey1=0.0
cez1=0.0
oriw1=1.0
orii1=1.0
orij1=1.0
orik1=0.0
lvx1=0.7821472222273841
lvy1=-0.05683979124909658
lvz1=0.8290650462181847
avx1=-0.9606397875407261
avy1=-1.0046087044154304
avz1=-6.127507662497362
shx1=1.0
shy1=0.8
shz1=0.6
req1=1.0
rhos1=0.1
cex2=1.5
cey2=0.0
cez2=0.0
oriw2=1.0
orii2=-1.0
orij2=0.0
orik2=1.0
lvx2=0.6584700101505065
lvy2=-0.047851985990771076
lvz2=0.697968942271601
avx2=-5.488525670975224
avy2=-0.8371727306985496
avz2=-2.94170790228706
shx2=1.0
shy2=0.8
shz2=0.6
req2=1.0
rhos2=0.1
rhof=1.0
ndiv=2
tend=100.0
dt=0.05
tprint=1
logevery=100
nbody=2
impulse_scheme=1
energy_projection=1
