cex1=-2.5
cey1=0.0
cez1=0.0
oriw1=0.8187565506479426
orii1=-0.33073640206358745
orij1=0.2385668153573196
orik1=-0.4041497466674729
lvx1=3.5188626395959655
lvy1=3.296926533912301
lvz1=7.802199052602323
avx1=3.579765360347331
avy1=1.1462375372808142
avz1=5.034862170640144
shx1=1.0
shy1=0.7
shz1=0.7
req1=1.0
rhos1=1.0
cex2=2.5
cey2=0.0
cez2=0.0
oriw2=0.37892614468851965
orii2=-0.24961733210914888
orij2=-0.8335977278459442
orik2=0.3149936388441597
lvx2=3.7138987433295925
lvy2=3.4796616308253476
lvz2=8.234642901546787
avx2=-1.0652575108255078
avy2=-4.835793027158155
avz2=3.8676543070026104
shx2=1.0
shy2=0.7
shz2=0.7
req2=1.0
rhos2=1.0
rhof=1.0
ndiv=2
tend=100.0
dt=0.05
tprint=1
logevery=100
nbody=2
impulse_scheme=1
energy_projection=0
impulse_pair_metric_correction=0
