cex1=-4.0
cey1=0.0
cez1=0.0
oriw1=-0.719514221335102
orii1=-0.13157285521601136
orij1=-0.6819001896541518
orik1=-2.040784468639396e-05
lvx1=-0.47750088007826363
lvy1=-1.1924098237044578
lvz1=4.97654806741828
avx1=-5.858933077632485
avy1=1.8711057791082975
avz1=-1.2846337842236988
shx1=2.0
shy1=1.0
shz1=0.5
req1=1.0
rhos1=1.0
cex2=4.0
cey2=0.0
cez2=0.0
oriw2=-0.7851200749274603
orii2=-0.5100719282190711
orij2=0.34914383702897384
orik2=0.03888029132430917
lvx2=-0.7941791618739864
lvy2=-1.9832152649534396
lvz2=8.276991599596778
avx2=0.6412467378884891
avy2=-4.190300654424489
avz2=4.637736587068577
shx2=2.0
shy2=1.0
shz2=0.5
req2=1.0
rhos2=1.0
rhof=1.0
ndiv=2
tend=100.0
dt=0.05
tprint=1
logevery=100
nbody=2
impulse_scheme=1
energy_projection=0
impulse_pair_metric_correction=0
