cex1=-4.0
cey1=0.0
cez1=0.0
oriw1=0.12477216543949333
orii1=0.1645131929753696
orij1=0.820453273984837
orik1=-0.5331263839617679
lvx1=-3.4169381180111107
lvy1=-3.4516280628722837
lvz1=-2.81344734222934
avx1=6.109895633267078
avy1=0.18524109517690276
avz1=-1.4537120387473546
shx1=1.003
shy1=1.003
shz1=0.9940268924035474
req1=1.0
rhos1=1.0
cex2=4.0
cey2=0.0
cez2=0.0
oriw2=-0.5887152901635471
orii2=-0.20233949132438375
orij2=0.2200725714652703
orik2=0.7510266977058164
lvx2=-3.4179015322166864
lvy2=-3.4526012579941407
lvz2=-2.8142406007088705
avx2=-5.386080089709303
avy2=2.424128684437614
avz2=2.142932335114953
shx2=1.003
shy2=1.003
shz2=0.9940268924035474
req2=1.0
rhos2=1.0
rhof=1.0
ndiv=2
tend=100.0
dt=0.05
tprint=1
logevery=100
nbody=2
impulse_scheme=1
energy_projection=0
impulse_pair_metric_correction=0
