cex1=-2.5
cey1=0.0
cez1=0.0
oriw1=-0.7262499440929165
orii1=0.1505672013449251
orij1=0.6431033215864537
orik1=-0.1905482992541861
lvx1=-1.1698952755481427
lvy1=-0.4907662672070432
lvz1=-0.028759266125852733
avx1=2.7603196251980457
avy1=4.460783049243623
avz1=-3.458390920454876
shx1=1.0
shy1=0.8
shz1=0.6
req1=1.0
rhos1=0.1
cex2=2.5
cey2=0.0
cez2=0.0
oriw2=-0.7222213643998252
orii2=-0.30416757550627804
orij2=0.10328493304960792
orik2=0.6125443734294077
lvx2=-1.1869499861293071
lvy2=-0.4979206483086277
lvz2=-0.029178518148281235
avx2=-1.381633940390719
avy2=5.220729453766719
avz2=3.2114621638267056
shx2=1.0
shy2=0.8
shz2=0.6
req2=1.0
rhos2=0.1
rhof=1.0
ndiv=2
tend=100.0
dt=0.05
tprint=1
logevery=100
nbody=2
impulse_scheme=1
energy_projection=0
impulse_pair_metric_correction=0
