cex1=-1.5
cey1=0.0
cez1=0.0
oriw1=1.0
orii1=2.0
orij1=0.0
orik1=0.0
lvx1=0.6046196234896043
lvy1=0.6404126302007813
lvz1=1.9873558792500108
avx1=-0.40717579835884093
avy1=-1.6901331565280842
avz1=-6.037886665613448
shx1=1.0
shy1=0.7
shz1=0.7
req1=1.0
rhos1=1.0
cex2=1.5
cey2=0.0
cez2=0.0
oriw2=1.0
orii2=0.0
orij2=1.0
orik2=0.0
lvx2=0.5191066929222397
lvy2=0.549837401324234
lvz2=1.7062789530098355
avx2=-5.517284770921779
avy2=2.603511324854028
avz2=-1.5032348925796235
shx2=1.0
shy2=0.7
shz2=0.7
req2=1.0
rhos2=1.0
rhof=1.0
ndiv=2
tend=100.0
dt=0.05
tprint=1
logevery=100
nbody=2
impulse_scheme=1
energy_projection=0
impulse_pair_metric_correction=0
