cex1=-4.0
cey1=0.0
cez1=0.0
oriw1=-0.032606077037909895
orii1=-0.569855922676458
orij1=0.5336742307886346
orik1=-0.6240135307210251
lvx1=0.566794552563669
lvy1=-2.0102649245810835
lvz1=-5.217013657359003
avx1=2.8802417377562657
avy1=5.177530398964967
avz1=2.0918422751818246
shx1=1.001
shy1=1.0
shz1=0.9990009990009991
req1=1.0
rhos1=1.0
cex2=4.0
cey2=0.0
cez2=0.0
oriw2=-0.029663606189793232
orii2=0.761095348189779
orij2=-0.4992770446317544
orik2=0.41300892742830286
lvx2=0.5668934595212932
lvy2=-2.0106157204502564
lvz2=-5.217924038283448
avx2=-0.6886250141608509
avy2=-5.354154458703072
avz2=-3.215158351711376
shx2=1.001
shy2=1.0
shz2=0.9990009990009991
req2=1.0
rhos2=1.0
rhof=1.0
ndiv=2
tend=100.0
dt=0.05
tprint=1
logevery=100
nbody=2
impulse_scheme=1
energy_projection=0
impulse_pair_metric_correction=0
