cex1=-4.0
cey1=0.0
cez1=0.0
oriw1=-0.47767237701760695
orii1=0.6263515381703223
orij1=0.610721977399886
orik1=0.08081780241254861
lvx1=-4.650275343732278
lvy1=-2.0138236245117227
lvz1=-2.4294418536610545
avx1=4.401883932499002
avy1=-1.0071904143327952
avz1=-4.368913242265252
shx1=1.0
shy1=1.0
shz1=1.0
req1=1.0
rhos1=1.0
cex2=4.0
cey2=0.0
cez2=0.0
oriw2=-0.3515909284490348
orii2=0.21180184239893055
orij2=-0.9118462376662847
orik2=0.00776127841309774
lvx2=-4.650275343732278
lvy2=-2.013823624511723
lvz2=-2.429441853661055
avx2=-1.5247148084828652
avy2=-0.08571954651759502
avz2=6.094777642908338
shx2=1.0
shy2=1.0
shz2=1.0
req2=1.0
rhos2=1.0
rhof=1.0
ndiv=2
tend=100.0
dt=0.05
tprint=1
logevery=100
nbody=2
impulse_scheme=1
energy_projection=0
impulse_pair_metric_correction=0
