cex1=-1.5
cey1=0.0
cez1=0.0
oriw1=0.5828979824214988
orii1=0.4624570216643035
orij1=-0.6551614335218631
orik1=0.13086994012341233
lvx1=0.9690962026110312
lvy1=0.7824659284770027
lvz1=-5.130235800783043
avx1=5.253227667074493
avy1=-0.5861445739192638
avz1=-3.396829583700882
shx1=1.0
shy1=0.8
shz1=0.6
req1=1.0
rhos1=0.1
cex2=1.5
cey2=0.0
cez2=0.0
oriw2=-0.39362546191921005
orii2=-0.887352779979895
orij2=-0.1776326436822645
orik2=0.16158800540043258
lvx2=1.1086472744357792
lvy2=0.8951420061369002
lvz2=-5.868996207421766
avx2=2.2254460439070196
avy2=-0.5398425228099178
avz2=-5.8510150880494445
shx2=1.0
shy2=0.8
shz2=0.6
req2=1.0
rhos2=0.1
rhof=1.0
ndiv=2
tend=100.0
dt=0.05
tprint=1
logevery=100
nbody=2
impulse_scheme=1
energy_projection=0
impulse_pair_metric_correction=0
