cex1=-5.5
cey1=0.0
cez1=0.0
oriw1=0.7561445464273163
orii1=-0.21258511484445805
orij1=-0.40828239978662045
orik1=-0.4651435003085337
lvx1=0.6439929899169207
lvy1=3.4827542427499143
lvz1=0.21878865668432462
avx1=0.4940431090377829
avy1=-5.9435904108397715
avz1=-1.976884427310619
shx1=1.0
shy1=0.7
shz1=0.7
req1=1.0
rhos1=0.1
cex2=5.5
cey2=0.0
cez2=0.0
oriw2=0.4948504764365623
orii2=-0.6423465601609217
orij2=-0.5634123168579069
orik2=-0.15836812757857602
lvx2=0.6434644648535018
lvy2=3.4798959462531482
lvz2=0.2186090968281462
avx2=-0.6579648378297879
avy2=5.861578604529262
avz2=2.1650395237643676
shx2=1.0
shy2=0.7
shz2=0.7
req2=1.0
rhos2=0.1
rhof=1.0
ndiv=2
tend=100.0
dt=0.05
tprint=1
logevery=100
nbody=2
impulse_scheme=1
energy_projection=0
impulse_pair_metric_correction=0
