cex1=-5.5
cey1=0.0
cez1=0.0
oriw1=-0.02112646776356376
orii1=0.6525886232206589
orij1=-0.3898455621323498
orik1=0.6493860168563165
lvx1=-1.2457466259569099
lvy1=5.137870931873494
lvz1=1.0787786049247392
avx1=-3.7923225821947217
avy1=4.8027697957074595
avz1=1.4248190503967586
shx1=1.0
shy1=0.8
shz1=0.6
req1=1.0
rhos1=0.03
cex2=5.5
cey2=0.0
cez2=0.0
oriw2=0.5089802751131886
orii2=0.0425464399986585
orij2=0.4293244582046182
orik2=0.7448552809616473
lvx2=-1.3497473003661824
lvy2=5.5668040959767415
lvz2=1.1688400187891248
avx2=3.335383109921039
avy2=0.14481395516357065
avz2=5.322843791884257
shx2=1.0
shy2=0.8
shz2=0.6
req2=1.0
rhos2=0.03
rhof=1.0
ndiv=2
tend=100.0
dt=0.05
tprint=1
logevery=100
nbody=2
impulse_scheme=1
energy_projection=0
impulse_pair_metric_correction=0
