cex1=-4.0
cey1=0.0
cez1=0.0
oriw1=-0.07620775297934028
orii1=-0.23978326469498248
orij1=0.0962620940741141
orik1=-0.9630316576325632
lvx1=-1.619013348806446
lvy1=-5.178931985839626
lvz1=-1.4629399666150689
avx1=0.011888466506946156
avy1=-1.5074966941594188
avz1=6.099649988796076
shx1=1.0
shy1=1.0
shz1=1.0
req1=1.0
rhos1=1.0
cex2=4.0
cey2=0.0
cez2=0.0
oriw2=-0.05109719823093209
orii2=-0.20210848154113653
orij2=0.5239057236403161
orik2=-0.8258716793540033
lvx2=-1.6190133488064462
lvy2=-5.178931985839627
lvz2=-1.462939966615069
avx2=5.136403567927211
avy2=3.1567778042896153
avz2=-1.7693303496200177
shx2=1.0
shy2=1.0
shz2=1.0
req2=1.0
rhos2=1.0
rhof=1.0
ndiv=2
tend=100.0
dt=0.05
tprint=1
logevery=100
nbody=2
impulse_scheme=1
energy_projection=0
impulse_pair_metric_correction=0
