cex1=-4.0
cey1=0.0
cez1=0.0
oriw1=0.0831194607996676
orii1=0.1853806154778705
orij1=0.37815664557499157
orik1=-0.9031737009285028
lvx1=5.59942435436246
lvy1=0.4000053878000961
lvz1=-0.26155323669121094
avx1=4.812103527435669
avy1=2.5223837625459495
avz1=-3.155892488669911
shx1=1.0001
shy1=1.0001
shz1=0.9998000299960006
req1=1.0
rhos1=1.0
cex2=4.0
cey2=0.0
cez2=0.0
oriw2=0.497505870884922
orii2=0.27936120304942225
orij2=-0.20205954806828602
orik2=-0.7960007322234414
lvx2=5.599492310323783
lvy2=0.4000102423617335
lvz2=-0.2615564109642275
avx2=4.189187211952765
avy2=-4.319299650481827
avz2=-1.8090822637228032
shx2=1.0
shy2=1.0
shz2=1.0
req2=1.0
rhos2=1.0
rhof=1.0
ndiv=2
tend=100.0
dt=0.05
tprint=1
logevery=100
nbody=2
impulse_scheme=1
energy_projection=0
impulse_pair_metric_correction=0
