cex1=-4.0
cey1=0.0
cez1=0.0
oriw1=-0.8137479422489724
orii1=0.23397345700590244
orij1=-0.5303627844000547
orik1=-0.04226138693525418
lvx1=-0.6970127371370153
lvy1=1.078209541441905
lvz1=1.2696586300729975
avx1=-5.9892036730736145
avy1=-0.1068229402876954
avz1=-1.8964297577888962
shx1=1.0
shy1=0.7
shz1=0.7
req1=1.0
rhos1=10.0
cex2=4.0
cey2=0.0
cez2=0.0
oriw2=-0.8001449319090822
orii2=-0.39142870419705084
orij2=-0.3951467230414133
orik2=0.22452332783134232
lvx2=-0.7912299107948111
lvy2=1.2239541601454151
lvz2=1.4412819609852296
avx2=3.596473232688075
avy2=4.745185824891351
avz2=2.00674098432404
shx2=1.0
shy2=0.7
shz2=0.7
req2=1.0
rhos2=10.0
rhof=1.0
ndiv=2
tend=100.0
dt=0.05
tprint=1
logevery=100
nbody=2
impulse_scheme=1
energy_projection=0
impulse_pair_metric_correction=0
