cex1=-1.5
cey1=0.0
cez1=0.0
oriw1=0.33478683951506155
orii1=-0.8991442556048994
orij1=0.07392655549292586
orik1=-0.2720151541609014
lvx1=-0.5722173623948836
lvy1=0.6834701373147575
lvz1=1.8562069850049323
avx1=-3.462971937874024
avy1=-4.896986142293123
avz1=-1.872370071338351
shx1=1.0
shy1=0.7
shz1=0.7
req1=1.0
rhos1=0.03
cex2=1.5
cey2=0.0
cez2=0.0
oriw2=0.9109918067817083
orii2=0.30373705249263266
orij2=0.27433422552410885
orik2=-0.05077857447559782
lvx2=-0.5924183423864537
lvy2=0.7075986721619806
lvz2=1.9217366292075504
avx2=2.1369318329177838
avy2=-5.831174404648841
avz2=-0.9535958307314016
shx2=1.0
shy2=0.7
shz2=0.7
req2=1.0
rhos2=0.03
rhof=1.0
ndiv=2
tend=100.0
dt=0.05
tprint=1
logevery=100
nbody=2
impulse_scheme=1
energy_projection=0
impulse_pair_metric_correction=0
