cex1=-4.0
cey1=0.0
cez1=0.0
oriw1=0.3127072672596913
orii1=0.49782964387427375
orij1=-0.8088958561869034
orik1=-0.008203933608103028
lvx1=-1.2551703431473396
lvy1=1.3359160201731122
lvz1=0.1237154509649104
avx1=5.956125695836109
avy1=-1.5287126694363211
avz1=-1.2907446974762857
shx1=1.0
shy1=0.8
shz1=0.6
req1=1.0
rhos1=0.03
cex2=4.0
cey2=0.0
cez2=0.0
oriw2=0.0847975173596056
orii2=0.3458159913311745
orij2=-0.8064508415329844
orik2=0.4720780882227279
lvx2=-1.367890172526269
lvy2=1.4558871672613247
lvz2=0.13482564377693498
avx2=-3.580904130003648
avy2=5.135635213436023
avz2=-0.5299001515343967
shx2=1.0
shy2=0.8
shz2=0.6
req2=1.0
rhos2=0.03
rhof=1.0
ndiv=2
tend=100.0
dt=0.05
tprint=1
logevery=100
nbody=2
impulse_scheme=1
energy_projection=0
impulse_pair_metric_correction=0
