cex1=-2.5
cey1=0.0
cez1=0.0
oriw1=0.220089501629775
orii1=0.4833281891677334
orij1=0.8458519374204304
orik1=0.04988960603473802
lvx1=0.6764886218930385
lvy1=1.816592329361879
lvz1=0.7856243585246913
avx1=2.950767428482961
avy1=-5.37577125967488
avz1=1.3683831886628237
shx1=1.0
shy1=0.7
shz1=0.7
req1=1.0
rhos1=0.03
cex2=2.5
cey2=0.0
cez2=0.0
oriw2=0.7676025042695103
orii2=0.37027454611320626
orij2=0.471776015289537
orik2=0.22607641924217162
lvx2=0.670015793106759
lvy2=1.799210675418426
lvz2=0.778107289059678
avx2=-3.2768631664116317
avy2=3.263149080913338
avz2=-4.253521302251419
shx2=1.0
shy2=0.7
shz2=0.7
req2=1.0
rhos2=0.03
rhof=1.0
ndiv=2
tend=100.0
dt=0.05
tprint=1
logevery=100
nbody=2
impulse_scheme=1
energy_projection=0
impulse_pair_metric_correction=0
