cex1=-2.5
cey1=0.0
cez1=0.0
oriw1=0.23557466219385936
orii1=0.7481125845188079
orij1=0.030328210113885385
orik1=-0.6196066002619134
lvx1=-0.9391671459761962
lvy1=-3.0295289306163737
lvz1=-1.1882036616118863
avx1=-3.2378239349912845
avy1=4.771673526717195
avz1=-2.495204505602954
shx1=1.0
shy1=0.7
shz1=0.7
req1=1.0
rhos1=0.3
cex2=2.5
cey2=0.0
cez2=0.0
oriw2=-0.6961031695632153
orii2=0.2978030946703473
orij2=0.6461936360157627
orik2=-0.09585133750521006
lvx2=-0.9849896670447318
lvy2=-3.1773414407171323
lvz2=-1.2461768217157023
avx2=-0.04448509571345786
avy2=1.1899138974393435
avz2=6.169322782712662
shx2=1.0
shy2=0.7
shz2=0.7
req2=1.0
rhos2=0.3
rhof=1.0
ndiv=2
tend=100.0
dt=0.05
tprint=1
logevery=100
nbody=2
impulse_scheme=1
energy_projection=0
impulse_pair_metric_correction=0
