cex1=-4.0
cey1=0.0
cez1=0.0
oriw1=0.17356117574767915
orii1=0.6773622316124497
orij1=0.6986094731327499
orik1=-0.15166321079044484
lvx1=-1.2326889250942135
lvy1=8.346309366530422
lvz1=-6.677738723495785
avx1=4.728117816414813
avy1=-2.3661681377490966
avz1=3.394785392680843
shx1=4.0
shy1=0.5
shz1=0.5
req1=1.0
rhos1=1.0
cex2=4.0
cey2=0.0
cez2=0.0
oriw2=0.827231499704464
orii2=0.48903332158252205
orij2=0.04008207254602019
orik2=-0.27372958141034864
lvx2=-0.6438363153132661
lvy2=4.359296948012121
lvz2=-3.487798589600894
avx2=3.11097824370591
avy2=-5.0258783502224995
avz2=-2.1309103172847736
shx2=1.0
shy2=1.0
shz2=1.0
req2=1.0
rhos2=1.0
rhof=1.0
ndiv=2
tend=100.0
dt=0.05
tprint=1
logevery=100
nbody=2
impulse_scheme=1
energy_projection=0
impulse_pair_metric_correction=0
