cex1=-4.0
cey1=0.0
cez1=0.0
oriw1=-0.15205636690512184
orii1=0.7927009374278912
orij1=0.41702170044678366
orik1=-0.4178480422845495
lvx1=-4.304084040016129
lvy1=5.517820288614339
lvz1=4.948001963300303
avx1=-1.7972824893279236
avy1=5.508384915744591
avz1=2.430203464302961
shx1=2.0
shy1=2.0
shz1=0.25
req1=1.0
rhos1=1.0
cex2=4.0
cey2=0.0
cez2=0.0
oriw2=0.7440397056029914
orii2=0.444810685040013
orij2=-0.35141797556044757
orik2=-0.353629435162636
lvx2=-5.5089307697000445
lvy2=7.062429470942395
lvz2=6.333101308137824
avx2=0.5342085262754636
avy2=1.8766847443752703
avz2=-5.972528210485168
shx2=2.0
shy2=2.0
shz2=0.25
req2=1.0
rhos2=1.0
rhof=1.0
ndiv=2
tend=100.0
dt=0.05
tprint=1
logevery=100
nbody=2
impulse_scheme=1
energy_projection=0
impulse_pair_metric_correction=0
