cex1=-4.0
cey1=0.0
cez1=0.0
oriw1=0.02615338396041914
orii1=0.7487248456255794
orij1=0.4246074226388371
orik1=-0.5083656584490884
lvx1=-0.017734600086387983
lvy1=-1.6027573235008272
lvz1=5.3851318291549015
avx1=5.704263303813419
avy1=2.0143019116800396
avz1=-1.6977589857595194
shx1=1.0006000899999998
shy1=0.9997000899730081
shz1=0.9997000899730081
req1=1.0
rhos1=1.0
cex2=4.0
cey2=0.0
cez2=0.0
oriw2=0.8068164025766013
orii2=0.346227922134366
orij2=0.34863904661645256
orik2=0.3280614784491501
lvx2=-0.017741176032021494
lvy2=-1.6033516219328028
lvz2=5.387128622652658
avx2=0.14777269399262513
avy2=4.494164779015502
avz2=-4.3885149850859735
shx2=1.0006000899999998
shy2=0.9997000899730081
shz2=0.9997000899730081
req2=1.0
rhos2=1.0
rhof=1.0
ndiv=2
tend=100.0
dt=0.05
tprint=1
logevery=100
nbody=2
impulse_scheme=1
energy_projection=0
impulse_pair_metric_correction=0
