cex1=-4.0
cey1=0.0
cez1=0.0
oriw1=-0.9480716257101984
orii1=-0.3014135164388813
orij1=-0.007475579667660916
orik1=0.10126302553154357
lvx1=-1.2892474217254786
lvy1=-4.497302096359439
lvz1=3.1044689122974445
avx1=3.7619730955144384
avy1=4.350872559539535
avz1=-2.5290085020871023
shx1=1.01
shy1=1.0
shz1=0.9900990099009901
req1=1.0
rhos1=1.0
cex2=4.0
cey2=0.0
cez2=0.0
oriw2=-0.35833961253006835
orii2=0.37922574730057784
orij2=0.6441612883103998
orik2=0.5593181467808861
lvx2=-1.9180651388511154
lvy2=-6.690816847525061
lvz2=4.618643012181013
avx2=-1.9828976397033196
avy2=-3.3071354152467274
avz2=4.960785210028479
shx2=2.0
shy2=1.0
shz2=0.5
req2=1.0
rhos2=1.0
rhof=1.0
ndiv=2
tend=100.0
dt=0.05
tprint=1
logevery=100
nbody=2
impulse_scheme=1
energy_projection=0
impulse_pair_metric_correction=0
