cex1=-1.5
cey1=0.0
cez1=0.0
oriw1=0.25725350884220066
orii1=-0.7438829968864067
orij1=0.249125761456556
orik1=-0.5642650743315284
lvx1=2.030827844576981
lvy1=0.8308405204212941
lvz1=-0.30720224322960604
avx1=-0.3883203477063495
avy1=3.9910330029811947
avz1=-4.837280277286975
shx1=1.0
shy1=0.8
shz1=0.6
req1=1.0
rhos1=1.0
cex2=1.5
cey2=0.0
cez2=0.0
oriw2=0.16937744012468153
orii2=0.4569031589826737
orij2=-0.8643052573172385
orik2=-0.124608219079825
lvx2=1.9503050933789676
lvy2=0.7978975190291463
lvz2=-0.295021609669206
avx2=-1.736777517613817
avy2=5.107512869668564
avz2=-3.2210764885110397
shx2=1.0
shy2=0.8
shz2=0.6
req2=1.0
rhos2=1.0
rhof=1.0
ndiv=2
tend=100.0
dt=0.05
tprint=1
logevery=100
nbody=2
impulse_scheme=1
energy_projection=0
impulse_pair_metric_correction=0
