cex1=-4.0
cey1=0.0
cez1=0.0
oriw1=-0.5523706992988081
orii1=-0.8053538126756795
orij1=0.11589272856461176
orik1=0.1812752670132948
lvx1=-4.236535957547289
lvy1=-3.4574748290944295
lvz1=1.2959724381789945
avx1=-3.815871658625152
avy1=-3.896436591924815
avz1=-3.1201479090530473
shx1=1.0001
shy1=1.0001
shz1=0.9998000299960006
req1=1.0
rhos1=1.0
cex2=4.0
cey2=0.0
cez2=0.0
oriw2=-0.665044383282383
orii2=0.4467745852327851
orij2=-0.1050353090642231
orik2=-0.5891315830138552
lvx2=-7.629338697728701
lvy2=-6.226371444585719
lvz2=2.333843680985317
avx2=2.5760174688831783
avy2=-2.923154495921848
avz2=4.929271690355283
shx2=2.0
shy2=2.0
shz2=0.25
req2=1.0
rhos2=1.0
rhof=1.0
ndiv=2
tend=100.0
dt=0.05
tprint=1
logevery=100
nbody=2
impulse_scheme=1
energy_projection=0
impulse_pair_metric_correction=0
