cex1=-1.5
cey1=0.0
cez1=0.0
oriw1=-0.685092837971165
orii1=0.6500512846180442
orij1=-0.2724174890490876
orik1=0.18403761133864924
lvx1=5.555483406227015
lvy1=-3.045141437803515
lvz1=6.501096186611948
avx1=-3.8623896863819844
avy1=-3.2821132116787766
avz1=3.7132326052391518
shx1=1.0
shy1=0.7
shz1=0.7
req1=1.0
rhos1=0.1
cex2=1.5
cey2=0.0
cez2=0.0
oriw2=-0.4798067355372684
orii2=-0.15731404136178279
orij2=0.4214604322954896
orik2=0.7532654863544406
lvx2=5.267393058111363
lvy2=-2.887229732785209
lvz2=6.16396925694907
avx2=5.006300392084339
avy2=-1.7822573391434406
avz2=3.3524517544094463
shx2=1.0
shy2=0.7
shz2=0.7
req2=1.0
rhos2=0.1
rhof=1.0
ndiv=2
tend=100.0
dt=0.05
tprint=1
logevery=100
nbody=2
impulse_scheme=1
energy_projection=0
impulse_pair_metric_correction=0
