cex1=-4.0
cey1=0.0
cez1=0.0
oriw1=-0.6770194844693362
orii1=0.4906440035231675
orij1=-0.4752364708836766
orik1=-0.27397696289589835
lvx1=0.2170696891147856
lvy1=-5.56805093300648
lvz1=0.7232564412195611
avx1=-6.2587947403042055
avy1=-0.008126464673022239
avz1=-0.5530279953761514
shx1=1.0003
shy1=1.0
shz1=0.9997000899730081
req1=1.0
rhos1=1.0
cex2=4.0
cey2=0.0
cez2=0.0
oriw2=0.4786840764719178
orii2=-0.7050576508127323
orij2=0.30274065453182053
orik2=-0.42673570281416945
lvx2=0.21710173754631046
lvy2=-5.568873006782791
lvz2=0.7233632236755817
avx2=-1.283400202249219
avy2=4.171518689150069
avz2=4.519926255072729
shx2=1.0
shy2=1.0
shz2=1.0
req2=1.0
rhos2=1.0
rhof=1.0
ndiv=2
tend=100.0
dt=0.05
tprint=1
logevery=100
nbody=2
impulse_scheme=1
energy_projection=0
impulse_pair_metric_correction=0
