cex1=-4.0
cey1=0.0
cez1=0.0
oriw1=0.5410380739703177
orii1=0.14331771402107005
orij1=0.22127967036104887
orik1=-0.7986070015014702
lvx1=-0.8978716823949264
lvy1=-1.3059061029299397
lvz1=-3.0886566135689653
avx1=3.75210632361237
avy1=1.0757859457600414
avz1=-4.923697831870948
shx1=1.0
shy1=0.8
shz1=0.6
req1=1.0
rhos1=4.0
cex2=4.0
cey2=0.0
cez2=0.0
oriw2=-0.2559564594742517
orii2=0.5283787121845647
orij2=-0.8094179943542921
orik2=0.012030701519944044
lvx2=-0.7783722019074106
lvy2=-1.1321005314596908
lvz2=-2.677581325236755
avx2=-5.954286933880115
avy2=1.212665241970006
avz2=1.5982264308600966
shx2=1.0
shy2=0.8
shz2=0.6
req2=1.0
rhos2=4.0
rhof=1.0
ndiv=2
tend=100.0
dt=0.05
tprint=1
logevery=100
nbody=2
impulse_scheme=1
energy_projection=0
impulse_pair_metric_correction=0
