cex1=-2.5
cey1=0.0
cez1=0.0
oriw1=-0.11487053173204813
orii1=0.3768030154762893
orij1=0.30094929351580624
orik1=-0.8684778472706768
lvx1=-1.74164862014047
lvy1=0.5065712854826242
lvz1=-1.1014911465455333
avx1=2.3617252254765737
avy1=5.383053980679488
avz1=-2.218873904663304
shx1=1.0
shy1=0.7
shz1=0.7
req1=1.0
rhos1=10.0
cex2=2.5
cey2=0.0
cez2=0.0
oriw2=-0.16675062848349426
orii2=0.9707299590404681
orij2=-0.0497161058691953
orik2=-0.1655472238935272
lvx2=-1.7717676193764578
lvy2=0.515331617494482
lvz2=-1.1205396564559746
avx2=-1.322360332099596
avy2=4.714346887540443
avz2=3.937602592998005
shx2=1.0
shy2=0.7
shz2=0.7
req2=1.0
rhos2=10.0
rhof=1.0
ndiv=2
tend=100.0
dt=0.05
tprint=1
logevery=100
nbody=2
impulse_scheme=1
energy_projection=0
impulse_pair_metric_correction=0
