cex1=-2.5
cey1=0.0
cez1=0.0
oriw1=0.510875770624888
orii1=-0.6923976524443661
orij1=0.08347063689625911
orik1=0.5026172407051815
lvx1=1.7627143023654943
lvy1=2.6571073718148286
lvz1=-0.99394546516901
avx1=3.6574968357938853
avy1=2.281840775949178
avz1=4.571032396924223
shx1=1.0
shy1=0.7
shz1=0.7
req1=1.0
rhos1=0.03
cex2=2.5
cey2=0.0
cez2=0.0
oriw2=0.9335404649676053
orii2=-0.055792279348170375
orij2=0.34424538178411396
orik2=-0.08297312187396963
lvx2=1.769183093157006
lvy2=2.6668583970806856
lvz2=-0.9975930359998143
avx2=-3.553527053617402
avy2=-4.16746147338033
avz2=-3.0794687774772647
shx2=1.0
shy2=0.7
shz2=0.7
req2=1.0
rhos2=0.03
rhof=1.0
ndiv=2
tend=100.0
dt=0.05
tprint=1
logevery=100
nbody=2
impulse_scheme=1
energy_projection=0
impulse_pair_metric_correction=0
