cex1=-5.5
cey1=0.0
cez1=0.0
oriw1=0.3031821368511213
orii1=0.8695093772146302
orij1=0.1720376637473967
orik1=0.3499100985718354
lvx1=-0.6993216573650991
lvy1=0.004658782778249264
lvz1=-0.8957268128572207
avx1=-5.364601819824617
avy1=2.9011581690536703
avz1=1.5108759701659829
shx1=1.0
shy1=0.7
shz1=0.7
req1=1.0
rhos1=0.1
cex2=5.5
cey2=0.0
cez2=0.0
oriw2=-0.12565344815847965
orii2=0.59693435920325
orij2=-0.32496273753273236
orik2=0.7226892838445317
lvx2=-0.8067838517304282
lvy2=0.00537468084196488
lvz2=-1.03336986716241
avx2=-0.3637054710718616
avy2=5.965423387882286
avz2=-1.939035775321553
shx2=1.0
shy2=0.7
shz2=0.7
req2=1.0
rhos2=0.1
rhof=1.0
ndiv=2
tend=100.0
dt=0.05
tprint=1
logevery=100
nbody=2
impulse_scheme=1
energy_projection=0
impulse_pair_metric_correction=0
