cex1=-4.0
cey1=0.0
cez1=0.0
oriw1=-0.4807775239025583
orii1=0.8149349512486346
orij1=0.18620134793807805
orik1=-0.2646942684864052
lvx1=-0.22151577086110477
lvy1=4.313928307728811
lvz1=-3.5938591982987353
avx1=-1.218754575998732
avy1=-5.98128465706947
avz1=1.4890563249739526
shx1=1.0003
shy1=1.0003
shz1=0.9994002698920407
req1=1.0
rhos1=1.0
cex2=4.0
cey2=0.0
cez2=0.0
oriw2=0.5051922858467247
orii2=0.4405789704005888
orij2=0.733502384061872
orik2=-0.11245077917590611
lvx2=-0.22154335249663049
lvy2=4.31446544870891
lvz2=-3.5943066811761524
avx2=-5.4405921808692685
avy2=-2.918192467509493
avz2=-1.1672733391937251
shx2=1.0
shy2=1.0
shz2=1.0
req2=1.0
rhos2=1.0
rhof=1.0
ndiv=2
tend=100.0
dt=0.05
tprint=1
logevery=100
nbody=2
impulse_scheme=1
energy_projection=0
impulse_pair_metric_correction=0
