cex1=-5.5
cey1=0.0
cez1=0.0
oriw1=-0.7571835524217582
orii1=-0.5202574458642829
orij1=0.3268321743368079
orik1=-0.22177914190251008
lvx1=-5.455559944190343
lvy1=-1.9687198380403137
lvz1=0.37940276773155923
avx1=-2.2577643675167267
avy1=-4.021459872293714
avz1=4.267174493814455
shx1=1.0
shy1=0.8
shz1=0.6
req1=1.0
rhos1=0.03
cex2=5.5
cey2=0.0
cez2=0.0
oriw2=-0.5495000961274383
orii2=-0.07193233783484307
orij2=-0.7865790923040018
orik2=0.2723393373711602
lvx2=-5.495671563750276
lvy2=-1.983194711741896
lvz2=0.3821922998116605
avx2=2.434898467269262
avy2=-3.3570990995142185
avz2=4.720124224476307
shx2=1.0
shy2=0.8
shz2=0.6
req2=1.0
rhos2=0.03
rhof=1.0
ndiv=2
tend=100.0
dt=0.05
tprint=1
logevery=100
nbody=2
impulse_scheme=1
energy_projection=0
impulse_pair_metric_correction=0
