cex1=-2.5
cey1=0.0
cez1=0.0
oriw1=0.4908147436494618
orii1=-0.5244665121889539
orij1=-0.46670967459627843
orik1=-0.5159630264339712
lvx1=-1.4831163608517584
lvy1=2.36669784441675
lvz1=-1.9789374976832879
avx1=3.1113973774155848
avy1=4.086307168662393
avz1=3.619353213974451
shx1=1.0
shy1=0.8
shz1=0.6
req1=1.0
rhos1=4.0
cex2=2.5
cey2=0.0
cez2=0.0
oriw2=-0.34473081117909826
orii2=-0.6387735590789089
orij2=0.6708628584221268
orik2=-0.1518948097703073
lvx2=-1.4705063343971085
lvy2=2.3465752679176823
lvz2=-1.9621118089803775
avx2=-1.7233617943866046
avy2=-5.940944124593926
avz2=-1.1016463309333526
shx2=1.0
shy2=0.8
shz2=0.6
req2=1.0
rhos2=4.0
rhof=1.0
ndiv=2
tend=100.0
dt=0.05
tprint=1
logevery=100
nbody=2
impulse_scheme=1
energy_projection=0
impulse_pair_metric_correction=0
