cex1=-4.0
cey1=0.0
cez1=0.0
oriw1=-0.14716375753556138
orii1=0.569861456776661
orij1=0.2591412577765142
orik1=-0.7657979871130521
lvx1=-0.15142373158391584
lvy1=1.950756618210929
lvz1=0.2646774578866093
avx1=4.507671371058687
avy1=0.7630234783543747
avz1=-4.310117351810193
shx1=1.0
shy1=0.7
shz1=0.7
req1=1.0
rhos1=0.1
cex2=4.0
cey2=0.0
cez2=0.0
oriw2=-0.36914378500330575
orii2=0.8194561548336375
orij2=-0.43806895308748445
orik2=-0.01789046225053585
lvx2=-0.1522219636707898
lvy2=1.9610400560185275
lvz2=0.2660727084021485
avx2=4.394845222140309
avy2=0.24082054966290586
avz2=4.483944529167147
shx2=1.0
shy2=0.7
shz2=0.7
req2=1.0
rhos2=0.1
rhof=1.0
ndiv=2
tend=100.0
dt=0.05
tprint=1
logevery=100
nbody=2
impulse_scheme=1
energy_projection=0
impulse_pair_metric_correction=0
