cex1=-5.5
cey1=0.0
cez1=0.0
oriw1=0.14299139902783817
orii1=-0.6228507221264785
orij1=0.7066260516054366
orik1=-0.303792792776749
lvx1=0.03275944564373279
lvy1=-0.9520884539144103
lvz1=0.8315824383763458
avx1=2.8558772109517085
avy1=-5.023932264824519
avz1=2.4662699687542937
shx1=1.0
shy1=0.7
shz1=0.7
req1=1.0
rhos1=0.03
cex2=5.5
cey2=0.0
cez2=0.0
oriw2=-0.473931243615434
orii2=-0.7475431906553301
orij2=-0.4638037294932599
orik2=-0.038137316871013134
lvx2=0.03213543309808788
lvy2=-0.9339527642489805
lvz2=0.8157421863791605
avx2=3.4929146512114815
avy2=4.217662463352422
avz2=-3.080468826159029
shx2=1.0
shy2=0.7
shz2=0.7
req2=1.0
rhos2=0.03
rhof=1.0
ndiv=2
tend=100.0
dt=0.05
tprint=1
logevery=100
nbody=2
impulse_scheme=1
energy_projection=0
impulse_pair_metric_correction=0
