cex1=-2.5
cey1=0.0
cez1=0.0
oriw1=0.44709363791823187
orii1=-0.6265161555096378
orij1=-0.5641935628709951
orik1=0.2987815413197352
lvx1=8.633573949813282
lvy1=-4.199005446634679
lvz1=-0.6659646097604116
avx1=1.4764157279804804
avy1=-4.845062150202325
avz1=3.7180622591890695
shx1=1.0
shy1=0.8
shz1=0.6
req1=1.0
rhos1=4.0
cex2=2.5
cey2=0.0
cez2=0.0
oriw2=0.30837141983838734
orii2=-0.39353579113920134
orij2=-0.6722282158585174
orik2=-0.5460273567532806
lvx2=8.495083763422107
lvy2=-4.131649673655567
lvz2=-0.6552819465352197
avx2=3.1932563848338997
avy2=-3.4063221430375905
avz2=-4.204580921200918
shx2=1.0
shy2=0.8
shz2=0.6
req2=1.0
rhos2=4.0
rhof=1.0
ndiv=2
tend=100.0
dt=0.05
tprint=1
logevery=100
nbody=2
impulse_scheme=1
energy_projection=0
impulse_pair_metric_correction=0
