cex1=-4.0
cey1=0.0
cez1=0.0
oriw1=0.18053578748082216
orii1=0.7117597174510841
orij1=0.011620137052749837
orik1=-0.6787266802384504
lvx1=1.9174027524528767
lvy1=-2.402828081564692
lvz1=4.696213516629014
avx1=3.612807241429642
avy1=-4.135574074800955
avz1=3.053370025474345
shx1=1.01
shy1=1.01
shz1=0.9802960494069208
req1=1.0
rhos1=1.0
cex2=4.0
cey2=0.0
cez2=0.0
oriw2=-0.09128699758805979
orii2=0.5059145666053227
orij2=0.8298299993375037
orik2=0.2170237488557985
lvx2=1.9152714520361283
lvy2=-2.4001572037404775
lvz2=4.690993412604272
avx2=-5.504604260958887
avy2=-1.6777173893087511
avz2=-2.5225015155994917
shx2=1.01
shy2=1.01
shz2=0.9802960494069208
req2=1.0
rhos2=1.0
rhof=1.0
ndiv=2
tend=100.0
dt=0.05
tprint=1
logevery=100
nbody=2
impulse_scheme=1
energy_projection=0
impulse_pair_metric_correction=0
