cex1=-4.0
cey1=0.0
cez1=0.0
oriw1=0.8129173994680955
orii1=-0.1364743815073864
orij1=0.5114986420988563
orik1=-0.24271214218747128
lvx1=-2.867875383153086
lvy1=-4.020642829165851
lvz1=-2.7932430848613365
avx1=-2.522948119825386
avy1=-5.7414201469456465
avz1=-0.3863225145828463
shx1=1.0609
shy1=0.970873786407767
shz1=0.970873786407767
req1=1.0
rhos1=1.0
cex2=4.0
cey2=0.0
cez2=0.0
oriw2=0.4451486637339618
orii2=-0.06586216938776465
orij2=-0.867000075409383
orik2=-0.21404604892295923
lvx2=-8.046077291731423
lvy2=-11.280268018600752
lvz2=-7.836689797406354
avx2=0.7140540519720495
avy2=5.973913717669623
avz2=-1.8113252907908175
shx2=4.0
shy2=0.5
shz2=0.5
req2=1.0
rhos2=1.0
rhof=1.0
ndiv=2
tend=100.0
dt=0.05
tprint=1
logevery=100
nbody=2
impulse_scheme=1
energy_projection=0
impulse_pair_metric_correction=0
