cex1=-2.5
cey1=0.0
cez1=0.0
oriw1=1.0
orii1=1.0
orij1=1.0
orik1=0.0
lvx1=0.5621648963854197
lvy1=1.4445987469961596
lvz1=1.4470876551617313
avx1=-2.3827989921898345
avy1=-4.619013765650925
avz1=-3.530637109631038
shx1=1.0
shy1=0.8
shz1=0.6
req1=1.0
rhos1=10.0
cex2=2.5
cey2=0.0
cez2=0.0
oriw2=1.0
orii2=-1.0
orij2=0.0
orik2=1.0
lvx2=0.5360737354172752
lvy2=1.3775521229813872
lvz2=1.3799255161014619
avx2=4.0341851849532695
avy2=3.868882861780855
avz2=2.8697583347172926
shx2=1.0
shy2=0.8
shz2=0.6
req2=1.0
rhos2=10.0
rhof=1.0
ndiv=2
tend=100.0
dt=0.05
tprint=1
logevery=100
nbody=2
impulse_scheme=1
energy_projection=0
impulse_pair_metric_correction=0
