cex1=-4.0
cey1=0.0
cez1=0.0
oriw1=-0.6929665597836335
orii1=-0.3486477671274334
orij1=0.3568691078529051
orik1=0.5204675987599636
lvx1=3.1803298928921824
lvy1=-1.8404044009624643
lvz1=-5.705286226986571
avx1=-3.0442167187240416
avy1=-5.4288325032846645
avz1=-0.8596160916818768
shx1=1.6900000000000002
shy1=0.7692307692307692
shz1=0.7692307692307692
req1=1.0
rhos1=1.0
cex2=4.0
cey2=0.0
cez2=0.0
oriw2=-0.11306161634535049
orii2=-0.837878303994485
orij2=-0.4984084969844216
orik2=-0.19174459246203474
lvx2=6.551560275545649
lvy2=-3.7912797635342144
lvz2=-11.753034390828875
avx2=-3.116243993412614
avy2=-1.6466520498014676
avz2=5.201536119720967
shx2=4.0
shy2=0.5
shz2=0.5
req2=1.0
rhos2=1.0
rhof=1.0
ndiv=2
tend=100.0
dt=0.05
tprint=1
logevery=100
nbody=2
impulse_scheme=1
energy_projection=0
impulse_pair_metric_correction=0
