cex1=-2.5
cey1=0.0
cez1=0.0
oriw1=-0.08364603221914295
orii1=0.40091745520330374
orij1=-0.7275342201186805
orik1=0.5504202884738212
lvx1=1.0131290273928018
lvy1=1.8232027840073863
lvz1=-0.45727645343951495
avx1=-2.1079997361835674
avy1=4.627411261382435
avz1=3.6907749504187417
shx1=1.0
shy1=0.8
shz1=0.6
req1=1.0
rhos1=4.0
cex2=2.5
cey2=0.0
cez2=0.0
oriw2=-0.35643772395008955
orii2=-0.42456076000735693
orij2=-0.7460948121261194
orik2=0.36883985864565394
lvx2=0.8879495665109636
lvy2=1.5979328179818006
lvz2=-0.4007766213669667
avx2=-5.791677055432896
avy2=1.0908564343370377
avz2=2.178285272776515
shx2=1.0
shy2=0.8
shz2=0.6
req2=1.0
rhos2=4.0
rhof=1.0
ndiv=2
tend=100.0
dt=0.05
tprint=1
logevery=100
nbody=2
impulse_scheme=1
energy_projection=0
impulse_pair_metric_correction=0
