cex1=-2.5
cey1=0.0
cez1=0.0
oriw1=0.08898502320417166
orii1=0.10311377058123923
orij1=-0.9303846794744194
orik1=0.3403433033881443
lvx1=-0.19595118294475977
lvy1=-1.0203647303213754
lvz1=-0.45466854692827374
avx1=-5.747826451903111
avy1=-0.9079543285534357
avz1=2.3699214376053472
shx1=1.0
shy1=0.8
shz1=0.6
req1=1.0
rhos1=1.0
cex2=2.5
cey2=0.0
cez2=0.0
oriw2=0.11478626188743753
orii2=0.09449058489456072
orij2=0.05429787478820323
orik2=0.987394239522227
lvx2=-0.193317712713608
lvy2=-1.0066516202404014
lvz2=-0.44855806540230003
avx2=5.7129939848016775
avy2=-2.423262293473358
avz2=0.9838278258961413
shx2=1.0
shy2=0.8
shz2=0.6
req2=1.0
rhos2=1.0
rhof=1.0
ndiv=2
tend=100.0
dt=0.05
tprint=1
logevery=100
nbody=2
impulse_scheme=1
energy_projection=0
impulse_pair_metric_correction=0
