cex1=-4.0
cey1=0.0
cez1=0.0
oriw1=-0.3268997230687755
orii1=-0.6642572294196663
orij1=-0.6505258734921635
orik1=-0.16945498558178954
lvx1=-1.6062502515295753
lvy1=-5.370595662535179
lvz1=0.39924484029908247
avx1=5.092925406863804
avy1=-3.627726612877372
avz1=-0.616545234917808
shx1=1.0
shy1=1.0
shz1=1.0
req1=1.0
rhos1=1.0
cex2=4.0
cey2=0.0
cez2=0.0
oriw2=0.4416308105767325
orii2=0.6604152180152235
orij2=0.503592388607021
orik2=-0.33942403141250627
lvx2=-1.6062502515295753
lvy2=-5.370595662535179
lvz2=0.39924484029908247
avx2=3.303758256170394
avy2=-0.2876337109433236
avz2=5.336746746611868
shx2=1.0
shy2=1.0
shz2=1.0
req2=1.0
rhos2=1.0
rhof=1.0
ndiv=2
tend=100.0
dt=0.05
tprint=1
logevery=100
nbody=2
impulse_scheme=1
energy_projection=0
impulse_pair_metric_correction=0
