cex1=-4.0
cey1=0.0
cez1=0.0
oriw1=0.10338380318643156
orii1=0.9563021983874764
orij1=-0.1720277550928684
orik1=0.21261313711926852
lvx1=3.851535797782104
lvy1=3.4290065130890195
lvz1=-2.292690352226851
avx1=-1.627951258417264
avy1=-2.059395854395643
avz1=-5.70850952696701
shx1=1.0201
shy1=0.9900990099009901
shz1=0.9900990099009901
req1=1.0
rhos1=1.0
cex2=4.0
cey2=0.0
cez2=0.0
oriw2=0.029681507288057216
orii2=0.075299377991566
orij2=0.8461413474471542
orik2=-0.5267768331461685
lvx2=3.8420597277836803
lvy2=3.4205700068616087
lvz2=-2.287049564914184
avx2=3.0230434555076373
avy2=4.6704995868003545
avz2=-2.9199416912273417
shx2=1.0201
shy2=0.9900990099009901
shz2=0.9900990099009901
req2=1.0
rhos2=1.0
rhof=1.0
ndiv=2
tend=100.0
dt=0.05
tprint=1
logevery=100
nbody=2
impulse_scheme=1
energy_projection=0
impulse_pair_metric_correction=0
