cex1=-4.0
cey1=0.0
cez1=0.0
oriw1=0.7793855028708385
orii1=0.28223524406189504
orij1=-0.5075600866355225
orik1=-0.2351260584848766
lvx1=-1.5886665024157838
lvy1=1.1431613711251427
lvz1=0.14963028242464937
avx1=5.11857516137467
avy1=1.6195710241250156
avz1=3.2642909826684186
shx1=1.0
shy1=0.8
shz1=0.6
req1=1.0
rhos1=1.0
cex2=4.0
cey2=0.0
cez2=0.0
oriw2=-0.1430178618320163
orii2=0.1257923412035458
orij2=-0.9092174735207138
orik2=0.3701969258869382
lvx2=-1.5061269308849239
lvy2=1.0837681318141743
lvz2=0.14185620310681168
avx2=5.806442082423546
avy2=-1.5882559712387034
avz2=1.8003030071748882
shx2=1.0
shy2=0.8
shz2=0.6
req2=1.0
rhos2=1.0
rhof=1.0
ndiv=2
tend=100.0
dt=0.05
tprint=1
logevery=100
nbody=2
impulse_scheme=1
energy_projection=0
impulse_pair_metric_correction=0
