cex1=-1.5
cey1=0.0
cez1=0.0
oriw1=-0.18854926795472304
orii1=0.8243160525197689
orij1=0.09422173670770993
orik1=-0.5254279050866508
lvx1=-6.297741532637804
lvy1=-4.171189567113888
lvz1=-3.865320072771924
avx1=-5.66533898168605
avy1=0.47450521893697434
avz1=-2.6752937453946024
shx1=1.0
shy1=0.8
shz1=0.6
req1=1.0
rhos1=10.0
cex2=1.5
cey2=0.0
cez2=0.0
oriw2=0.16679902314903683
orii2=0.5293577800326229
orij2=-0.5530405962536662
orik2=-0.621373096851521
lvx2=-7.10346167004633
lvy2=-4.704843006804091
lvz2=-4.359841196578235
avx2=1.326773985666077
avy2=-5.162032520484128
avz2=3.3273876619326272
shx2=1.0
shy2=0.8
shz2=0.6
req2=1.0
rhos2=10.0
rhof=1.0
ndiv=2
tend=100.0
dt=0.05
tprint=1
logevery=100
nbody=2
impulse_scheme=1
energy_projection=0
impulse_pair_metric_correction=0
