cex1=-2.5
cey1=0.0
cez1=0.0
oriw1=0.7624805539210641
orii1=-0.22600720650352712
orij1=0.4932997700465464
orik1=0.3524194721815521
lvx1=-5.616956323371134
lvy1=1.1710216669510622
lvz1=0.648720208798647
avx1=1.8961407196248974
avy1=2.944078629835367
avz1=5.216844735765529
shx1=1.0
shy1=0.7
shz1=0.7
req1=1.0
rhos1=4.0
cex2=2.5
cey2=0.0
cez2=0.0
oriw2=-0.7370621713662321
orii2=0.46845404319474876
orij2=-0.32848402134359717
orik2=-0.3597060086755945
lvx2=-4.958303602363415
lvy2=1.0337059103575694
lvz2=0.5726503043701429
avx2=5.316510207539127
avy2=-0.6128527509721745
avz2=-3.2920431836650543
shx2=1.0
shy2=0.7
shz2=0.7
req2=1.0
rhos2=4.0
rhof=1.0
ndiv=2
tend=100.0
dt=0.05
tprint=1
logevery=100
nbody=2
impulse_scheme=1
energy_projection=0
impulse_pair_metric_correction=0
