cex1=-1.5
cey1=0.0
cez1=0.0
oriw1=-0.7178671423575888
orii1=0.2238148359276278
orij1=-0.6572372732658948
orik1=0.051116061781499904
lvx1=0.26559331615784454
lvy1=1.1337753927082632
lvz1=0.6261983640421023
avx1=2.2013114996375194
avy1=-3.105974772817204
avz1=4.998556391253795
shx1=1.0
shy1=0.8
shz1=0.6
req1=1.0
rhos1=4.0
cex2=1.5
cey2=0.0
cez2=0.0
oriw2=-0.5380841116550077
orii2=-0.28707551106792406
orij2=0.7403600301687968
orik2=0.2827015483827241
lvx2=0.27555768010881043
lvy2=1.1763116689031063
lvz2=0.6496916826808388
avx2=-0.6051600827157154
avy2=-1.947915074543645
avz2=5.9428802563244165
shx2=1.0
shy2=0.8
shz2=0.6
req2=1.0
rhos2=4.0
rhof=1.0
ndiv=2
tend=100.0
dt=0.05
tprint=1
logevery=100
nbody=2
impulse_scheme=1
energy_projection=0
impulse_pair_metric_correction=0
