cex1=-4.0
cey1=0.0
cez1=0.0
oriw1=0.404747043806103
orii1=-0.49213476152349683
orij1=0.6702720835788142
orik1=-0.38041890200849193
lvx1=4.009887746316186
lvy1=-3.840287379998789
lvz1=-0.8703631761379778
avx1=-2.375879617791396
avy1=-3.0107681338571086
avz1=4.976835228362641
shx1=1.00020001
shy1=0.9999000099990001
shz1=0.9999000099990001
req1=1.0
rhos1=1.0
cex2=4.0
cey2=0.0
cez2=0.0
oriw2=-0.5783556847499405
orii2=-0.8025268789852777
orij2=0.13391738438684012
orik2=0.05934176086504504
lvx2=4.009773173720333
lvy2=-3.840177653312711
lvz2=-0.8703383076691493
avx2=-1.47583762103121
avy2=-3.754155871260832
avz2=4.817326500766187
shx2=1.0
shy2=1.0
shz2=1.0
req2=1.0
rhos2=1.0
rhof=1.0
ndiv=2
tend=100.0
dt=0.05
tprint=1
logevery=100
nbody=2
impulse_scheme=1
energy_projection=0
impulse_pair_metric_correction=0
