cex1=-2.5
cey1=0.0
cez1=0.0
oriw1=0.2073477642933571
orii1=0.13362855105221266
orij1=0.9689171337069241
orik1=0.0187056941969796
lvx1=-1.0099726526557256
lvy1=0.3596073737846645
lvz1=1.809987563472936
avx1=-2.1209045562269004
avy1=5.211906229655313
avz1=-2.7957494381674377
shx1=1.0
shy1=0.8
shz1=0.6
req1=1.0
rhos1=0.03
cex2=2.5
cey2=0.0
cez2=0.0
oriw2=0.7697421773568988
orii2=0.625336872976697
orij2=-0.0870675520803689
orik2=0.09418076803848555
lvx2=-1.0700238583075588
lvy2=0.38098899862398544
lvz2=1.917606255044008
avx2=2.3869175988898106
avy2=-0.8329151538795736
avz2=5.752155624364252
shx2=1.0
shy2=0.8
shz2=0.6
req2=1.0
rhos2=0.03
rhof=1.0
ndiv=2
tend=100.0
dt=0.05
tprint=1
logevery=100
nbody=2
impulse_scheme=1
energy_projection=0
impulse_pair_metric_correction=0
