cex1=-2.5
cey1=0.0
cez1=0.0
oriw1=-0.0907102992835078
orii1=0.26464487590396274
orij1=0.389914969928517
orik1=0.8773260781985889
lvx1=1.3617634775627936
lvy1=-0.8622886841422495
lvz1=-1.2047265208727915
avx1=-3.528993135904903
avy1=-5.044734423510976
avz1=-1.2551014490219063
shx1=1.0
shy1=0.8
shz1=0.6
req1=1.0
rhos1=4.0
cex2=2.5
cey2=0.0
cez2=0.0
oriw2=0.8099401603524001
orii2=-0.35330208097037574
orij2=0.4381978409925756
orik2=0.16479450348775557
lvx2=1.4411622039419578
lvy2=-0.9125651267257986
lvz2=-1.2749690798549849
avx2=2.2003016918425202
avy2=-4.644288074446163
avz2=3.614924390743121
shx2=1.0
shy2=0.8
shz2=0.6
req2=1.0
rhos2=4.0
rhof=1.0
ndiv=2
tend=100.0
dt=0.05
tprint=1
logevery=100
nbody=2
impulse_scheme=1
energy_projection=0
impulse_pair_metric_correction=0
