cex1=-5.5
cey1=0.0
cez1=0.0
oriw1=1.0
orii1=2.0
orij1=0.0
orik1=0.0
lvx1=0.8121313860147158
lvy1=1.9477559139775422
lvz1=-0.5237183237876804
avx1=-0.3307154173494141
avy1=4.324989388567591
avz1=-4.545713552992817
shx1=1.0
shy1=0.7
shz1=0.7
req1=1.0
rhos1=0.1
cex2=5.5
cey2=0.0
cez2=0.0
oriw2=1.0
orii2=0.0
orij2=1.0
orik2=0.0
lvx2=0.7565327735343638
lvy2=1.8144123095652518
lvz2=-0.48786450427699934
avx2=3.917470073863671
avy2=4.903268564977089
avz2=0.29967182791766667
shx2=1.0
shy2=0.7
shz2=0.7
req2=1.0
rhos2=0.1
rhof=1.0
ndiv=2
tend=100.0
dt=0.05
tprint=1
logevery=100
nbody=2
impulse_scheme=1
energy_projection=0
impulse_pair_metric_correction=0
