cex1=-4.0
cey1=0.0
cez1=0.0
oriw1=-0.7323518052801556
orii1=0.3136771467306583
orij1=-0.24280454609613392
orik1=0.5534559000650913
lvx1=3.18537933523604
lvy1=3.167601969451369
lvz1=-3.401109470929545
avx1=-0.679391410456297
avy1=-1.724520997794418
avz1=6.00357162395201
shx1=1.003
shy1=1.003
shz1=0.9940268924035474
req1=1.0
rhos1=1.0
cex2=4.0
cey2=0.0
cez2=0.0
oriw2=0.5905757247327118
orii2=-0.5883571460956798
orij2=0.09506431311347281
orik2=0.544076243156088
lvx2=5.287219020198653
lvy2=5.25771144304261
lvz2=-5.64529645984658
avx2=-3.3420648547083003
avy2=-3.675016343938648
avz2=3.8475024344456017
shx2=2.0
shy2=2.0
shz2=0.25
req2=1.0
rhos2=1.0
rhof=1.0
ndiv=2
tend=100.0
dt=0.05
tprint=1
logevery=100
nbody=2
impulse_scheme=1
energy_projection=0
impulse_pair_metric_correction=0
