cex1=-4.0
cey1=0.0
cez1=0.0
oriw1=-0.12014239665895397
orii1=-0.30531717707719563
orij1=-0.940777092358626
orik1=-0.08535624405926105
lvx1=2.7502079634929073
lvy1=-0.5582439526395363
lvz1=-2.156111370987622
avx1=1.3756537522183798
avy1=4.609561020830851
avz1=4.042021963522931
shx1=1.0
shy1=0.8
shz1=0.6
req1=1.0
rhos1=0.1
cex2=4.0
cey2=0.0
cez2=0.0
oriw2=-0.11974805073305618
orii2=-0.3909625676087109
orij2=0.8473313477439358
orik2=0.3388779458815265
lvx2=2.630101025503254
lvy2=-0.5338643520083098
lvz2=-2.0619497882376767
avx2=2.0248300903621477
avy2=5.811451253897484
avz2=-1.2670891969765998
shx2=1.0
shy2=0.8
shz2=0.6
req2=1.0
rhos2=0.1
rhof=1.0
ndiv=2
tend=100.0
dt=0.05
tprint=1
logevery=100
nbody=2
impulse_scheme=1
energy_projection=0
impulse_pair_metric_correction=0
