cex1=-1.5
cey1=0.0
cez1=0.0
oriw1=-0.3524827244359231
orii1=-0.5628375299273909
orij1=0.46366396443604685
orik1=-0.5865028320161043
lvx1=0.9546419110620505
lvy1=1.473173337221246
lvz1=-2.9723371788658217
avx1=2.5339788621270576
avy1=-5.093754608766937
avz1=2.666651967602126
shx1=1.0
shy1=0.7
shz1=0.7
req1=1.0
rhos1=1.0
cex2=1.5
cey2=0.0
cez2=0.0
oriw2=0.34883323675610844
orii2=0.3592695367386363
orij2=-0.8119082797169205
orik2=0.3000761873807605
lvx2=0.9193584743600267
lvy2=1.418725048713644
lvz2=-2.8624799963009893
avx2=-3.7846323958815566
avy2=5.01472361098331
avz2=-0.08673141211679096
shx2=1.0
shy2=0.7
shz2=0.7
req2=1.0
rhos2=1.0
rhof=1.0
ndiv=2
tend=100.0
dt=0.05
tprint=1
logevery=100
nbody=2
impulse_scheme=1
energy_projection=0
impulse_pair_metric_correction=0
