cex1=-2.5
cey1=0.0
cez1=0.0
oriw1=-0.6448739113993782
orii1=0.3654518242619897
orij1=-0.001723891445950881
orik1=-0.6712522854622792
lvx1=3.0088686981805393
lvy1=-1.4893862236936273
lvz1=-1.1386262987647058
avx1=0.6817094318708183
avy1=-4.918273715845032
avz1=-3.8502303191995804
shx1=1.0
shy1=0.7
shz1=0.7
req1=1.0
rhos1=10.0
cex2=2.5
cey2=0.0
cez2=0.0
oriw2=-0.2364616939019569
orii2=-0.44022987461236673
orij2=0.30709663760845896
orik2=0.8099229469433348
lvx2=2.507275435204915
lvy2=-1.2410981889830466
lvz2=-0.9488116747990248
avx2=5.964268431085456
avy2=1.069460578082432
avz2=1.6619788681696483
shx2=1.0
shy2=0.7
shz2=0.7
req2=1.0
rhos2=10.0
rhof=1.0
ndiv=2
tend=100.0
dt=0.05
tprint=1
logevery=100
nbody=2
impulse_scheme=1
energy_projection=0
impulse_pair_metric_correction=0
