cex1=-5.5
cey1=0.0
cez1=0.0
oriw1=-0.2906933118177878
orii1=0.9267349137005373
orij1=-0.19511097098287414
orik1=-0.1363506772809882
lvx1=1.9009485968661195
lvy1=0.3396252643357699
lvz1=-0.98700059039405
avx1=0.8401239087326613
avy1=4.467701794442066
avz1=4.337309084936457
shx1=1.0
shy1=0.7
shz1=0.7
req1=1.0
rhos1=10.0
cex2=5.5
cey2=0.0
cez2=0.0
oriw2=0.10028170474731983
orii2=0.5339125321449893
orij2=0.6401532151154103
orik2=0.5432171286777508
lvx2=1.6478181678782433
lvy2=0.2944007437999897
lvz2=-0.8555715326753847
avx2=-5.403913414357735
avy2=1.2655238882780369
avz2=-2.945265132832627
shx2=1.0
shy2=0.7
shz2=0.7
req2=1.0
rhos2=10.0
rhof=1.0
ndiv=2
tend=100.0
dt=0.05
tprint=1
logevery=100
nbody=2
impulse_scheme=1
energy_projection=0
impulse_pair_metric_correction=0
