cex1=-4.0
cey1=0.0
cez1=0.0
oriw1=1.0
orii1=2.0
orij1=0.0
orik1=0.0
lvx1=3.64668205416791
lvy1=-7.1217899068027375
lvz1=0.24614812376217127
avx1=-4.209936929457112
avy1=-3.1250986292495573
avz1=-3.4624568173210757
shx1=1.0
shy1=0.7
shz1=0.7
req1=1.0
rhos1=0.1
cex2=4.0
cey2=0.0
cez2=0.0
oriw2=1.0
orii2=0.0
orij2=1.0
orik2=0.0
lvx2=3.376686615860732
lvy2=-6.594502153481564
lvz2=0.22792364749128305
avx2=-5.625218709377004
avy2=2.121781561445306
avz2=-1.8257532915328587
shx2=1.0
shy2=0.7
shz2=0.7
req2=1.0
rhos2=0.1
rhof=1.0
ndiv=2
tend=100.0
dt=0.05
tprint=1
logevery=100
nbody=2
impulse_scheme=1
energy_projection=1
