cex1=-5.5
cey1=0.0
cez1=0.0
oriw1=0.0505084914416893
orii1=0.85302803348089
orij1=-0.4240683730684657
orik1=0.29993012744816944
lvx1=-4.369758173069753
lvy1=-0.9563852340690602
lvz1=7.865459001570766
avx1=3.944443468104489
avy1=2.7000404460222964
avz1=-4.077936355698675
shx1=1.0
shy1=0.7
shz1=0.7
req1=1.0
rhos1=1.0
cex2=5.5
cey2=0.0
cez2=0.0
oriw2=0.7141771266550784
orii2=0.3613130869750985
orij2=0.011609280847617585
orik2=-0.5993906151596153
lvx2=-4.392637434631266
lvy2=-0.9613926937629825
lvz2=7.90664111890333
avx2=-3.8093353866520445
avy2=0.6247278612294032
avz2=4.957529285416445
shx2=1.0
shy2=0.7
shz2=0.7
req2=1.0
rhos2=1.0
rhof=1.0
ndiv=2
tend=100.0
dt=0.05
tprint=1
logevery=100
nbody=2
impulse_scheme=1
energy_projection=0
impulse_pair_metric_correction=0
