cex1=-4.0
cey1=0.0
cez1=0.0
oriw1=-0.883790446943999
orii1=-0.34663710906768813
orij1=-0.010925745560522669
orik1=0.3140665352941459
lvx1=-4.51109582275533
lvy1=6.303715250105023
lvz1=2.6627122621212895
avx1=-0.22862891287383252
avy1=6.245419754154177
avz1=-0.6487515078798188
shx1=2.0
shy1=1.0
shz1=0.5
req1=1.0
rhos1=1.0
cex2=4.0
cey2=0.0
cez2=0.0
oriw2=0.8699978760773567
orii2=-0.14671942918049846
orij2=-0.4408222853598536
orik2=-0.16508427378751994
lvx2=-4.571032620596799
lvy2=6.3874697349221865
lvz2=2.6980904613073324
avx2=0.3285970039257543
avy2=-5.721616977663693
avz2=-2.575566107534232
shx2=2.0
shy2=1.0
shz2=0.5
req2=1.0
rhos2=1.0
rhof=1.0
ndiv=2
tend=100.0
dt=0.05
tprint=1
logevery=100
nbody=2
impulse_scheme=1
energy_projection=0
impulse_pair_metric_correction=0
