cex1=-4.0
cey1=0.0
cez1=0.0
oriw1=-0.8434652976433401
orii1=-0.2586544792782564
orij1=0.07298754015321308
orik1=-0.46512038334511724
lvx1=-4.726038595888308
lvy1=-7.521998472287138
lvz1=5.103691841866639
avx1=0.7826148730098074
avy1=0.1330068670096624
avz1=6.232835689975274
shx1=1.0
shy1=0.8
shz1=0.6
req1=1.0
rhos1=0.3
cex2=4.0
cey2=0.0
cez2=0.0
oriw2=-0.21685749221339054
orii2=-0.015808640478235044
orij2=-0.899993390080998
orik2=-0.3778026108534215
lvx2=-4.28569534153803
lvy2=-6.821144846295503
lvz2=4.628161177177663
avx2=-4.28793153352896
avy2=-0.4709037123470825
avz2=4.568403491573741
shx2=1.0
shy2=0.8
shz2=0.6
req2=1.0
rhos2=0.3
rhof=1.0
ndiv=2
tend=100.0
dt=0.05
tprint=1
logevery=100
nbody=2
impulse_scheme=1
energy_projection=0
impulse_pair_metric_correction=0
