cex1=-4.0
cey1=0.0
cez1=0.0
oriw1=0.9650203702943362
orii1=0.23784174974567232
orij1=0.11023295180695321
orik1=0.003960218532514475
lvx1=1.8655542443977613
lvy1=-1.6096908693256458
lvz1=-5.16234452231661
avx1=2.382646667709213
avy1=1.824475233312903
avz1=-5.520208563472892
shx1=1.0
shy1=0.7
shz1=0.7
req1=1.0
rhos1=1.0
cex2=4.0
cey2=0.0
cez2=0.0
oriw2=0.3852087998197201
orii2=-0.88238924297736
orij2=-0.2602104601771076
orik2=0.07275933502795398
lvx2=1.9132328860990824
lvy2=-1.650830318601344
lvz2=-5.294280420485985
avx2=-0.006238831044843073
avy2=-2.5216685638948175
avz2=-5.754960150618706
shx2=1.0
shy2=0.7
shz2=0.7
req2=1.0
rhos2=1.0
rhof=1.0
ndiv=2
tend=100.0
dt=0.05
tprint=1
logevery=100
nbody=2
impulse_scheme=1
energy_projection=0
impulse_pair_metric_correction=0
