cex1=-4.0
cey1=0.0
cez1=0.0
oriw1=-0.06598634345797422
orii1=-0.9349126049691727
orij1=-0.2497471461755399
orik1=-0.24333225541217354
lvx1=1.1318924687080465
lvy1=4.212045771321287
lvz1=-3.544338535883673
avx1=2.0895856182000925
avy1=-3.159344915108006
avz1=5.013041916436562
shx1=1.00020001
shy1=0.9999000099990001
shz1=0.9999000099990001
req1=1.0
rhos1=1.0
cex2=4.0
cey2=0.0
cez2=0.0
oriw2=0.19396392059046186
orii2=0.24774499380807052
orij2=-0.4312380043804169
orik2=0.8455969483922063
lvx2=1.131854629786591
lvy2=4.2119049635382915
lvz2=-3.544220049409756
avx2=1.1073006331342274
avy2=0.5506773963827958
avz2=6.160280620014889
shx2=1.0
shy2=1.0
shz2=1.0
req2=1.0
rhos2=1.0
rhof=1.0
ndiv=2
tend=100.0
dt=0.05
tprint=1
logevery=100
nbody=2
impulse_scheme=1
energy_projection=0
impulse_pair_metric_correction=0
