cex1=-4.0
cey1=0.0
cez1=0.0
oriw1=0.028645958633542554
orii1=-0.9881916140773908
orij1=-0.05035161314944882
orik1=0.1418501250416608
lvx1=-1.9500643289870994
lvy1=-4.653788310023308
lvz1=2.7699413739626624
avx1=3.1265842271831037
avy1=-3.785950235057263
avz1=3.9203914973325205
shx1=1.1
shy1=1.1
shz1=0.8264462809917354
req1=1.0
rhos1=1.0
cex2=4.0
cey2=0.0
cez2=0.0
oriw2=-0.4936383876011041
orii2=-0.05670417808910143
orij2=-0.866804519552845
orik2=-0.04190111402556202
lvx2=-3.3151956103170224
lvy2=-7.911645963365555
lvz2=4.709022849808392
avx2=-3.273046613065411
avy2=2.9491631950438175
avz2=4.479734358425444
shx2=2.0
shy2=2.0
shz2=0.25
req2=1.0
rhos2=1.0
rhof=1.0
ndiv=2
tend=100.0
dt=0.05
tprint=1
logevery=100
nbody=2
impulse_scheme=1
energy_projection=0
impulse_pair_metric_correction=0
