cex1=-4.0
cey1=0.0
cez1=0.0
oriw1=0.3519369153717317
orii1=-0.29016630466061377
orij1=0.40606763104599203
orik1=0.7918667831491168
lvx1=-4.695882245019395
lvy1=-2.245310537205549
lvz1=1.6702094891429426
avx1=-4.583370207709658
avy1=-1.814525209569562
avz1=-3.8959765665714037
shx1=1.0
shy1=0.8
shz1=0.6
req1=1.0
rhos1=0.3
cex2=4.0
cey2=0.0
cez2=0.0
oriw2=-0.06146431414063237
orii2=-0.017698221800060126
orij2=-0.3526821542890595
orik2=0.9335546095855162
lvx2=-5.044125828857215
lvy2=-2.4118213114343114
lvz2=1.7940711423766833
avx2=1.958472418387406
avy2=-3.8557482465692896
avz2=-4.558070737697152
shx2=1.0
shy2=0.8
shz2=0.6
req2=1.0
rhos2=0.3
rhof=1.0
ndiv=2
tend=100.0
dt=0.05
tprint=1
logevery=100
nbody=2
impulse_scheme=1
energy_projection=0
impulse_pair_metric_correction=0
