cex1=-2.5
cey1=0.0
cez1=0.0
oriw1=-0.17763857052578305
orii1=-0.42885208241177747
orij1=0.48495835752686217
orik1=0.7411786701851899
lvx1=0.02942663910889329
lvy1=0.6350909783937534
lvz1=0.11802313296689318
avx1=-6.2371534042379055
avy1=0.3262272672182688
avz1=-0.6855003913086006
shx1=1.0
shy1=0.7
shz1=0.7
req1=1.0
rhos1=0.1
cex2=2.5
cey2=0.0
cez2=0.0
oriw2=-0.6029122874524162
orii2=-0.10772927103033753
orij2=-0.5873039375129759
orik2=-0.5291174376108971
lvx2=0.03376915387752829
lvy2=0.7288119073417091
lvz2=0.13543990951594911
avx2=-3.8311627680548357
avy2=4.9635651334540425
avz2=0.4045128118949996
shx2=1.0
shy2=0.7
shz2=0.7
req2=1.0
rhos2=0.1
rhof=1.0
ndiv=2
tend=100.0
dt=0.05
tprint=1
logevery=100
nbody=2
impulse_scheme=1
energy_projection=0
impulse_pair_metric_correction=0
