cex1=-4.0
cey1=0.0
cez1=0.0
oriw1=-0.02615344466575682
orii1=-0.2810543604943946
orij1=0.9342394622924145
orik1=-0.21799328171937415
lvx1=0.8972381727225309
lvy1=4.384330221524135
lvz1=-8.432656496802117
avx1=3.6671441755444394
avy1=-0.9756935960071983
avz1=-5.00784316915361
shx1=1.0
shy1=0.8
shz1=0.6
req1=1.0
rhos1=0.1
cex2=4.0
cey2=0.0
cez2=0.0
oriw2=0.21223237098368017
orii2=-0.29560274632261074
orij2=-0.707581889407515
orik2=-0.6057262639639022
lvx2=0.9442896581785276
lvy2=4.614246040895013
lvz2=-8.874867970385289
avx2=-1.6559139316169358
avy2=1.9864299406090435
avz2=-5.7262957264261445
shx2=1.0
shy2=0.8
shz2=0.6
req2=1.0
rhos2=0.1
rhof=1.0
ndiv=2
tend=100.0
dt=0.05
tprint=1
logevery=100
nbody=2
impulse_scheme=1
energy_projection=0
impulse_pair_metric_correction=0
