cex1=-4.0
cey1=0.0
cez1=0.0
oriw1=-0.29993540173395233
orii1=-0.2137652949578498
orij1=0.9285556602528865
orik1=0.04612525632017863
lvx1=-5.061397616983127
lvy1=1.993586987335615
lvz1=1.4270482178230939
avx1=-0.7755053033193998
avy1=-4.394511629451982
avz1=4.423265385152943
shx1=1.003
shy1=1.0
shz1=0.9970089730807579
req1=1.0
rhos1=1.0
cex2=4.0
cey2=0.0
cez2=0.0
oriw2=-0.15766360938062585
orii2=0.3610579454883274
orij2=-0.7081146437520488
orik2=-0.5859633073672194
lvx2=-7.300728106222799
lvy2=2.8756161147672343
lvz2=2.058421768295337
avx2=2.331729085141323
avy2=4.080235010503371
avz2=4.170508282802708
shx2=2.0
shy2=1.0
shz2=0.5
req2=1.0
rhos2=1.0
rhof=1.0
ndiv=2
tend=100.0
dt=0.05
tprint=1
logevery=100
nbody=2
impulse_scheme=1
energy_projection=0
impulse_pair_metric_correction=0
