cex1=-4.0
cey1=0.0
cez1=0.0
oriw1=-0.030445696028286454
orii1=0.5911047035621211
orij1=0.17736440448561688
orik1=0.7862634145383802
lvx1=0.32343401658077714
lvy1=0.27867921528454115
lvz1=-2.079570531291975
avx1=-0.710273122973451
avy1=5.720587385083096
avz1=2.499761921617162
shx1=1.0
shy1=0.8
shz1=0.6
req1=1.0
rhos1=1.0
cex2=4.0
cey2=0.0
cez2=0.0
oriw2=-0.542913425834417
orii2=0.4887948866849302
orij2=-0.4982186117794037
orik2=0.46701475959117944
lvx2=0.29897427481120703
lvy2=0.2576040614882059
lvz2=-1.9223027252499791
avx2=-4.7675026756863526
avy2=3.2629705339462967
avz2=-2.4702953540577144
shx2=1.0
shy2=0.8
shz2=0.6
req2=1.0
rhos2=1.0
rhof=1.0
ndiv=2
tend=100.0
dt=0.05
tprint=1
logevery=100
nbody=2
impulse_scheme=1
energy_projection=0
impulse_pair_metric_correction=0
