cex1=-4.0
cey1=0.0
cez1=0.0
oriw1=-0.605252082084948
orii1=-0.7914773111770086
orij1=0.04145994900232233
orik1=-0.07426072752520643
lvx1=4.6823938685917685
lvy1=-2.1673092458285566
lvz1=-2.2177708818129704
avx1=3.7119041417295704
avy1=-4.310897772740447
avz1=-2.667647960273196
shx1=1.003
shy1=1.003
shz1=0.9940268924035474
req1=1.0
rhos1=1.0
cex2=4.0
cey2=0.0
cez2=0.0
oriw2=-0.4010676315231225
orii2=0.4529898854995861
orij2=0.6074492470901015
orik2=0.5147332617863096
lvx2=7.000294813400742
lvy2=-3.24018100535657
lvz2=-3.3156224010552298
avx2=-3.724389163247294
avy2=4.64537602138868
avz2=2.00694409113723
shx2=2.0
shy2=2.0
shz2=0.25
req2=1.0
rhos2=1.0
rhof=1.0
ndiv=2
tend=100.0
dt=0.05
tprint=1
logevery=100
nbody=2
impulse_scheme=1
energy_projection=0
impulse_pair_metric_correction=0
