cex1=-4.0
cey1=0.0
cez1=0.0
oriw1=0.6850419797448684
orii1=-0.18850865282844853
orij1=0.16722894927260562
orik1=-0.6835323345103838
lvx1=5.458651429724209
lvy1=-0.7242671364072321
lvz1=-2.1778935998539923
avx1=1.9698852998235157
avy1=-5.912667674317389
avz1=0.7989558704827521
shx1=1.3
shy1=1.0
shz1=0.7692307692307692
req1=1.0
rhos1=1.0
cex2=4.0
cey2=0.0
cez2=0.0
oriw2=0.7628066930558843
orii2=-0.23628695577200967
orij2=0.6019027925777798
orik2=0.002729807358113574
lvx2=7.5995410092520235
lvy2=-1.008325568254571
lvz2=-3.0320660586151678
avx2=-2.676873759819811
avy2=-0.9040408047424103
avz2=-5.612082920066869
shx2=2.0
shy2=1.0
shz2=0.5
req2=1.0
rhos2=1.0
rhof=1.0
ndiv=2
tend=100.0
dt=0.05
tprint=1
logevery=100
nbody=2
impulse_scheme=1
energy_projection=0
impulse_pair_metric_correction=0
