cex1=-1.5
cey1=0.0
cez1=0.0
oriw1=0.43429880756146216
orii1=-0.062128181539317616
orij1=-0.5258665291332314
orik1=0.7286899397869288
lvx1=2.2545449361206
lvy1=4.889027395023612
lvz1=2.3620175793715132
avx1=-0.8344062888682011
avy1=4.639531884617632
avz1=-4.154145837722959
shx1=1.0
shy1=0.8
shz1=0.6
req1=1.0
rhos1=0.03
cex2=1.5
cey2=0.0
cez2=0.0
oriw2=-0.7873979114029639
orii2=0.5720591715953496
orij2=-0.2050975219559355
orik2=-0.10338200907037473
lvx2=2.0901122783044883
lvy2=4.53245177046196
lvz2=2.1897465271685155
avx2=-3.3454755512434575
avy2=5.175379756981914
avz2=-1.2254204631111503
shx2=1.0
shy2=0.8
shz2=0.6
req2=1.0
rhos2=0.03
rhof=1.0
ndiv=2
tend=100.0
dt=0.05
tprint=1
logevery=100
nbody=2
impulse_scheme=1
energy_projection=0
impulse_pair_metric_correction=0
