cex1=-4.0
cey1=0.0
cez1=0.0
oriw1=-0.5967500764297986
orii1=-0.7743062644346577
orij1=-0.09952771057685021
orik1=-0.18556236139262283
lvx1=5.390925147296378
lvy1=-0.8746176837100534
lvz1=-1.3239940391977523
avx1=5.992434529321657
avy1=-1.401293549370203
avz1=1.2670921058251536
shx1=1.0001
shy1=1.0
shz1=0.9999000099990001
req1=1.0
rhos1=1.0
cex2=4.0
cey2=0.0
cez2=0.0
oriw2=-0.0960888298686742
orii2=-0.7002512607454288
orij2=0.39263243229798506
orik2=-0.5884342628592208
lvx2=6.755897363344824
lvy2=-1.0960692537671135
lvz2=-1.659226866280323
avx2=4.1836206313530635
avy2=-3.217795332833118
avz2=-3.409036405389626
shx2=2.0
shy2=1.0
shz2=0.5
req2=1.0
rhos2=1.0
rhof=1.0
ndiv=2
tend=100.0
dt=0.05
tprint=1
logevery=100
nbody=2
impulse_scheme=1
energy_projection=0
impulse_pair_metric_correction=0
