cex1=-4.0
cey1=0.0
cez1=0.0
oriw1=-0.3855707164984113
orii1=-0.8010624897459523
orij1=0.4216668291975941
orik1=-0.17841299071358238
lvx1=2.101977116103053
lvy1=1.3880421052170193
lvz1=5.020495334324771
avx1=-4.825820469316427
avy1=2.8859663540414138
avz1=-2.803760440127673
shx1=1.1
shy1=1.1
shz1=0.8264462809917354
req1=1.0
rhos1=1.0
cex2=4.0
cey2=0.0
cez2=0.0
oriw2=0.2172786664936266
orii2=-0.5292621215003607
orij2=-0.23542142961501605
orik2=-0.7856515374577401
lvx2=3.009342624820909
lvy2=1.9872215735725143
lvz2=7.187704609890395
avx2=4.96630831950577
avy2=3.8061355895031888
avz2=-0.572303376088616
shx2=2.0
shy2=2.0
shz2=0.25
req2=1.0
rhos2=1.0
rhof=1.0
ndiv=2
tend=100.0
dt=0.05
tprint=1
logevery=100
nbody=2
impulse_scheme=1
energy_projection=0
impulse_pair_metric_correction=0
