cex1=-4.0
cey1=0.0
cez1=0.0
oriw1=0.6350772465337329
orii1=-0.6220635772866024
orij1=-0.3797147201987004
orik1=-0.255989312302194
lvx1=0.47412785349726844
lvy1=-4.924823894868437
lvz1=2.665900734566271
avx1=3.7267022486838406
avy1=-0.1276188681443853
avz1=-5.057056592377209
shx1=1.0001
shy1=1.0001
shz1=0.9998000299960006
req1=1.0
rhos1=1.0
cex2=4.0
cey2=0.0
cez2=0.0
oriw2=0.4523442490579691
orii2=0.20496020170610058
orij2=-0.7625275364797105
orik2=-0.41464171542545075
lvx2=0.4740849451506749
lvy2=-4.924378200634203
lvz2=2.66565947181012
avx2=-3.4392531637342922
avy2=-5.089145033983141
avz2=1.323086581893202
shx2=1.0001
shy2=1.0001
shz2=0.9998000299960006
req2=1.0
rhos2=1.0
rhof=1.0
ndiv=2
tend=100.0
dt=0.05
tprint=1
logevery=100
nbody=2
impulse_scheme=1
energy_projection=0
impulse_pair_metric_correction=0
