cex1=-5.5
cey1=0.0
cez1=0.0
oriw1=-0.2558569049805411
orii1=0.3375055421411702
orij1=-0.0036579101987219437
orik1=0.9058774050006718
lvx1=-4.8902026686854665
lvy1=3.017919589826119
lvz1=0.0628568115585117
avx1=2.157758503256768
avy1=-5.8483580994632245
avz1=0.7868947746830258
shx1=1.0
shy1=0.7
shz1=0.7
req1=1.0
rhos1=1.0
cex2=5.5
cey2=0.0
cez2=0.0
oriw2=0.4533024419412786
orii2=-0.854043389205634
orij2=0.22744227123750166
orik2=-0.11574454085854018
lvx2=-4.914948200858089
lvy2=3.0331909459158464
lvz2=0.06317488124970258
avx2=1.879607863960292
avy2=2.0063674337036184
avz2=5.649777128619289
shx2=1.0
shy2=0.7
shz2=0.7
req2=1.0
rhos2=1.0
rhof=1.0
ndiv=2
tend=100.0
dt=0.05
tprint=1
logevery=100
nbody=2
impulse_scheme=1
energy_projection=0
impulse_pair_metric_correction=0
