cex1=-4.0
cey1=0.0
cez1=0.0
oriw1=0.2522191123095831
orii1=0.7859258970888435
orij1=0.5407538007568189
orik1=-0.1621460164108793
lvx1=5.131980242739733
lvy1=-5.363991351201334
lvz1=-4.808021120492817
avx1=-4.182999103605798
avy1=4.467955527820539
avz1=-1.4206722018144824
shx1=1.0
shy1=0.8
shz1=0.6
req1=1.0
rhos1=0.1
cex2=4.0
cey2=0.0
cez2=0.0
oriw2=0.49149024484208825
orii2=0.4666594540169709
orij2=-0.7338005025051617
orik2=-0.04693735958507712
lvx2=4.79332229333599
lvy2=-5.010023053254911
lvz2=-4.490741143497675
avx2=5.741547562284594
avy2=-2.542882017033484
avz2=0.21633363545455386
shx2=1.0
shy2=0.8
shz2=0.6
req2=1.0
rhos2=0.1
rhof=1.0
ndiv=2
tend=100.0
dt=0.05
tprint=1
logevery=100
nbody=2
impulse_scheme=1
energy_projection=0
impulse_pair_metric_correction=0
