cex1=-2.5
cey1=0.0
cez1=0.0
oriw1=-0.7648644783781954
orii1=-0.6270787944543247
orij1=0.12515316124758094
orik1=0.07804614974935757
lvx1=-0.5344597689007516
lvy1=-0.24130085390575098
lvz1=0.5038074511856192
avx1=0.425750454449797
avy1=5.875570256570132
avz1=2.185138053991469
shx1=1.0
shy1=0.8
shz1=0.6
req1=1.0
rhos1=0.3
cex2=2.5
cey2=0.0
cez2=0.0
oriw2=0.900855948183347
orii2=0.13100051405187074
orij2=0.10159269487823538
orik2=0.4012185816836083
lvx2=-0.521420134495204
lvy2=-0.23541364760929026
lvz2=0.4915156654301394
avx2=4.379641789835637
avy2=-0.7451138882663655
avz2=4.443192623620465
shx2=1.0
shy2=0.8
shz2=0.6
req2=1.0
rhos2=0.3
rhof=1.0
ndiv=2
tend=100.0
dt=0.05
tprint=1
logevery=100
nbody=2
impulse_scheme=1
energy_projection=0
impulse_pair_metric_correction=0
