cex1=-1.5
cey1=0.0
cez1=0.0
oriw1=0.8888690355933538
orii1=0.36614876961735865
orij1=-0.2078063768170643
orik1=0.18073025708275783
lvx1=-0.3161111152524951
lvy1=-2.6894607341464303
lvz1=-4.88834249622861
avx1=-3.09702583468892
avy1=4.612715725038202
avz1=2.9342294088247645
shx1=1.0
shy1=0.8
shz1=0.6
req1=1.0
rhos1=1.0
cex2=1.5
cey2=0.0
cez2=0.0
oriw2=0.6488705386547448
orii2=0.06281757179060417
orij2=0.3925107748041641
orik2=0.648811427460143
lvx2=-0.3019252508905071
lvy2=-2.5687679671394252
lvz2=-4.668972280312441
avx2=5.040938274045625
avy2=-1.2711359044200716
avz2=3.5286785676954935
shx2=1.0
shy2=0.8
shz2=0.6
req2=1.0
rhos2=1.0
rhof=1.0
ndiv=2
tend=100.0
dt=0.05
tprint=1
logevery=100
nbody=2
impulse_scheme=1
energy_projection=0
impulse_pair_metric_correction=0
