cex1=-4.0
cey1=0.0
cez1=0.0
oriw1=0.27647932766412325
orii1=-0.17065591908398914
orij1=-0.8375109273676652
orik1=0.4393303827368951
lvx1=-1.0742148443768926
lvy1=-0.45229117504981914
lvz1=-5.489390521057298
avx1=4.480037019538786
avy1=4.367689100733396
avz1=0.575306724499347
shx1=1.003
shy1=1.003
shz1=0.9940268924035474
req1=1.0
rhos1=1.0
cex2=4.0
cey2=0.0
cez2=0.0
oriw2=0.5590533181483143
orii2=0.6215370063989941
orij2=-0.10830104883708176
orik2=0.5379795720700967
lvx2=-1.5922552477536802
lvy2=-0.6704087182890212
lvz2=-8.136650605673578
avx2=5.145959420893553
avy2=3.1303647246543616
avz2=-1.7883892007932565
shx2=2.0
shy2=2.0
shz2=0.25
req2=1.0
rhos2=1.0
rhof=1.0
ndiv=2
tend=100.0
dt=0.05
tprint=1
logevery=100
nbody=2
impulse_scheme=1
energy_projection=0
impulse_pair_metric_correction=0
