cex1=-4.0
cey1=0.0
cez1=0.0
oriw1=0.5198381309842577
orii1=-0.5635041117717545
orij1=0.5630646456077222
orik1=0.3085281809782861
lvx1=-1.8700121338354565
lvy1=-0.31047894866507664
lvz1=2.960745906520341
avx1=3.4454769886500705
avy1=1.069722364227693
avz1=-5.144200617055228
shx1=1.0
shy1=0.8
shz1=0.6
req1=1.0
rhos1=0.1
cex2=4.0
cey2=0.0
cez2=0.0
oriw2=-0.10124851521979657
orii2=-0.8300187595884442
orij2=0.04571487470432826
orik2=-0.5465599208941455
lvx2=-1.7903590319918723
lvy2=-0.2972541086381914
lvz2=2.8346330375405344
avx2=-2.2690336222145233
avy2=5.782036507103681
avz2=0.9476063824910336
shx2=1.0
shy2=0.8
shz2=0.6
req2=1.0
rhos2=0.1
rhof=1.0
ndiv=2
tend=100.0
dt=0.05
tprint=1
logevery=100
nbody=2
impulse_scheme=1
energy_projection=0
impulse_pair_metric_correction=0
