cex1=-4.0
cey1=0.0
cez1=0.0
oriw1=1.0
orii1=2.0
orij1=0.0
orik1=0.0
lvx1=-6.0245557014252995
lvy1=4.353658284459996
lvz1=2.8635370509177682
avx1=4.322296127137395
avy1=-1.4955061255189381
avz1=4.308089509542
shx1=1.0
shy1=0.7
shz1=0.7
req1=1.0
rhos1=0.03
cex2=4.0
cey2=0.0
cez2=0.0
oriw2=1.0
orii2=0.0
orij2=1.0
orik2=0.0
lvx2=-6.4486510622727895
lvy2=4.660131719624337
lvz2=3.065114202677162
avx2=-2.1436150910051253
avy2=-2.9393819274177546
avz2=5.122827913442184
shx2=1.0
shy2=0.7
shz2=0.7
req2=1.0
rhos2=0.03
rhof=1.0
ndiv=2
tend=100.0
dt=0.05
tprint=1
logevery=100
nbody=2
impulse_scheme=1
energy_projection=1
