cex1=-4.0
cey1=0.0
cez1=0.0
oriw1=-0.0844488586250233
orii1=-0.5642762181638382
orij1=0.5031900801076865
orik1=0.6490458251717418
lvx1=1.8881011553146403
lvy1=-0.6489117894633195
lvz1=5.33346229009157
avx1=-1.7589583711908463
avy1=-3.841757513789204
avz1=-4.6503099098898
shx1=1.0609
shy1=0.970873786407767
shz1=0.970873786407767
req1=1.0
rhos1=1.0
cex2=4.0
cey2=0.0
cez2=0.0
oriw2=-0.4256522004344311
orii2=-0.4039207047802633
orij2=0.739663289482519
orik2=-0.3294942893390439
lvx2=1.9003889668343514
lvy2=-0.6531349242987595
lvz2=5.368172601657061
avx2=-5.95957777737062
avy2=-1.669964293445959
avz2=-1.0830833663403951
shx2=4.0
shy2=0.5
shz2=0.5
req2=1.0
rhos2=1.0
rhof=1.0
ndiv=2
tend=100.0
dt=0.05
tprint=1
logevery=100
nbody=2
impulse_scheme=1
energy_projection=0
impulse_pair_metric_correction=0
