cex1=-2.5
cey1=0.0
cez1=0.0
oriw1=-0.504389749766794
orii1=-0.1671959004771002
orij1=-0.4885090210057516
orik1=0.692094970065413
lvx1=-0.09423995101535636
lvy1=0.6643570605944429
lvz1=0.25975571406458514
avx1=-4.549386536830257
avy1=-1.4302997498114896
avz1=4.090934168200977
shx1=1.0
shy1=0.7
shz1=0.7
req1=1.0
rhos1=4.0
cex2=2.5
cey2=0.0
cez2=0.0
oriw2=0.3674041339484703
orii2=-0.6288579516421653
orij2=-0.4426307593308838
orik2=0.5230964441746473
lvx2=-0.094063225696542
lvy2=0.6631112119699993
lvz2=0.2592686020607341
avx2=4.588196109033646
avy2=-3.1592154222683035
avz2=2.9062401802170528
shx2=1.0
shy2=0.7
shz2=0.7
req2=1.0
rhos2=4.0
rhof=1.0
ndiv=2
tend=100.0
dt=0.05
tprint=1
logevery=100
nbody=2
impulse_scheme=1
energy_projection=0
impulse_pair_metric_correction=0
