cex1=-2.5
cey1=0.0
cez1=0.0
oriw1=0.829455735914006
orii1=0.25166366284540376
orij1=0.43102852121543844
orik1=-0.2507648238119176
lvx1=-5.89482670587026
lvy1=0.519719116023342
lvz1=8.209415611474176
avx1=1.368391352653891
avy1=1.6494645687114253
avz1=-5.906368541405549
shx1=1.0
shy1=0.8
shz1=0.6
req1=1.0
rhos1=1.0
cex2=2.5
cey2=0.0
cez2=0.0
oriw2=-0.5822595287101132
orii2=-0.2524898180615656
orij2=0.6685115884794106
orik2=0.38770477050231084
lvx2=-5.797908275204909
lvy2=0.5111742743129648
lvz2=8.074442402346353
avx2=0.5152576985277222
avy2=-3.7022324644653954
avz2=-5.05038631072157
shx2=1.0
shy2=0.8
shz2=0.6
req2=1.0
rhos2=1.0
rhof=1.0
ndiv=2
tend=100.0
dt=0.05
tprint=1
logevery=100
nbody=2
impulse_scheme=1
energy_projection=0
impulse_pair_metric_correction=0
