cex1=-5.5
cey1=0.0
cez1=0.0
oriw1=-0.028055968378693705
orii1=-0.5924951318014562
orij1=-0.8043035839439167
orik1=-0.03547007590744419
lvx1=2.6472842512326378
lvy1=-3.8742855879852223
lvz1=1.0114797189793674
avx1=6.173998658674063
avy1=-0.33623937284586086
avz1=-1.1167368764380132
shx1=1.0
shy1=0.7
shz1=0.7
req1=1.0
rhos1=10.0
cex2=5.5
cey2=0.0
cez2=0.0
oriw2=0.032858466303560756
orii2=-0.589857082922238
orij2=0.7945955971690366
orik2=-0.14002421175720964
lvx2=2.950086076734026
lvy2=-4.317434353747495
lvz2=1.1271748526704222
avx2=-4.409381892704028
avy2=4.412932344906906
avz2=0.749531218779926
shx2=1.0
shy2=0.7
shz2=0.7
req2=1.0
rhos2=10.0
rhof=1.0
ndiv=2
tend=100.0
dt=0.05
tprint=1
logevery=100
nbody=2
impulse_scheme=1
energy_projection=0
impulse_pair_metric_correction=0
