cex1=-4.0
cey1=0.0
cez1=0.0
oriw1=1.0
orii1=1.0
orij1=1.0
orik1=0.0
lvx1=-0.9094476079192008
lvy1=0.8266099826582295
lvz1=-0.44998635577011914
avx1=0.7271822094943043
avy1=2.0337485530269555
avz1=5.90029579441685
shx1=1.0
shy1=0.7
shz1=0.7
req1=1.0
rhos1=0.03
cex2=4.0
cey2=0.0
cez2=0.0
oriw2=1.0
orii2=-1.0
orij2=0.0
orik2=1.0
lvx2=-0.8411547828764986
lvy2=0.7645376538812154
lvz2=-0.41619569075696516
avx2=-4.138137301067079
avy2=2.4868931894144186
avz2=-4.021144059383958
shx2=1.0
shy2=0.7
shz2=0.7
req2=1.0
rhos2=0.03
rhof=1.0
ndiv=2
tend=100.0
dt=0.05
tprint=1
logevery=100
nbody=2
impulse_scheme=1
energy_projection=0
impulse_pair_metric_correction=0
