cex1=-4.0
cey1=0.0
cez1=0.0
oriw1=0.4121094828907088
orii1=-0.7161748198031683
orij1=-0.5550674735411905
orik1=0.09570528411771154
lvx1=-0.08619433799468021
lvy1=4.981962704717247
lvz1=-2.601971745751412
avx1=-0.3656231995231335
avy1=4.925819817935139
avz1=3.883431008987457
shx1=1.003
shy1=1.003
shz1=0.9940268924035474
req1=1.0
rhos1=1.0
cex2=4.0
cey2=0.0
cez2=0.0
oriw2=0.8939774680335781
orii2=-0.44236973467106233
orij2=0.046170565989054675
orik2=-0.054603876525179645
lvx2=-0.08617400648339994
lvy2=4.98078755988424
lvz2=-2.601357992932718
avx2=-0.7911191959955896
avy2=5.465248594952566
avz2=-2.99726639080575
shx2=1.0
shy2=1.0
shz2=1.0
req2=1.0
rhos2=1.0
rhof=1.0
ndiv=2
tend=100.0
dt=0.05
tprint=1
logevery=100
nbody=2
impulse_scheme=1
energy_projection=0
impulse_pair_metric_correction=0
