cex1=-4.0
cey1=0.0
cez1=0.0
oriw1=0.30216858466333546
orii1=-0.2016027157255847
orij1=-0.22936290040870383
orik1=0.903018909752577
lvx1=-3.468033510250483
lvy1=4.668124433729889
lvz1=-2.1759632527103436
avx1=-2.126971430258778
avy1=-3.4446898802035477
avz1=4.805051692588086
shx1=1.3
shy1=1.0
shz1=0.7692307692307692
req1=1.0
rhos1=1.0
cex2=4.0
cey2=0.0
cez2=0.0
oriw2=-0.18212718843559522
orii2=0.5281396414286876
orij2=-0.06054475583976825
orik2=-0.8271834977345869
lvx2=-4.830353119935042
lvy2=6.501866073688419
lvz2=-3.0307293327838303
avx2=-1.6470231284334906
avy2=0.5654303325186643
avz2=6.0370539965972165
shx2=2.0
shy2=1.0
shz2=0.5
req2=1.0
rhos2=1.0
rhof=1.0
ndiv=2
tend=100.0
dt=0.05
tprint=1
logevery=100
nbody=2
impulse_scheme=1
energy_projection=0
impulse_pair_metric_correction=0
