cex1=-4.0
cey1=0.0
cez1=0.0
oriw1=-0.02519691089276028
orii1=-0.21655495307364658
orij1=-0.1044339202844872
orik1=-0.9703414987903723
lvx1=4.220548108527633
lvy1=-1.7069642300817343
lvz1=3.290110377288288
avx1=-5.117287625381381
avy1=-1.490609025673375
avz1=3.327141370013769
shx1=1.0020009999999997
shy1=0.9990009990009991
shz1=0.9990009990009991
req1=1.0
rhos1=1.0
cex2=4.0
cey2=0.0
cez2=0.0
oriw2=-0.7381722267750868
orii2=0.08753510210045282
orij2=-0.6169851898815196
orik2=0.258396294449124
lvx2=11.287491159596854
lvy2=-4.565128310672703
lvz2=8.79911585955004
avx2=2.2160103341851087
avy2=5.123045761835762
avz2=-2.884808126250146
shx2=4.0
shy2=0.5
shz2=0.5
req2=1.0
rhos2=1.0
rhof=1.0
ndiv=2
tend=100.0
dt=0.05
tprint=1
logevery=100
nbody=2
impulse_scheme=1
energy_projection=0
impulse_pair_metric_correction=0
