cex1=-5.5
cey1=0.0
cez1=0.0
oriw1=0.9207173017878277
orii1=0.3424898148700325
orij1=-0.02809830934681841
orik1=0.18490771187455549
lvx1=-0.16856872791476382
lvy1=-1.1309468529685966
lvz1=0.13195219762408725
avx1=5.526648399166807
avy1=-1.3695287761892971
avz1=-2.656871469893465
shx1=1.0
shy1=0.8
shz1=0.6
req1=1.0
rhos1=0.3
cex2=5.5
cey2=0.0
cez2=0.0
oriw2=-0.010558616177417674
orii2=0.12299005527819128
orij2=-0.29204883571856577
orik2=0.9484036268817805
lvx2=-0.18449189842443808
lvy2=-1.2377772229901602
lvz2=0.1444165340872359
avx2=2.094177302418706
avy2=5.4864953211459255
avz2=-2.2341011887189937
shx2=1.0
shy2=0.8
shz2=0.6
req2=1.0
rhos2=0.3
rhof=1.0
ndiv=2
tend=100.0
dt=0.05
tprint=1
logevery=100
nbody=2
impulse_scheme=1
energy_projection=0
impulse_pair_metric_correction=0
