cex1=-5.5
cey1=0.0
cez1=0.0
oriw1=0.6063653738111655
orii1=-0.5677293420960405
orij1=-0.12839481059018393
orik1=-0.5417741228404634
lvx1=0.42676919828969784
lvy1=0.6181768545264474
lvz1=0.34200131348829016
avx1=-1.2594984416534447
avy1=1.968068112833307
avz1=-5.8325628314728615
shx1=1.0
shy1=0.8
shz1=0.6
req1=1.0
rhos1=0.03
cex2=5.5
cey2=0.0
cez2=0.0
oriw2=-0.3474297822891556
orii2=0.04601261074758377
orij2=-0.8212108594742223
orik2=-0.45032000878520856
lvx2=0.37378888260966736
lvy2=0.5414346598456884
lvz2=0.2995443188780677
avx2=-4.9504156321647566
avy2=-1.8935072566172877
avz2=-3.374378897265972
shx2=1.0
shy2=0.8
shz2=0.6
req2=1.0
rhos2=0.03
rhof=1.0
ndiv=2
tend=100.0
dt=0.05
tprint=1
logevery=100
nbody=2
impulse_scheme=1
energy_projection=0
impulse_pair_metric_correction=0
