cex1=-2.5
cey1=0.0
cez1=0.0
oriw1=1.0
orii1=2.0
orij1=0.0
orik1=0.0
lvx1=0.14233157253669163
lvy1=1.193657310766871
lvz1=0.5278341319676688
avx1=-2.8335997487746427
avy1=-2.304743703369274
avz1=-5.112463841425326
shx1=1.0
shy1=0.8
shz1=0.6
req1=1.0
rhos1=0.03
cex2=2.5
cey2=0.0
cez2=0.0
oriw2=1.0
orii2=0.0
orij2=1.0
orik2=0.0
lvx2=0.1406575158957712
lvy2=1.1796179102848918
lvz2=0.5216259223752598
avx2=3.363605209094636
avy2=-1.6304082323692224
avz2=5.050380836880674
shx2=1.0
shy2=0.8
shz2=0.6
req2=1.0
rhos2=0.03
rhof=1.0
ndiv=2
tend=100.0
dt=0.05
tprint=1
logevery=100
nbody=2
impulse_scheme=1
energy_projection=0
impulse_pair_metric_correction=0
