cex1=-2.5
cey1=0.0
cez1=0.0
oriw1=0.531266775290637
orii1=-0.14970514753022957
orij1=0.025941200817772563
orik1=-0.8334692774034157
lvx1=7.147350152442118
lvy1=-6.0465619373853094
lvz1=-0.5910254851023989
avx1=-2.84610671568052
avy1=3.8463165738668637
avz1=-4.072338760578833
shx1=1.0
shy1=0.7
shz1=0.7
req1=1.0
rhos1=0.3
cex2=2.5
cey2=0.0
cez2=0.0
oriw2=-0.7886981315755638
orii2=-0.537370818148879
orij2=-0.04009059076889875
orik2=-0.2959402060941026
lvx2=7.4098646025049275
lvy2=-6.268645625452707
lvz2=-0.6127332127057189
avx2=-0.27953985198964815
avy2=-5.109297825155484
avz2=-3.6462790361364936
shx2=1.0
shy2=0.7
shz2=0.7
req2=1.0
rhos2=0.3
rhof=1.0
ndiv=2
tend=100.0
dt=0.05
tprint=1
logevery=100
nbody=2
impulse_scheme=1
energy_projection=0
impulse_pair_metric_correction=0
