cex1=-4.0
cey1=0.0
cez1=0.0
oriw1=0.10120745342820854
orii1=-0.43781211640486006
orij1=-0.763447840744049
orik1=0.4639234813661877
lvx1=2.731540486347936
lvy1=-1.4876787372460065
lvz1=4.680654279919478
avx1=-2.9047807223300084
avy1=-4.082915433170668
avz1=-3.790840028953235
shx1=1.0001
shy1=1.0001
shz1=0.9998000299960006
req1=1.0
rhos1=1.0
cex2=4.0
cey2=0.0
cez2=0.0
oriw2=-0.5543135800691626
orii2=-0.7950818560519904
orij2=-0.20141033096404568
orik2=-0.14147500029610766
lvx2=4.500087110366166
lvy2=-2.450882182895025
lvz2=7.711162290443489
avx2=-5.07440768105625
avy2=-0.187995305934219
avz2=-3.7004678157959248
shx2=2.0
shy2=2.0
shz2=0.25
req2=1.0
rhos2=1.0
rhof=1.0
ndiv=2
tend=100.0
dt=0.05
tprint=1
logevery=100
nbody=2
impulse_scheme=1
energy_projection=0
impulse_pair_metric_correction=0
