cex1=-4.0
cey1=0.0
cez1=0.0
oriw1=-0.323431288270284
orii1=-0.8022271288539586
orij1=0.41940679754104715
orik1=0.2755390601619333
lvx1=1.7472614667734452
lvy1=-3.8775201552727703
lvz1=-3.670682529055397
avx1=-3.3292858186539074
avy1=-5.114759637312618
avz1=1.4944923534716101
shx1=1.003
shy1=1.0
shz1=0.9970089730807579
req1=1.0
rhos1=1.0
cex2=4.0
cey2=0.0
cez2=0.0
oriw2=-0.6698556715911046
orii2=-0.3216690893739476
orij2=0.2515276158952411
orik2=-0.6201259828620485
lvx2=1.7482691338315979
lvy2=-3.8797563685711762
lvz2=-3.6727994565649906
avx2=0.5332951406407106
avy2=-5.70823667518767
avz2=2.5710013530468734
shx2=1.003
shy2=1.0
shz2=0.9970089730807579
req2=1.0
rhos2=1.0
rhof=1.0
ndiv=2
tend=100.0
dt=0.05
tprint=1
logevery=100
nbody=2
impulse_scheme=1
energy_projection=0
impulse_pair_metric_correction=0
