cex1=-2.5
cey1=0.0
cez1=0.0
oriw1=-0.29266781298093014
orii1=0.3049512160173465
orij1=0.6574806110923129
orik1=-0.6237544012928323
lvx1=0.5570344004672207
lvy1=-0.5102576879633933
lvz1=-0.26503604360751437
avx1=2.0898587061703204
avy1=-3.2812203092199135
avz1=-4.9340147420700236
shx1=1.0
shy1=0.8
shz1=0.6
req1=1.0
rhos1=0.3
cex2=2.5
cey2=0.0
cez2=0.0
oriw2=0.063894541169223
orii2=-0.6520069148268638
orij2=-0.5970478377500285
orik2=0.46296689953466985
lvx2=0.5339820600415264
lvy2=-0.48914115742615216
lvz2=-0.2540677782774109
avx2=-2.840433965027855
avy2=4.4009845393834
avz2=-3.470113482118683
shx2=1.0
shy2=0.8
shz2=0.6
req2=1.0
rhos2=0.3
rhof=1.0
ndiv=2
tend=100.0
dt=0.05
tprint=1
logevery=100
nbody=2
impulse_scheme=1
energy_projection=0
impulse_pair_metric_correction=0
