cex1=-1.5
cey1=0.0
cez1=0.0
oriw1=-0.6778131758048157
orii1=-0.09402569653197826
orij1=-0.6544434686418962
orik1=-0.32160878944616833
lvx1=-4.078686026102292
lvy1=-3.5120633168988844
lvz1=-0.5460070417976292
avx1=-3.8420008419781433
avy1=-4.611540204492296
avz1=1.8577255117341271
shx1=1.0
shy1=0.8
shz1=0.6
req1=1.0
rhos1=4.0
cex2=1.5
cey2=0.0
cez2=0.0
oriw2=-0.13293251947316415
orii2=0.6667546025425812
orij2=0.6002828949476686
orik2=-0.42122166526432087
lvx2=-4.186812670305449
lvy2=-3.6051686989398215
lvz2=-0.5604817791917425
avx2=4.2578234053784145
avy2=2.0249572080928586
avz2=-4.153180198156825
shx2=1.0
shy2=0.8
shz2=0.6
req2=1.0
rhos2=4.0
rhof=1.0
ndiv=2
tend=100.0
dt=0.05
tprint=1
logevery=100
nbody=2
impulse_scheme=1
energy_projection=0
impulse_pair_metric_correction=0
