cex1=-2.5
cey1=0.0
cez1=0.0
oriw1=0.012357869764206688
orii1=-0.5690150083997932
orij1=0.679186097050059
orik1=0.46343872177946244
lvx1=-1.0123769102341948
lvy1=3.188312084084423
lvz1=4.248458209748322
avx1=4.62955720617257
avy1=-2.4878776445908986
avz1=-3.443266255269539
shx1=1.0
shy1=0.8
shz1=0.6
req1=1.0
rhos1=0.03
cex2=2.5
cey2=0.0
cez2=0.0
oriw2=0.24731232160686067
orii2=-0.11335206455393022
orij2=0.015313747090751435
orik2=-0.9621608047477443
lvx2=-1.051405417242781
lvy2=3.3112258519324698
lvz2=4.41224205283942
avx2=1.7609460385660725
avy2=5.8527956381867
avz2=1.4568012463059703
shx2=1.0
shy2=0.8
shz2=0.6
req2=1.0
rhos2=0.03
rhof=1.0
ndiv=2
tend=100.0
dt=0.05
tprint=1
logevery=100
nbody=2
impulse_scheme=1
energy_projection=0
impulse_pair_metric_correction=0
