cex1=-4.0
cey1=0.0
cez1=0.0
oriw1=-0.24452531315390041
orii1=-0.5002679335899803
orij1=0.2858783177182821
orik1=0.7798800890567492
lvx1=-1.206723242266261
lvy1=3.994118052614022
lvz1=3.749448220116001
avx1=-2.496496090990894
avy1=5.048158903186694
avz1=-2.7860395833874163
shx1=1.01
shy1=1.01
shz1=0.9802960494069208
req1=1.0
rhos1=1.0
cex2=4.0
cey2=0.0
cez2=0.0
oriw2=-0.13218144111431313
orii2=-0.5589301091825943
orij2=0.02814611979930229
orik2=-0.8181277379568057
lvx2=-2.2259977469534546
lvy2=7.367801890918725
lvz2=6.91646849746785
avx2=-3.4958618265886985
avy2=0.060029490192529976
avz2=-5.220513782575867
shx2=2.0
shy2=2.0
shz2=0.25
req2=1.0
rhos2=1.0
rhof=1.0
ndiv=2
tend=100.0
dt=0.05
tprint=1
logevery=100
nbody=2
impulse_scheme=1
energy_projection=0
impulse_pair_metric_correction=0
