cex1=-4.0
cey1=0.0
cez1=0.0
oriw1=1.0
orii1=2.0
orij1=0.0
orik1=0.0
lvx1=-0.15570801418562022
lvy1=4.342026550443776
lvz1=-0.11908681582675486
avx1=-0.47285314180150784
avy1=5.092161944270722
avz1=-3.6503033084891583
shx1=1.0
shy1=0.7
shz1=0.7
req1=1.0
rhos1=4.0
cex2=4.0
cey2=0.0
cez2=0.0
oriw2=1.0
orii2=0.0
orij2=1.0
orik2=0.0
lvx2=-0.15585641951968063
lvy2=4.346164936666783
lvz2=-0.11920031749060557
avx2=-0.06366057720226806
avy2=4.827836465038799
avz2=4.020741225459477
shx2=1.0
shy2=0.7
shz2=0.7
req2=1.0
rhos2=4.0
rhof=1.0
ndiv=1
tend=10.0
dt=0.05
tprint=1
logevery=20
nbody=2
impulse_scheme=1
energy_projection=0
impulse_pair_metric_correction=0
