cex1=-4.0
cey1=0.0
cez1=0.0
oriw1=0.37602242816254083
orii1=0.2195934349506902
orij1=-0.8801784962219058
orik1=-0.18886945659329987
lvx1=1.3743943230280233
lvy1=-3.3586267616750045
lvz1=4.291083849573995
avx1=4.7590198713652825
avy1=3.8277071661617446
avz1=-1.4760776803481013
shx1=1.0
shy1=1.0
shz1=1.0
req1=1.0
rhos1=1.0
cex2=4.0
cey2=0.0
cez2=0.0
oriw2=-0.410640373893231
orii2=-0.5498489012192168
orij2=0.4229400237666241
orik2=0.5917452200509394
lvx2=1.7983780499010562
lvy2=-4.394721765656944
lvz2=5.614830384599495
avx2=-4.022277684981569
avy2=1.4314273649488558
avz2=-4.6098498379157995
shx2=2.0
shy2=1.0
shz2=0.5
req2=1.0
rhos2=1.0
rhof=1.0
ndiv=2
tend=100.0
dt=0.05
tprint=1
logevery=100
nbody=2
impulse_scheme=1
energy_projection=0
impulse_pair_metric_correction=0
