cex1=-1.5
cey1=0.0
cez1=0.0
oriw1=1.0
orii1=2.0
orij1=0.0
orik1=0.0
lvx1=-4.187452791535648
lvy1=5.451758276758397
lvz1=-5.893993318862646
avx1=1.6797281523272423
avy1=0.611970200433725
avz1=-6.023489305412424
shx1=1.0
shy1=0.8
shz1=0.6
req1=1.0
rhos1=0.03
cex2=1.5
cey2=0.0
cez2=0.0
oriw2=1.0
orii2=0.0
orij2=1.0
orik2=0.0
lvx2=-3.8757511619260714
lvy2=5.045945477498181
lvz2=-5.455261848000211
avx2=4.072896466486745
avy2=1.0354111199741918
avz2=4.670958765635916
shx2=1.0
shy2=0.8
shz2=0.6
req2=1.0
rhos2=0.03
rhof=1.0
ndiv=2
tend=100.0
dt=0.05
tprint=1
logevery=100
nbody=2
impulse_scheme=1
energy_projection=1
