cex1=-4.0
cey1=0.0
cez1=0.0
oriw1=0.2680450439944968
orii1=-0.6505923115938749
orij1=0.703477611382706
orik1=-0.1000037437709659
lvx1=4.53891993965225
lvy1=1.527272705615121
lvz1=-2.806727727842174
avx1=5.985912492026389
avy1=-1.2653322687639217
avz1=1.4304556937509825
shx1=1.03
shy1=1.0
shz1=0.970873786407767
req1=1.0
rhos1=1.0
cex2=4.0
cey2=0.0
cez2=0.0
oriw2=0.19464988731853025
orii2=-0.06719613160901157
orij2=-0.967075666525953
orik2=0.1495351345906766
lvx2=4.76440583638519
lvy2=1.6031450409195758
lvz2=-2.9461612333924374
avx2=-5.3285882091755425
avy2=-2.8381647503960576
avz2=-1.740513186104061
shx2=2.0
shy2=1.0
shz2=0.5
req2=1.0
rhos2=1.0
rhof=1.0
ndiv=2
tend=100.0
dt=0.05
tprint=1
logevery=100
nbody=2
impulse_scheme=1
energy_projection=0
impulse_pair_metric_correction=0
