cex1=-4.0
cey1=0.0
cez1=0.0
oriw1=-0.8178438797499549
orii1=-0.37528570921256493
orij1=-0.037608442885269044
orik1=0.4346005405428172
lvx1=3.332090011823502
lvy1=0.24010191946478304
lvz1=-3.6291113993149566
avx1=6.074118453933058
avy1=-0.6347824822285267
avz1=-1.4766698385905739
shx1=1.0
shy1=0.8
shz1=0.6
req1=1.0
rhos1=10.0
cex2=4.0
cey2=0.0
cez2=0.0
oriw2=0.021637636568788147
orii2=0.5347517395642377
orij2=0.7024146120477772
orik2=-0.4692399199753888
lvx2=3.756081244109028
lvy2=0.27065364776346795
lvz2=-4.090897068020506
avx2=-3.0275971358673677
avy2=4.912099302296322
avz2=2.4866350016890575
shx2=1.0
shy2=0.8
shz2=0.6
req2=1.0
rhos2=10.0
rhof=1.0
ndiv=2
tend=100.0
dt=0.05
tprint=1
logevery=100
nbody=2
impulse_scheme=1
energy_projection=0
impulse_pair_metric_correction=0
