cex1=-2.5
cey1=0.0
cez1=0.0
oriw1=0.311409830351559
orii1=0.8333513776896366
orij1=-0.21499652351500279
orik1=0.4028968773019478
lvx1=1.4105322114788872
lvy1=0.49844259795380824
lvz1=1.412739059811255
avx1=-2.406116704800072
avy1=-5.709648031543301
avz1=-1.043522574328504
shx1=1.0
shy1=0.8
shz1=0.6
req1=1.0
rhos1=0.1
cex2=2.5
cey2=0.0
cez2=0.0
oriw2=0.2507314965871023
orii2=-0.14904765877239964
orij2=-0.0737324057088516
orik2=-0.953667680265009
lvx2=1.4761120943983912
lvy2=0.5216166927741117
lvz2=1.4784215457440615
avx2=-0.4186486217359431
avy2=-5.271833404222906
avz2=-3.3927751906065855
shx2=1.0
shy2=0.8
shz2=0.6
req2=1.0
rhos2=0.1
rhof=1.0
ndiv=2
tend=100.0
dt=0.05
tprint=1
logevery=100
nbody=2
impulse_scheme=1
energy_projection=0
impulse_pair_metric_correction=0
