cex1=-1.5
cey1=0.0
cez1=0.0
oriw1=0.16733371747470743
orii1=0.20379006091231183
orij1=0.49693947987081727
orik1=-0.8267527994601366
lvx1=1.026877230941509
lvy1=0.8267720951591278
lvz1=2.792392424029017
avx1=5.308745980218966
avy1=0.5277216717937545
avz1=-3.3192082729147336
shx1=1.0
shy1=0.7
shz1=0.7
req1=1.0
rhos1=0.1
cex2=1.5
cey2=0.0
cez2=0.0
oriw2=0.4141148545297947
orii2=0.49981817951964125
orij2=0.7525358347446118
orik2=0.11126765974293237
lvx2=1.170778587921575
lvy2=0.9426317352619351
lvz2=3.1837041085525972
avx2=-1.4296844292384752
avy2=-5.796411117336029
avz2=-1.958580658531526
shx2=1.0
shy2=0.7
shz2=0.7
req2=1.0
rhos2=0.1
rhof=1.0
ndiv=2
tend=100.0
dt=0.05
tprint=1
logevery=100
nbody=2
impulse_scheme=1
energy_projection=0
impulse_pair_metric_correction=0
