cex1=-4.0
cey1=0.0
cez1=0.0
oriw1=-0.05977146756185301
orii1=0.8619584904102762
orij1=-0.34461015717884813
orik1=0.367013313170394
lvx1=0.1837786742350772
lvy1=-0.5703826385296139
lvz1=0.5101207184611425
avx1=-2.719595984308569
avy1=3.3052164454344926
avz1=4.599756464783708
shx1=1.0
shy1=0.8
shz1=0.6
req1=1.0
rhos1=0.03
cex2=4.0
cey2=0.0
cez2=0.0
oriw2=0.23037911373840306
orii2=0.7010412217547694
orij2=-0.45230811194977094
orik2=-0.5008832610680075
lvx2=0.17802322966142492
lvy2=-0.5525198169835644
lvz2=0.49414513515042985
avx2=-1.3609065365234727
avy2=6.011420797785915
avz2=1.2203159407104673
shx2=1.0
shy2=0.8
shz2=0.6
req2=1.0
rhos2=0.03
rhof=1.0
ndiv=2
tend=100.0
dt=0.05
tprint=1
logevery=100
nbody=2
impulse_scheme=1
energy_projection=0
impulse_pair_metric_correction=0
