cex1=-4.0
cey1=0.0
cez1=0.0
oriw1=-0.7149618594358772
orii1=0.07592876862543341
orij1=-0.6800776103456632
orik1=-0.14338342147386027
lvx1=-2.725768708627817
lvy1=-2.3466129368434876
lvz1=4.317977442810203
avx1=-3.8879328928951113
avy1=4.935291665324847
avz1=-0.07274340435250805
shx1=1.0006000899999998
shy1=0.9997000899730081
shz1=0.9997000899730081
req1=1.0
rhos1=1.0
cex2=4.0
cey2=0.0
cez2=0.0
oriw2=0.41916421082799704
orii2=-0.32279318889674213
orij2=-0.8448702006831499
orik2=0.07937421218776582
lvx2=-7.4246304620682295
lvy2=-6.391860702789545
lvz2=11.761594721861478
avx2=-1.8811337043046459
avy2=-5.441672777341862
avz2=-2.515541885006692
shx2=4.0
shy2=0.5
shz2=0.5
req2=1.0
rhos2=1.0
rhof=1.0
ndiv=2
tend=100.0
dt=0.05
tprint=1
logevery=100
nbody=2
impulse_scheme=1
energy_projection=0
impulse_pair_metric_correction=0
