cex1=-5.5
cey1=0.0
cez1=0.0
oriw1=0.09615523227658351
orii1=-0.7609289098353925
orij1=0.12209413980721215
orik1=0.6299479236471014
lvx1=-0.5175215806283151
lvy1=0.2199487647965971
lvz1=1.1849418937367735
avx1=2.0062997618030707
avy1=3.8564711899211495
avz1=4.536607634726033
shx1=1.0
shy1=0.8
shz1=0.6
req1=1.0
rhos1=0.03
cex2=5.5
cey2=0.0
cez2=0.0
oriw2=-0.7162647541786307
orii2=-0.20811351340253878
orij2=0.3682546905230052
orik2=-0.5550153604797643
lvx2=-0.46730866661811227
lvy2=0.19860807326451999
lvz2=1.0699720303640148
avx2=-5.09291326248914
avy2=1.7423239211584016
avz2=3.241135519980439
shx2=1.0
shy2=0.8
shz2=0.6
req2=1.0
rhos2=0.03
rhof=1.0
ndiv=2
tend=100.0
dt=0.05
tprint=1
logevery=100
nbody=2
impulse_scheme=1
energy_projection=0
impulse_pair_metric_correction=0
