cex1=-4.0
cey1=0.0
cez1=0.0
oriw1=-0.7143906131522101
orii1=-0.1346978265072446
orij1=-0.6020562243576763
orik1=0.33019819818771423
lvx1=4.978084533399207
lvy1=-2.0352195406590896
lvz1=-2.1450559367539745
avx1=1.3438215397971327
avy1=3.9754564559222887
avz1=4.676356192656896
shx1=1.1
shy1=1.0
shz1=0.9090909090909091
req1=1.0
rhos1=1.0
cex2=4.0
cey2=0.0
cez2=0.0
oriw2=-0.009604047416616555
orii2=-0.16101810398913785
orij2=0.7006699803554011
orik2=0.6950125977921009
lvx2=6.471922775292163
lvy2=-2.6459542037782695
lvz2=-2.7887506285222066
avx2=3.4145760728206334
avy2=-4.001604864374533
avz2=3.4360218795421438
shx2=2.0
shy2=1.0
shz2=0.5
req2=1.0
rhos2=1.0
rhof=1.0
ndiv=2
tend=100.0
dt=0.05
tprint=1
logevery=100
nbody=2
impulse_scheme=1
energy_projection=0
impulse_pair_metric_correction=0
