cex1=-1.5
cey1=0.0
cez1=0.0
oriw1=0.1619552487840368
orii1=0.31811857803422783
orij1=-0.3032095234331917
orik1=0.8835355412207244
lvx1=-0.9418502840418438
lvy1=0.693124875212817
lvz1=-3.311144492382034
avx1=-1.6215987132808332
avy1=5.920034229563417
avz1=1.342397086647933
shx1=1.0
shy1=0.7
shz1=0.7
req1=1.0
rhos1=0.03
cex2=1.5
cey2=0.0
cez2=0.0
oriw2=0.8662834264443916
orii2=0.06493303361040578
orij2=-0.3472268903267309
orik2=0.3532282730019536
lvx2=-0.930110174378747
lvy2=0.6844851134766966
lvz2=-3.269871266573677
avx2=-2.3284975178149985
avy2=-5.796596056257296
avz2=-0.6752711118278263
shx2=1.0
shy2=0.7
shz2=0.7
req2=1.0
rhos2=0.03
rhof=1.0
ndiv=2
tend=100.0
dt=0.05
tprint=1
logevery=100
nbody=2
impulse_scheme=1
energy_projection=0
impulse_pair_metric_correction=0
