cex1=-4.0
cey1=0.0
cez1=0.0
oriw1=0.07107257471469373
orii1=0.3300651448009589
orij1=-0.3455360315139773
orik1=0.8755629847341183
lvx1=-0.31564796709571596
lvy1=1.445732536613798
lvz1=5.401511056704281
avx1=4.812360702988647
avy1=-1.8945584287878778
avz1=-3.5679476493632656
shx1=1.03
shy1=1.0
shz1=0.970873786407767
req1=1.0
rhos1=1.0
cex2=4.0
cey2=0.0
cez2=0.0
oriw2=0.8478295609861674
orii2=0.13333588012414452
orij2=-0.38180037538099854
orik2=-0.3429796669606688
lvx2=-0.3167361340884228
lvy2=1.4507165649954805
lvz2=5.4201322634135405
avx2=2.301587771353629
avy2=3.1889147061152094
avz2=4.90019737686504
shx2=1.0
shy2=1.0
shz2=1.0
req2=1.0
rhos2=1.0
rhof=1.0
ndiv=2
tend=100.0
dt=0.05
tprint=1
logevery=100
nbody=2
impulse_scheme=1
energy_projection=0
impulse_pair_metric_correction=0
