cex1=-5.5
cey1=0.0
cez1=0.0
oriw1=-0.9787659437993573
orii1=-0.10683712751773745
orij1=-0.1650300521946196
orik1=0.058035655548577855
lvx1=7.660695251490871
lvy1=-0.3525300351016629
lvz1=-3.8475149836100777
avx1=-5.177481154133238
avy1=-2.963916683671844
avz1=1.971624810962848
shx1=1.0
shy1=0.8
shz1=0.6
req1=1.0
rhos1=0.03
cex2=5.5
cey2=0.0
cez2=0.0
oriw2=-0.7445911893820039
orii2=-0.40929849008337604
orij2=-0.32387335697239394
orik2=0.4161306950389428
lvx2=8.209105833103756
lvy2=-0.37776680477325236
lvz2=-4.122949243903261
avx2=2.314680738036726
avy2=-5.823052950222297
avz2=0.4612212313267831
shx2=1.0
shy2=0.8
shz2=0.6
req2=1.0
rhos2=0.03
rhof=1.0
ndiv=2
tend=100.0
dt=0.05
tprint=1
logevery=100
nbody=2
impulse_scheme=1
energy_projection=0
impulse_pair_metric_correction=0
