cex1=-4.0
cey1=0.0
cez1=0.0
oriw1=-0.65843911400572
orii1=-0.03017609492311154
orij1=0.20647578934653316
orik1=0.7231286779379449
lvx1=1.3367164223700947
lvy1=0.16232685848429626
lvz1=-0.05618664943917387
avx1=-1.3897609545498053
avy1=-2.8451611444011475
avz1=5.426973388174683
shx1=1.0
shy1=0.8
shz1=0.6
req1=1.0
rhos1=4.0
cex2=4.0
cey2=0.0
cez2=0.0
oriw2=-0.10385375601590853
orii2=0.3632478600737468
orij2=-0.8429957446565435
orik2=-0.38291456488907755
lvx2=1.1585362945413193
lvy2=0.14068919479532016
lvz2=-0.04869714440145483
avx2=4.995135967972276
avy2=-3.1466401692629895
avz2=-2.150741711830524
shx2=1.0
shy2=0.8
shz2=0.6
req2=1.0
rhos2=4.0
rhof=1.0
ndiv=2
tend=100.0
dt=0.05
tprint=1
logevery=100
nbody=2
impulse_scheme=1
energy_projection=0
impulse_pair_metric_correction=0
