cex1=-1.5
cey1=0.0
cez1=0.0
oriw1=1.0
orii1=2.0
orij1=0.0
orik1=0.0
lvx1=-1.7183452981346052
lvy1=-0.9654028220486649
lvz1=1.0736575485809114
avx1=-1.9936635053382323
avy1=1.2490396053338868
avz1=5.826115643904373
shx1=1.0
shy1=0.8
shz1=0.6
req1=1.0
rhos1=0.03
cex2=1.5
cey2=0.0
cez2=0.0
oriw2=1.0
orii2=0.0
orij2=1.0
orik2=0.0
lvx2=-1.5914092195481122
lvy2=-0.8940874417114167
lvz2=0.9943452711768316
avx2=-1.60677643279497
avy2=6.010832210532977
avz2=0.8755473923160088
shx2=1.0
shy2=0.8
shz2=0.6
req2=1.0
rhos2=0.03
rhof=1.0
ndiv=2
tend=100.0
dt=0.05
tprint=1
logevery=100
nbody=2
impulse_scheme=1
energy_projection=0
impulse_pair_metric_correction=0
