cex1=-4.0
cey1=0.0
cez1=0.0
oriw1=0.5471974138080389
orii1=-0.6832223361376495
orij1=0.1237496696911726
orik1=0.4674058717814017
lvx1=13.713953732568935
lvy1=-0.34054889831849405
lvz1=8.227923059544993
avx1=0.33864717401337724
avy1=-5.124261657672757
avz1=-3.6201765370759245
shx1=4.0
shy1=0.5
shz1=0.5
req1=1.0
rhos1=1.0
cex2=4.0
cey2=0.0
cez2=0.0
oriw2=-0.32443683405347196
orii2=0.5688429709220885
orij2=0.1486155511021055
orik2=0.7409938144900464
lvx2=9.661347654423276
lvy2=-0.23991340237440706
lvz2=5.796492149694556
avx2=-4.535769587779563
avy2=-4.298141909412979
avz2=-0.6566490519898714
shx2=4.0
shy2=0.5
shz2=0.5
req2=1.0
rhos2=1.0
rhof=1.0
ndiv=2
tend=100.0
dt=0.05
tprint=1
logevery=100
nbody=2
impulse_scheme=1
energy_projection=0
impulse_pair_metric_correction=0
