cex1=-2.5
cey1=0.0
cez1=0.0
oriw1=-0.15180732122179255
orii1=0.49200786836419236
orij1=0.14285341187893116
orik1=0.8452666427854204
lvx1=7.429389381615839
lvy1=6.856939238096559
lvz1=0.5796008947412399
avx1=1.6514096473092954
avy1=-0.6855159404518789
avz1=-6.023398681518399
shx1=1.0
shy1=0.8
shz1=0.6
req1=1.0
rhos1=0.03
cex2=2.5
cey2=0.0
cez2=0.0
oriw2=0.30485583817147494
orii2=0.7093441253172679
orij2=0.6015712069007448
orik2=0.20495344066062626
lvx2=7.193841945635836
lvy2=6.639541229560219
lvz2=0.5612247540336543
avx2=0.9962463446246774
avy2=-4.294920297399065
avz2=4.476557881248596
shx2=1.0
shy2=0.8
shz2=0.6
req2=1.0
rhos2=0.03
rhof=1.0
ndiv=2
tend=100.0
dt=0.05
tprint=1
logevery=100
nbody=2
impulse_scheme=1
energy_projection=0
impulse_pair_metric_correction=0
