cex1=-2.5
cey1=0.0
cez1=0.0
oriw1=1.0
orii1=1.0
orij1=1.0
orik1=0.0
lvx1=-0.02725707761566226
lvy1=-0.41561348935914505
lvz1=0.5759758214467064
avx1=-4.793928667581184
avy1=-1.5128336930271937
avz1=-3.769350043673634
shx1=1.0
shy1=0.7
shz1=0.7
req1=1.0
rhos1=0.3
cex2=2.5
cey2=0.0
cez2=0.0
oriw2=1.0
orii2=-1.0
orij2=0.0
orik2=1.0
lvx2=-0.029548075985561105
lvy2=-0.4505464282477457
lvz2=0.6243874555419668
avx2=2.6084027974722277
avy2=-3.9089175422452884
avz2=4.170733280662232
shx2=1.0
shy2=0.7
shz2=0.7
req2=1.0
rhos2=0.3
rhof=1.0
ndiv=2
tend=100.0
dt=0.05
tprint=1
logevery=100
nbody=2
impulse_scheme=1
energy_projection=0
impulse_pair_metric_correction=0
