cex1=-4.0
cey1=0.0
cez1=0.0
oriw1=-0.05741680172588835
orii1=0.814705948645169
orij1=-0.39607439366199765
orik1=0.4196219760773095
lvx1=-2.149735580408794
lvy1=4.312094766078553
lvz1=2.8926129616954235
avx1=1.6089720480881575
avy1=5.517867509269837
avz1=2.5382601724355833
shx1=1.0
shy1=1.0
shz1=1.0
req1=1.0
rhos1=1.0
cex2=4.0
cey2=0.0
cez2=0.0
oriw2=-0.3657265843844158
orii2=-0.01678968610329216
orij2=-0.4348803840949661
orik2=-0.822703606072367
lvx2=-3.129294793490371
lvy2=6.276965327038365
lvz2=4.210675379385473
avx2=1.535381597740396
avy2=5.322334531864839
avz2=2.9654301685584605
shx2=2.0
shy2=1.0
shz2=0.5
req2=1.0
rhos2=1.0
rhof=1.0
ndiv=2
tend=100.0
dt=0.05
tprint=1
logevery=100
nbody=2
impulse_scheme=1
energy_projection=0
impulse_pair_metric_correction=0
