cex1=-5.5
cey1=0.0
cez1=0.0
oriw1=-0.7391683316536272
orii1=0.26172083403071333
orij1=0.5543247042497869
orik1=-0.279027784948108
lvx1=0.8027403828739986
lvy1=1.7363303647852948
lvz1=-0.7332812760964491
avx1=-3.8965056523357813
avy1=3.570317164338553
avz1=-3.3983079100785245
shx1=1.0
shy1=0.8
shz1=0.6
req1=1.0
rhos1=0.3
cex2=5.5
cey2=0.0
cez2=0.0
oriw2=-0.3196662114749629
orii2=0.10658820293202184
orij2=-0.0007300272396994753
orik2=-0.9415157647629676
lvx2=0.7168130946580321
lvy2=1.550469328171096
lvz2=-0.6547890600590239
avx2=-6.00727149024774
avy2=-1.4846222327975591
avz2=1.0894969814998647
shx2=1.0
shy2=0.8
shz2=0.6
req2=1.0
rhos2=0.3
rhof=1.0
ndiv=2
tend=100.0
dt=0.05
tprint=1
logevery=100
nbody=2
impulse_scheme=1
energy_projection=0
impulse_pair_metric_correction=0
