cex1=-4.0
cey1=0.0
cez1=0.0
oriw1=-0.4946408658579702
orii1=0.15647179652203136
orij1=-0.09556337718563512
orik1=0.8495378930085
lvx1=-2.7884219906815138
lvy1=-2.5390131531909184
lvz1=-4.166635224409883
avx1=-1.168287137691914
avy1=4.616214057945875
avz1=-4.099279270735765
shx1=1.0
shy1=1.0
shz1=1.0
req1=1.0
rhos1=1.0
cex2=4.0
cey2=0.0
cez2=0.0
oriw2=0.9067083018041556
orii2=-0.06581780982624848
orij2=0.19326445241120782
orik2=0.36904867264806124
lvx2=-2.7884219906815138
lvy2=-2.5390131531909184
lvz2=-4.166635224409883
avx2=3.126321411037336
avy2=5.099148954520632
avz2=1.9243731391957482
shx2=1.0
shy2=1.0
shz2=1.0
req2=1.0
rhos2=1.0
rhof=1.0
ndiv=2
tend=100.0
dt=0.05
tprint=1
logevery=100
nbody=2
impulse_scheme=1
energy_projection=0
impulse_pair_metric_correction=0
