cex1=-1.5
cey1=0.0
cez1=0.0
oriw1=-0.4279687024657639
orii1=-0.5250979946264751
orij1=0.06828789521381062
orik1=0.7324285965992128
lvx1=0.22476932989168005
lvy1=0.3318781589981926
lvz1=0.6857125432831684
avx1=0.11923098795233698
avy1=-0.999971857771841
avz1=-6.2019559704607445
shx1=1.0
shy1=0.7
shz1=0.7
req1=1.0
rhos1=0.1
cex2=1.5
cey2=0.0
cez2=0.0
oriw2=-0.02986672209989934
orii2=-0.9982350083615505
orij2=0.03534423032421437
orik2=-0.037224083268917824
lvx2=0.22217103945137776
lvy2=0.3280417109904253
lvz2=0.6777858375049972
avx2=1.6325035946583506
avy2=-4.059860105074286
avz2=4.508978326074679
shx2=1.0
shy2=0.7
shz2=0.7
req2=1.0
rhos2=0.1
rhof=1.0
ndiv=2
tend=100.0
dt=0.05
tprint=1
logevery=100
nbody=2
impulse_scheme=1
energy_projection=0
impulse_pair_metric_correction=0
