cex1=-1.5
cey1=0.0
cez1=0.0
oriw1=0.31742509825844045
orii1=-0.2148248540960164
orij1=0.7130796946598368
orik1=0.5870340178576354
lvx1=-0.2745274654221399
lvy1=0.6616900411541027
lvz1=0.40441665307029606
avx1=-1.621789144662613
avy1=-1.7207929744404258
avz1=5.821261814566358
shx1=1.0
shy1=0.8
shz1=0.6
req1=1.0
rhos1=10.0
cex2=1.5
cey2=0.0
cez2=0.0
oriw2=0.44495559097285836
orii2=-0.6725973870833477
orij2=-0.40781168497101583
orik2=0.4281552365109512
lvx2=-0.2587830739494529
lvy2=0.6237415356175474
lvz2=0.38122300250341523
avx2=-3.7684933295923857
avy2=-1.1290105318084978
avz2=-4.899205124123772
shx2=1.0
shy2=0.8
shz2=0.6
req2=1.0
rhos2=10.0
rhof=1.0
ndiv=2
tend=100.0
dt=0.05
tprint=1
logevery=100
nbody=2
impulse_scheme=1
energy_projection=0
impulse_pair_metric_correction=0
