cex1=-1.5
cey1=0.0
cez1=0.0
oriw1=1.0
orii1=2.0
orij1=0.0
orik1=0.0
lvx1=-0.2745274654221399
lvy1=0.6616900411541027
lvz1=0.40441665307029606
avx1=-1.621789144662613
avy1=-1.7207929744404258
avz1=5.821261814566358
shx1=1.0
shy1=0.8
shz1=0.6
req1=1.0
rhos1=10.0
cex2=1.5
cey2=0.0
cez2=0.0
oriw2=1.0
orii2=0.0
orij2=1.0
orik2=0.0
lvx2=-0.2587830739494529
lvy2=0.6237415356175474
lvz2=0.38122300250341523
avx2=-3.7684933295923857
avy2=-1.1290105318084978
avz2=-4.899205124123772
shx2=1.0
shy2=0.8
shz2=0.6
req2=1.0
rhos2=10.0
rhof=1.0
ndiv=2
tend=100.0
dt=0.05
tprint=1
logevery=100
nbody=2
impulse_scheme=1
energy_projection=0
impulse_pair_metric_correction=0
