cex1=-1.5
cey1=0.0
cez1=0.0
oriw1=1.0
orii1=1.0
orij1=1.0
orik1=0.0
lvx1=-0.8439000774455088
lvy1=1.5421775720258337
lvz1=1.0124522876355084
avx1=4.444824717391515
avy1=2.420189546093145
avz1=-3.723524324749918
shx1=1.0
shy1=0.8
shz1=0.6
req1=1.0
rhos1=0.03
cex2=1.5
cey2=0.0
cez2=0.0
oriw2=1.0
orii2=-1.0
orij2=0.0
orik2=1.0
lvx2=-0.9200605986089253
lvy2=1.6813564283278155
lvz2=1.1038243539977048
avx2=0.9056660527470186
avy2=3.8915300299029116
avz2=-4.849142257309318
shx2=1.0
shy2=0.8
shz2=0.6
req2=1.0
rhos2=0.03
rhof=1.0
ndiv=2
tend=100.0
dt=0.05
tprint=1
logevery=100
nbody=2
impulse_scheme=1
energy_projection=1
