cex1=-4.0
cey1=0.0
cez1=0.0
oriw1=0.6538756786593518
orii1=-0.2728794291952246
orij1=-0.6864768245423389
orik1=0.16350224263332636
lvx1=-3.7623789675592203
lvy1=-2.5460794138324077
lvz1=-3.1866649161798715
avx1=-5.952078254674762
avy1=-1.8085533028003822
avz1=-0.8833555374338806
shx1=1.03
shy1=1.0
shz1=0.970873786407767
req1=1.0
rhos1=1.0
cex2=4.0
cey2=0.0
cez2=0.0
oriw2=0.9103111802693016
orii2=-0.1588482748585692
orij2=0.21313802084707675
orik2=0.3172900324948118
lvx2=-4.216839573609237
lvy2=-2.853622275260955
lvz2=-3.571584585775232
avx2=-5.120563332227376
avy2=1.7752646909854422
avz2=3.1791011374201776
shx2=2.0
shy2=1.0
shz2=0.5
req2=1.0
rhos2=1.0
rhof=1.0
ndiv=2
tend=100.0
dt=0.05
tprint=1
logevery=100
nbody=2
impulse_scheme=1
energy_projection=0
impulse_pair_metric_correction=0
