cex1=-4.0
cey1=0.0
cez1=0.0
oriw1=0.6411994827207201
orii1=0.4030408215583915
orij1=0.484476744790231
orik1=-0.4378397004311955
lvx1=-2.9797250637199912
lvy1=-2.743931081291714
lvz1=3.9157296558563393
avx1=-0.45733921494797714
avy1=-4.44825261771838
avz1=4.413876651628338
shx1=1.01
shy1=1.0
shz1=0.9900990099009901
req1=1.0
rhos1=1.0
cex2=4.0
cey2=0.0
cez2=0.0
oriw2=0.07982719943194032
orii2=0.2082143447533404
orij2=-0.24074525020592655
orik2=-0.9446248617165844
lvx2=-2.9694823710835245
lvy2=-2.7344989215856
lvz2=3.9022694827011817
avx2=-4.665395906908697
avy2=-1.9696164637071898
avz2=-3.719288859721788
shx2=1.01
shy2=1.0
shz2=0.9900990099009901
req2=1.0
rhos2=1.0
rhof=1.0
ndiv=2
tend=100.0
dt=0.05
tprint=1
logevery=100
nbody=2
impulse_scheme=1
energy_projection=0
impulse_pair_metric_correction=0
