cex1=-2.5
cey1=0.0
cez1=0.0
oriw1=-0.5673603784658819
orii1=-0.6370025484881168
orij1=0.5215410119661091
orik1=-0.018025731720579533
lvx1=-0.8862391627513397
lvy1=-0.5710238822171846
lvz1=0.3347206437068095
avx1=-5.9244430032704365
avy1=-1.915024288768777
avz1=-0.8438451746517547
shx1=1.0
shy1=0.8
shz1=0.6
req1=1.0
rhos1=0.3
cex2=2.5
cey2=0.0
cez2=0.0
oriw2=0.5885572905718661
orii2=-0.33705495872808944
orij2=-0.46093026696968065
orik2=-0.5723089720620924
lvx2=-1.0292860544012656
lvy2=-0.6631922210157718
lvz2=0.38874753584354954
avx2=-0.8860553482112603
avy2=-5.5405398119333045
avz2=-2.8276743300185254
shx2=1.0
shy2=0.8
shz2=0.6
req2=1.0
rhos2=0.3
rhof=1.0
ndiv=2
tend=100.0
dt=0.05
tprint=1
logevery=100
nbody=2
impulse_scheme=1
energy_projection=0
impulse_pair_metric_correction=0
