cex1=-4.0
cey1=0.0
cez1=0.0
oriw1=-0.27951462005170297
orii1=0.44456455104409576
orij1=-0.7102452244727198
orik1=0.4688130312246126
lvx1=0.7451581111550761
lvy1=0.1466056401808405
lvz1=0.09693287230237958
avx1=-0.4020025851386883
avy1=6.193464861398733
avz1=-0.97867488805957
shx1=1.0
shy1=0.8
shz1=0.6
req1=1.0
rhos1=4.0
cex2=4.0
cey2=0.0
cez2=0.0
oriw2=0.4533101267912831
orii2=-0.48329269134337055
orij2=-0.6218173655402579
orik2=-0.41747007959268884
lvx2=0.7598440741714021
lvy2=0.14949502027004485
lvz2=0.09884327568709525
avx2=2.7468272452302265
avy2=-3.717512081022242
avz2=4.255991261348176
shx2=1.0
shy2=0.8
shz2=0.6
req2=1.0
rhos2=4.0
rhof=1.0
ndiv=2
tend=100.0
dt=0.05
tprint=1
logevery=100
nbody=2
impulse_scheme=1
energy_projection=0
impulse_pair_metric_correction=0
