cex1=-4.0
cey1=0.0
cez1=0.0
oriw1=0.19064850150143367
orii1=0.844501627355874
orij1=0.4491939150670563
orik1=0.22066938377416262
lvx1=4.039287741759035
lvy1=4.838777124328338
lvz1=0.37061471158274906
avx1=4.011948025519764
avy1=4.60847446280726
avz1=-1.4644636460284135
shx1=1.6900000000000002
shy1=0.7692307692307692
shz1=0.7692307692307692
req1=1.0
rhos1=1.0
cex2=4.0
cey2=0.0
cez2=0.0
oriw2=0.7141659356267777
orii2=0.5345274324845373
orij2=0.059963535042987584
orik2=-0.44794175377716927
lvx2=3.5485019919536334
lvy2=4.250850982163848
lvz2=0.3255838965624155
avx2=-5.112915231243653
avy2=1.7322675142117494
avz2=3.214928413150244
shx2=1.6900000000000002
shy2=0.7692307692307692
shz2=0.7692307692307692
req2=1.0
rhos2=1.0
rhof=1.0
ndiv=2
tend=100.0
dt=0.05
tprint=1
logevery=100
nbody=2
impulse_scheme=1
energy_projection=0
impulse_pair_metric_correction=0
