cex1=-1.5
cey1=0.0
cez1=0.0
oriw1=1.0
orii1=2.0
orij1=0.0
orik1=0.0
lvx1=-0.7369191996768804
lvy1=-0.12251317971558108
lvz1=-0.07508835613568905
avx1=-2.5238658802113862
avy1=5.616255306614266
avz1=1.2514771088555048
shx1=1.0
shy1=0.8
shz1=0.6
req1=1.0
rhos1=0.3
cex2=1.5
cey2=0.0
cez2=0.0
oriw2=1.0
orii2=0.0
orij2=1.0
orik2=0.0
lvx2=-0.7201838494723369
lvy2=-0.11973091950562668
lvz2=-0.07338310821059058
avx2=4.803952046603385
avy2=-1.2905436294452812
avz2=3.8386142654336584
shx2=1.0
shy2=0.8
shz2=0.6
req2=1.0
rhos2=0.3
rhof=1.0
ndiv=2
tend=100.0
dt=0.05
tprint=1
logevery=100
nbody=2
impulse_scheme=1
energy_projection=0
impulse_pair_metric_correction=0
