cex1=-4.0
cey1=0.0
cez1=0.0
oriw1=-0.5859804266404659
orii1=-0.09926001442600421
orij1=0.2619916447477643
orik1=0.7603517391397013
lvx1=-2.594751321256085
lvy1=-2.133611600216036
lvz1=-4.540215733538177
avx1=-0.7667676186458028
avy1=3.3122080296186645
avz1=-5.2839154981777785
shx1=1.0201
shy1=0.9900990099009901
shz1=0.9900990099009901
req1=1.0
rhos1=1.0
cex2=4.0
cey2=0.0
cez2=0.0
oriw2=0.8195527707641036
orii2=0.5234967918008133
orij2=0.13482929034372237
orik2=-0.1900142820225492
lvx2=-2.595309371612947
lvy2=-2.1340704737524523
lvz2=-4.541192192819487
avx2=-0.13817072734233313
avy2=-5.854127183102187
avz2=2.277832605466693
shx2=1.0201
shy2=0.9900990099009901
shz2=0.9900990099009901
req2=1.0
rhos2=1.0
rhof=1.0
ndiv=2
tend=100.0
dt=0.05
tprint=1
logevery=100
nbody=2
impulse_scheme=1
energy_projection=0
impulse_pair_metric_correction=0
