cex1=-1.5
cey1=0.0
cez1=0.0
oriw1=-0.3504559258520782
orii1=0.6054161483413485
orij1=-0.702360755150376
orik1=-0.13168637358239718
lvx1=-0.649596705244446
lvy1=0.19810227136380437
lvz1=0.09671975132282758
avx1=5.414425765225829
avy1=-0.7587828357281484
avz1=3.096233170389543
shx1=1.0
shy1=0.7
shz1=0.7
req1=1.0
rhos1=1.0
cex2=1.5
cey2=0.0
cez2=0.0
oriw2=-0.3553407898846817
orii2=-0.2017314409873512
orij2=-0.5665785190082219
orik2=0.7155600118506814
lvx2=-0.617883034079604
lvy2=0.18843080868500917
lvz2=0.09199783945992306
avx2=6.124569102304142
avy2=1.2020894366562531
avz2=0.7232232723981745
shx2=1.0
shy2=0.7
shz2=0.7
req2=1.0
rhos2=1.0
rhof=1.0
ndiv=2
tend=100.0
dt=0.05
tprint=1
logevery=100
nbody=2
impulse_scheme=1
energy_projection=0
impulse_pair_metric_correction=0
