cex1=-4.0
cey1=0.0
cez1=0.0
oriw1=-0.7422747153005318
orii1=-0.20862555718005668
orij1=0.443055498961562
orik1=0.45738982143981605
lvx1=-3.4681540254942496
lvy1=3.081518726188944
lvz1=-3.1715295800422374
avx1=-2.552681809852065
avy1=-5.477745831813879
avz1=-1.7194574097817887
shx1=1.0001
shy1=1.0
shz1=0.9999000099990001
req1=1.0
rhos1=1.0
cex2=4.0
cey2=0.0
cez2=0.0
oriw2=0.3726590373802751
orii2=0.3310113123787338
orij2=-0.46836875351450463
orik2=0.7295117981687371
lvx2=-3.4681696299532065
lvy2=3.081532591038122
lvz2=-3.1715438498822732
avx2=4.154773973601424
avy2=-4.7118334927984105
avz2=0.12204904253949199
shx2=1.0
shy2=1.0
shz2=1.0
req2=1.0
rhos2=1.0
rhof=1.0
ndiv=2
tend=100.0
dt=0.05
tprint=1
logevery=100
nbody=2
impulse_scheme=1
energy_projection=0
impulse_pair_metric_correction=0
