cex1=-5.5
cey1=0.0
cez1=0.0
oriw1=0.9523794943387862
orii1=0.27302500540880736
orij1=0.13141274166720815
orik1=-0.034078387755674754
lvx1=0.5716339420611178
lvy1=-0.44071357696674063
lvz1=0.29957205486203853
avx1=-1.9219365238114394
avy1=3.4990786060114667
avz1=4.851909573740002
shx1=1.0
shy1=0.7
shz1=0.7
req1=1.0
rhos1=1.0
cex2=5.5
cey2=0.0
cez2=0.0
oriw2=-0.4624548603797047
orii2=0.6014436992246238
orij2=0.6284730025662053
orik2=0.17153035830314894
lvx2=0.5718868649340723
lvy2=-0.4409085733373804
lvz2=0.2997046023180195
avx2=1.896054346273714
avy2=-2.8201349790456645
avz2=-5.28490626409751
shx2=1.0
shy2=0.7
shz2=0.7
req2=1.0
rhos2=1.0
rhof=1.0
ndiv=2
tend=100.0
dt=0.05
tprint=1
logevery=100
nbody=2
impulse_scheme=1
energy_projection=0
impulse_pair_metric_correction=0
