cex1=-2.5
cey1=0.0
cez1=0.0
oriw1=-0.6026521049726915
orii1=-0.24626702775171064
orij1=-0.6913906453771496
orik1=0.3132761831025316
lvx1=-1.5321173825831769
lvy1=-0.6689927347193729
lvz1=-2.905974594564151
avx1=3.7573715257541633
avy1=3.7942676097122936
avz1=3.311209767999821
shx1=1.0
shy1=0.8
shz1=0.6
req1=1.0
rhos1=1.0
cex2=2.5
cey2=0.0
cez2=0.0
oriw2=0.19552690887594204
orii2=-0.05097055916374557
orij2=-0.9754708231396773
orik2=-0.08733786811661101
lvx2=-1.3536925390832923
lvy2=-0.5910842628543697
lvz2=-2.567555314067801
avx2=-6.137950584565159
avy2=-1.018457250662658
avz2=0.8756283768621915
shx2=1.0
shy2=0.8
shz2=0.6
req2=1.0
rhos2=1.0
rhof=1.0
ndiv=2
tend=100.0
dt=0.05
tprint=1
logevery=100
nbody=2
impulse_scheme=1
energy_projection=0
impulse_pair_metric_correction=0
