cex1=-4.0
cey1=0.0
cez1=0.0
oriw1=0.4510855886845783
orii1=-0.7334655677648874
orij1=0.34282480743884824
orik1=-0.37552790041345196
lvx1=5.660372899611459
lvy1=-0.26875689818912407
lvz1=-0.2632846190547444
avx1=-2.404477148629539
avy1=-4.779358235016434
avz1=3.2946383879655734
shx1=1.1
shy1=1.1
shz1=0.8264462809917354
req1=1.0
rhos1=1.0
cex2=4.0
cey2=0.0
cez2=0.0
oriw2=-0.5386288491951613
orii2=0.48012576105196064
orij2=0.6540699775330001
orik2=-0.2270477502177737
lvx2=5.468728185326795
lvy2=-0.2596575261373247
lvz2=-0.25437052337780475
avx2=-2.176246033289766
avy2=-5.835280046870538
avz2=-0.831791789778289
shx2=1.1
shy2=1.1
shz2=0.8264462809917354
req2=1.0
rhos2=1.0
rhof=1.0
ndiv=2
tend=100.0
dt=0.05
tprint=1
logevery=100
nbody=2
impulse_scheme=1
energy_projection=0
impulse_pair_metric_correction=0
