cex1=-4.0
cey1=0.0
cez1=0.0
oriw1=0.08813856740185493
orii1=0.30590980516257193
orij1=-0.010118317952112058
orik1=0.9479179308798656
lvx1=-2.4309951083853463
lvy1=0.6587692989219873
lvz1=5.006576145767913
avx1=3.4327048917053347
avy1=-4.731354988669266
avz1=-2.304177662858085
shx1=1.01
shy1=1.01
shz1=0.9802960494069208
req1=1.0
rhos1=1.0
cex2=4.0
cey2=0.0
cez2=0.0
oriw2=-0.9086896128888223
orii2=-0.3322262333255082
orij2=-0.011924531627505855
orik2=0.25252073749253134
lvx2=-3.8955360882710175
lvy2=1.055641604931116
lvz2=8.022763183373785
avx2=0.6658056433393084
avy2=5.343943826676187
avz2=-3.2368788712252474
shx2=2.0
shy2=2.0
shz2=0.25
req2=1.0
rhos2=1.0
rhof=1.0
ndiv=2
tend=100.0
dt=0.05
tprint=1
logevery=100
nbody=2
impulse_scheme=1
energy_projection=0
impulse_pair_metric_correction=0
