cex1=-4.0
cey1=0.0
cez1=0.0
oriw1=-0.8364110216187645
orii1=0.16764494343769915
orij1=-0.5028894632574561
orik1=-0.13933400015449637
lvx1=-0.07348584529939284
lvy1=0.6421849875135628
lvz1=0.3808882778803664
avx1=3.5274297079286008
avy1=-0.31319594936766115
avz1=-5.190141188568946
shx1=1.0
shy1=0.7
shz1=0.7
req1=1.0
rhos1=0.3
cex2=4.0
cey2=0.0
cez2=0.0
oriw2=0.09404982852449048
orii2=0.6047438728067627
orij2=0.14951992480735896
orik2=-0.7765843612530411
lvx2=-0.06656901192429941
lvy2=0.5817395161915575
lvz2=0.34503728178865317
avx2=-5.558893277968795
avy2=0.015618916534202599
avz2=-2.928630939185933
shx2=1.0
shy2=0.7
shz2=0.7
req2=1.0
rhos2=0.3
rhof=1.0
ndiv=2
tend=100.0
dt=0.05
tprint=1
logevery=100
nbody=2
impulse_scheme=1
energy_projection=0
impulse_pair_metric_correction=0
