cex1=-1.5
cey1=0.0
cez1=0.0
oriw1=-0.09495842445040058
orii1=0.20014906984131178
orij1=0.3781081267953297
orik1=-0.8988645570489929
lvx1=3.0332203802663824
lvy1=-3.1853672554418737
lvz1=2.7603073771788553
avx1=-4.996401468850164
avy1=-1.7364189161173964
avz1=3.3910528327024108
shx1=1.0
shy1=0.7
shz1=0.7
req1=1.0
rhos1=0.1
cex2=1.5
cey2=0.0
cez2=0.0
oriw2=0.2154077265915384
orii2=-0.5843798690379459
orij2=0.5449348245150726
orik2=0.5613784080445071
lvx2=3.176155051981331
lvy2=-3.335471555778978
lvz2=2.8903815489588696
avx2=-4.0306151169970175
avy2=-1.7332898111104833
avz2=-4.4975844420859
shx2=1.0
shy2=0.7
shz2=0.7
req2=1.0
rhos2=0.1
rhof=1.0
ndiv=2
tend=100.0
dt=0.05
tprint=1
logevery=100
nbody=2
impulse_scheme=1
energy_projection=0
impulse_pair_metric_correction=0
