cex1=-2.5
cey1=0.0
cez1=0.0
oriw1=0.8121646018384879
orii1=0.3237322503035757
orij1=-0.023156214328189772
orik1=-0.48481942965592906
lvx1=-0.6113773741029709
lvy1=0.02810407896702848
lvz1=-0.43969927160056616
avx1=-3.394593066534708
avy1=-5.2306091531277366
avz1=0.771934844535643
shx1=1.0
shy1=0.7
shz1=0.7
req1=1.0
rhos1=10.0
cex2=2.5
cey2=0.0
cez2=0.0
oriw2=-0.35070315579734296
orii2=-0.7202785826144855
orij2=-0.0640891640223648
orik2=-0.5950618782912974
lvx2=-0.5809705757894456
lvy2=0.026706325145680988
lvz2=-0.4178308681618897
avx2=4.64682591231531
avy2=2.388723807942459
avz2=3.489903310173693
shx2=1.0
shy2=0.7
shz2=0.7
req2=1.0
rhos2=10.0
rhof=1.0
ndiv=2
tend=100.0
dt=0.05
tprint=1
logevery=100
nbody=2
impulse_scheme=1
energy_projection=0
impulse_pair_metric_correction=0
