cex1=-2.5
cey1=0.0
cez1=0.0
oriw1=0.22502619056103484
orii1=0.46223755529346067
orij1=-0.7737496445576795
orik1=0.3701501635617338
lvx1=1.2596285488414911
lvy1=-0.6738089549600286
lvz1=1.1891686994127237
avx1=5.7642164091067425
avy1=2.000581037918531
avz1=-1.499967434334103
shx1=1.0
shy1=0.8
shz1=0.6
req1=1.0
rhos1=10.0
cex2=2.5
cey2=0.0
cez2=0.0
oriw2=-0.40260556050436225
orii2=-0.31683379201715006
orij2=-0.60977322008415
orik2=-0.6047327764849599
lvx2=1.3014197639502132
lvy2=-0.6961641921486558
lvz2=1.2286222390799724
avx2=-4.873413669383992
avy2=3.9315331778325127
avz2=-0.5208682011995772
shx2=1.0
shy2=0.8
shz2=0.6
req2=1.0
rhos2=10.0
rhof=1.0
ndiv=2
tend=100.0
dt=0.05
tprint=1
logevery=100
nbody=2
impulse_scheme=1
energy_projection=0
impulse_pair_metric_correction=0
