cex1=-4.0
cey1=0.0
cez1=0.0
oriw1=0.20544074836502624
orii1=0.6395169981028794
orij1=0.15068618727661906
orik1=-0.7253314973256954
lvx1=-0.6233396774435236
lvy1=0.38442404772733385
lvz1=0.25400469749316085
avx1=2.3453765039159764
avy1=5.558698129682824
avz1=-1.7545659754756973
shx1=1.0
shy1=0.7
shz1=0.7
req1=1.0
rhos1=0.3
cex2=4.0
cey2=0.0
cez2=0.0
oriw2=-0.5055111814337226
orii2=-0.7948995410074865
orij2=0.30832089878540386
orik2=-0.13240614987125837
lvx2=-0.5335791106345015
lvy2=0.3290671986967338
lvz2=0.21742816234839454
avx2=5.903936010371492
avy2=1.9396931795296435
avz2=-0.9271178776630109
shx2=1.0
shy2=0.7
shz2=0.7
req2=1.0
rhos2=0.3
rhof=1.0
ndiv=2
tend=100.0
dt=0.05
tprint=1
logevery=100
nbody=2
impulse_scheme=1
energy_projection=0
impulse_pair_metric_correction=0
