cex1=-4.0
cey1=0.0
cez1=0.0
oriw1=1.0
orii1=1.0
orij1=1.0
orik1=0.0
lvx1=-0.6233396774435236
lvy1=0.38442404772733385
lvz1=0.25400469749316085
avx1=2.3453765039159764
avy1=5.558698129682824
avz1=-1.7545659754756973
shx1=1.0
shy1=0.7
shz1=0.7
req1=1.0
rhos1=0.3
cex2=4.0
cey2=0.0
cez2=0.0
oriw2=1.0
orii2=-1.0
orij2=0.0
orik2=1.0
lvx2=-0.5335791106345015
lvy2=0.3290671986967338
lvz2=0.21742816234839454
avx2=5.903936010371492
avy2=1.9396931795296435
avz2=-0.9271178776630109
shx2=1.0
shy2=0.7
shz2=0.7
req2=1.0
rhos2=0.3
rhof=1.0
ndiv=2
tend=100.0
dt=0.05
tprint=1
logevery=100
nbody=2
impulse_scheme=1
energy_projection=0
impulse_pair_metric_correction=0
