cex1=-4.0
cey1=0.0
cez1=0.0
oriw1=-0.04924721058288305
orii1=0.10764955867683242
orij1=0.9842537820925837
orik1=0.13126605502921557
lvx1=-5.029357683738339
lvy1=2.298750954252886
lvz1=-1.0228076551170902
avx1=-2.690398264414306
avy1=-4.506538457489514
avz1=-3.4541693522990387
shx1=1.01
shy1=1.0
shz1=0.9900990099009901
req1=1.0
rhos1=1.0
cex2=4.0
cey2=0.0
cez2=0.0
oriw2=0.6098806967292808
orii2=0.3157023010461009
orij2=-0.552359250348751
orik2=-0.47252179994722987
lvx2=-7.1337603757132895
lvy2=3.2606029442099875
lvz2=-1.4507746676364912
avx2=1.7498290461028374
avy2=-5.98252089526745
avz2=-0.791176119116736
shx2=2.0
shy2=1.0
shz2=0.5
req2=1.0
rhos2=1.0
rhof=1.0
ndiv=2
tend=100.0
dt=0.05
tprint=1
logevery=100
nbody=2
impulse_scheme=1
energy_projection=0
impulse_pair_metric_correction=0
