cex1=-5.5
cey1=0.0
cez1=0.0
oriw1=-0.34166345537304105
orii1=0.8110936965456408
orij1=0.2271394286655654
orik1=0.4168942055629492
lvx1=5.268918101521916
lvy1=0.9072826040419838
lvz1=1.5570731898950585
avx1=4.349366877227509
avy1=-1.1339301599106535
avz1=4.390401777067637
shx1=1.0
shy1=0.8
shz1=0.6
req1=1.0
rhos1=4.0
cex2=5.5
cey2=0.0
cez2=0.0
oriw2=-0.1016407309480071
orii2=0.09528869200661465
orij2=-0.20911840467080403
orik2=-0.9679146242391222
lvx2=5.791216323846395
lvy2=0.997219870499053
lvz2=1.711423009619223
avx2=-0.2580965811831292
avy2=-2.3499066173141077
avz2=-5.82148972764209
shx2=1.0
shy2=0.8
shz2=0.6
req2=1.0
rhos2=4.0
rhof=1.0
ndiv=2
tend=100.0
dt=0.05
tprint=1
logevery=100
nbody=2
impulse_scheme=1
energy_projection=0
impulse_pair_metric_correction=0
