cex1=-2.5
cey1=0.0
cez1=0.0
oriw1=-0.20659253985366027
orii1=-0.46954229071579473
orij1=0.26290589242067086
orik1=-0.8171475089827224
lvx1=2.1350295416727314
lvy1=0.3167666332165583
lvz1=-0.23123146960770805
avx1=0.6967701418072868
avy1=-1.3036597242153096
avz1=-6.106832263727418
shx1=1.0
shy1=0.7
shz1=0.7
req1=1.0
rhos1=10.0
cex2=2.5
cey2=0.0
cez2=0.0
oriw2=0.35015342886556994
orii2=-0.2064465468027399
orij2=0.904069940455705
orik2=0.13202250691198986
lvx2=2.07587331481225
lvy2=0.30798983718135753
lvz2=-0.2248246349450461
avx2=-2.6003665643627865
avy2=0.22108335626671888
avz2=5.715560644843457
shx2=1.0
shy2=0.7
shz2=0.7
req2=1.0
rhos2=10.0
rhof=1.0
ndiv=2
tend=100.0
dt=0.05
tprint=1
logevery=100
nbody=2
impulse_scheme=1
energy_projection=0
impulse_pair_metric_correction=0
