cex1=-5.5
cey1=0.0
cez1=0.0
oriw1=-0.18596727198700647
orii1=-0.3325109723777667
orij1=-0.9241776576475722
orik1=0.02735478208923869
lvx1=1.857294944041916
lvy1=2.512434405098262
lvz1=-1.4917244800704015
avx1=-2.4030056657197685
avy1=5.742490909098406
avz1=-0.8530999553383444
shx1=1.0
shy1=0.7
shz1=0.7
req1=1.0
rhos1=1.0
cex2=5.5
cey2=0.0
cez2=0.0
oriw2=0.6972987528376657
orii2=0.376891038389723
orij2=-0.19937229405816623
orik2=0.5761755659818772
lvx2=1.668469269096108
lvy2=2.2570026419194344
lvz2=-1.3400652712376437
avx2=-5.188462935808149
avy2=0.008137644611639598
avz2=3.543755599197368
shx2=1.0
shy2=0.7
shz2=0.7
req2=1.0
rhos2=1.0
rhof=1.0
ndiv=2
tend=100.0
dt=0.05
tprint=1
logevery=100
nbody=2
impulse_scheme=1
energy_projection=0
impulse_pair_metric_correction=0
