cex1=-4.0
cey1=0.0
cez1=0.0
oriw1=0.15768425232676858
orii1=-0.7320035833200427
orij1=-0.6471931433425493
orik1=-0.1429946355118111
lvx1=-0.016646975939618863
lvy1=-0.06819470041473014
lvz1=-5.5994834889135126
avx1=1.7951984767100782
avy1=-5.751234499749819
avz1=-1.7829699275261761
shx1=1.01
shy1=1.01
shz1=0.9802960494069208
req1=1.0
rhos1=1.0
cex2=4.0
cey2=0.0
cez2=0.0
oriw2=-0.5988128057964921
orii2=-0.08864614820581382
orij2=-0.5177945042736489
orik2=0.6045278615303117
lvx2=-0.01670621710829723
lvy2=-0.06843738315572126
lvz2=-5.619410227985021
avx2=-2.488945940799243
avy2=4.170707219269062
avz2=3.986071624955243
shx2=1.0
shy2=1.0
shz2=1.0
req2=1.0
rhos2=1.0
rhof=1.0
ndiv=2
tend=100.0
dt=0.05
tprint=1
logevery=100
nbody=2
impulse_scheme=1
energy_projection=0
impulse_pair_metric_correction=0
