cex1=-2.5
cey1=0.0
cez1=0.0
oriw1=-0.5683878842848714
orii1=0.7415051707274488
orij1=-0.2607905082360168
orik1=-0.24309176373671024
lvx1=-3.1120116755837803
lvy1=2.8475822240007225
lvz1=-3.8901593946970743
avx1=0.2036986943269371
avy1=5.734479373084846
avz1=-2.559818502541023
shx1=1.0
shy1=0.8
shz1=0.6
req1=1.0
rhos1=0.1
cex2=2.5
cey2=0.0
cez2=0.0
oriw2=0.17933892708835725
orii2=0.8558152044822649
orij2=-0.24113131624130837
orik2=-0.4210386838943781
lvx2=-3.046607399804749
lvy2=2.787735387774739
lvz2=-3.8084010067477654
avx2=2.7599412809485675
avy2=-4.879939409550855
avz2=-2.8367821716137924
shx2=1.0
shy2=0.8
shz2=0.6
req2=1.0
rhos2=0.1
rhof=1.0
ndiv=2
tend=100.0
dt=0.05
tprint=1
logevery=100
nbody=2
impulse_scheme=1
energy_projection=0
impulse_pair_metric_correction=0
