cex1=-2.5
cey1=0.0
cez1=0.0
oriw1=-0.06603592913908206
orii1=-0.7832920701405952
orij1=0.5455748956404223
orik1=-0.2905870302758562
lvx1=-0.19633377159265542
lvy1=0.7034824446592299
lvz1=-0.18300818957721648
avx1=3.4209074994145854
avy1=4.276154396359879
avz1=-3.0806351720543876
shx1=1.0
shy1=0.7
shz1=0.7
req1=1.0
rhos1=1.0
cex2=2.5
cey2=0.0
cez2=0.0
oriw2=-0.4101220109275401
orii2=0.05701429760382916
orij2=0.5133671870624126
orik2=0.7516671053525747
lvx2=-0.20421820454491613
lvy2=0.7317331125041685
lvz2=-0.19035748964276952
avx2=-1.7921376043683988
avy2=1.6912895006216433
avz2=5.779809705903225
shx2=1.0
shy2=0.7
shz2=0.7
req2=1.0
rhos2=1.0
rhof=1.0
ndiv=2
tend=100.0
dt=0.05
tprint=1
logevery=100
nbody=2
impulse_scheme=1
energy_projection=0
impulse_pair_metric_correction=0
