cex1=-4.0
cey1=0.0
cez1=0.0
oriw1=-0.09864100236703982
orii1=-0.6120155765628847
orij1=-0.6297997138590773
orik1=0.46803761293238993
lvx1=-3.560997870876239
lvy1=0.03555343331020968
lvz1=-4.347072077318974
avx1=-5.357201235521939
avy1=2.995207309022677
avz1=-1.3444499627939956
shx1=1.00020001
shy1=0.9999000099990001
shz1=0.9999000099990001
req1=1.0
rhos1=1.0
cex2=4.0
cey2=0.0
cez2=0.0
oriw2=0.7943076820031529
orii2=-0.36794212645825547
orij2=-0.08231685351916686
orik2=-0.4763589334890859
lvx2=-3.561385037150669
lvy2=0.03555729882510664
lvz2=-4.347544708800902
avx2=0.29635072154671405
avy2=6.016926192275218
avz2=1.785271142126209
shx2=1.00020001
shy2=0.9999000099990001
shz2=0.9999000099990001
req2=1.0
rhos2=1.0
rhof=1.0
ndiv=2
tend=100.0
dt=0.05
tprint=1
logevery=100
nbody=2
impulse_scheme=1
energy_projection=0
impulse_pair_metric_correction=0
