cex1=-4.0
cey1=0.0
cez1=0.0
oriw1=-0.23276336109785384
orii1=-0.07921859178983885
orij1=-0.34801154382376004
orik1=-0.9046731994541831
lvx1=-4.41090064930878
lvy1=2.349229209845009
lvz1=-2.5701502932137523
avx1=-4.860189136285343
avy1=1.0780219110009246
avz1=3.833385960648012
shx1=1.0003
shy1=1.0
shz1=0.9997000899730081
req1=1.0
rhos1=1.0
cex2=4.0
cey2=0.0
cez2=0.0
oriw2=-0.3048720395300273
orii2=-0.842378231873903
orij2=0.06496734427929785
orik2=-0.4395807072143787
lvx2=-4.411458116828278
lvy2=2.349526114963593
lvz2=-2.57047511923515
avx2=-2.3173239811052593
avy2=-2.0971912936632435
avz2=5.4507078300652845
shx2=1.0003
shy2=1.0
shz2=0.9997000899730081
req2=1.0
rhos2=1.0
rhof=1.0
ndiv=2
tend=100.0
dt=0.05
tprint=1
logevery=100
nbody=2
impulse_scheme=1
energy_projection=0
impulse_pair_metric_correction=0
