cex1=-1.5
cey1=0.0
cez1=0.0
oriw1=0.028792725844340516
orii1=0.34408529328808224
orij1=-0.5599524042492178
orik1=0.75314646308459
lvx1=-1.1981879983377917
lvy1=0.46088763017151646
lvz1=0.25265580941124527
avx1=-1.0878731622576643
avy1=-4.730512423189615
avz1=-3.989636800668158
shx1=1.0
shy1=0.8
shz1=0.6
req1=1.0
rhos1=0.1
cex2=1.5
cey2=0.0
cez2=0.0
oriw2=0.34073214683931147
orii2=-0.8686542917354254
orij2=0.058560780586336444
orik2=-0.3548407537713494
lvx2=-1.1571825602950387
lvy2=0.4451147304346745
lvz2=0.2440092012384653
avx2=0.15724920009939505
avy2=-6.236569974407331
avz2=0.7475862811384896
shx2=1.0
shy2=0.8
shz2=0.6
req2=1.0
rhos2=0.1
rhof=1.0
ndiv=2
tend=100.0
dt=0.05
tprint=1
logevery=100
nbody=2
impulse_scheme=1
energy_projection=0
impulse_pair_metric_correction=0
