cex1=-1.5
cey1=0.0
cez1=0.0
oriw1=-0.2818513106882015
orii1=-0.945488809705183
orij1=0.13146744790622472
orik1=-0.09657670281513632
lvx1=0.16230820333195192
lvy1=-1.3306487507904636
lvz1=-0.16273818280746286
avx1=2.235548415597695
avy1=0.4765187726802809
avz1=5.852663559881035
shx1=1.0
shy1=0.8
shz1=0.6
req1=1.0
rhos1=10.0
cex2=1.5
cey2=0.0
cez2=0.0
oriw2=-0.6565440399894208
orii2=-0.5356323773916846
orij2=0.46439480084941553
orik2=-0.25765354410163593
lvx2=0.13252016226244584
lvy2=-1.0864379295014925
lvz2=-0.13287122862073514
avx2=-5.946427395977092
avy2=2.007393226670208
avz2=-0.29797862716831136
shx2=1.0
shy2=0.8
shz2=0.6
req2=1.0
rhos2=10.0
rhof=1.0
ndiv=2
tend=100.0
dt=0.05
tprint=1
logevery=100
nbody=2
impulse_scheme=1
energy_projection=0
impulse_pair_metric_correction=0
