cex1=-4.0
cey1=0.0
cez1=0.0
oriw1=0.8009974787415256
orii1=-0.03745784831448354
orij1=0.17296059257151117
orik1=0.5719130896094966
lvx1=-2.4327323441546245
lvy1=-0.8363754056951974
lvz1=-5.097171440398137
avx1=0.9005294706717221
avy1=6.216432583624717
avz1=0.15306929822165324
shx1=1.0609
shy1=0.970873786407767
shz1=0.970873786407767
req1=1.0
rhos1=1.0
cex2=4.0
cey2=0.0
cez2=0.0
oriw2=-0.5581718313704018
orii2=-0.3904418428959455
orij2=0.6996188903684994
orik2=0.2157145850891383
lvx2=-6.821204267770221
lvy2=-2.345135707384468
lvz2=-14.292097388495257
avx2=-0.22437833603443708
avy2=-0.599169185651489
avz2=6.250525438204502
shx2=4.0
shy2=0.5
shz2=0.5
req2=1.0
rhos2=1.0
rhof=1.0
ndiv=2
tend=100.0
dt=0.05
tprint=1
logevery=100
nbody=2
impulse_scheme=1
energy_projection=0
impulse_pair_metric_correction=0
