cex1=-4.0
cey1=0.0
cez1=0.0
oriw1=-0.9856914879217157
orii1=-0.010986875588311277
orij1=0.08551617155059708
orik1=0.14483978599407688
lvx1=-1.1302586750724664
lvy1=-5.416936478650175
lvz1=0.9820737929654902
avx1=3.860809075425183
avy1=-1.1541703681883688
avz1=-4.820836198074759
shx1=1.0001
shy1=1.0001
shz1=0.9998000299960006
req1=1.0
rhos1=1.0
cex2=4.0
cey2=0.0
cez2=0.0
oriw2=-0.16719391455277546
orii2=0.4202483438020205
orij2=0.18286117249108536
orik2=0.8729257219622776
lvx2=-1.1302804849388841
lvy2=-5.417041005749678
lvz2=0.9820927434046325
avx2=-2.2718768673507754
avy2=-2.448823356231029
avz2=5.3216780505711965
shx2=1.0001
shy2=1.0001
shz2=0.9998000299960006
req2=1.0
rhos2=1.0
rhof=1.0
ndiv=2
tend=100.0
dt=0.05
tprint=1
logevery=100
nbody=2
impulse_scheme=1
energy_projection=0
impulse_pair_metric_correction=0
