cex1=-4.0
cey1=0.0
cez1=0.0
oriw1=-0.691087541414956
orii1=0.38538909211278105
orij1=0.506038551394656
orik1=0.34321748539944164
lvx1=1.4378541700262353
lvy1=-1.6591820951758158
lvz1=5.173241173990644
avx1=5.551470851264293
avy1=0.03440328405120256
avz1=-2.942516848884103
shx1=1.0
shy1=1.0
shz1=1.0
req1=1.0
rhos1=1.0
cex2=4.0
cey2=0.0
cez2=0.0
oriw2=0.1355386634706019
orii2=-0.17692095853987516
orij2=0.8408714671644099
orik2=0.4932174174162015
lvx2=1.4378541700262357
lvy2=-1.659182095175816
lvz2=5.173241173990645
avx2=3.739878503850571
avy2=-0.4882669298891729
avz2=5.025268329748219
shx2=1.0
shy2=1.0
shz2=1.0
req2=1.0
rhos2=1.0
rhof=1.0
ndiv=2
tend=100.0
dt=0.05
tprint=1
logevery=100
nbody=2
impulse_scheme=1
energy_projection=0
impulse_pair_metric_correction=0
