cex1=-1.5
cey1=0.0
cez1=0.0
oriw1=-0.2878023190054488
orii1=0.7394766806441972
orij1=-0.46884971024356115
orik1=-0.3879742429118902
lvx1=-0.9521214132417626
lvy1=3.510352999352966
lvz1=0.58227461262118
avx1=-1.7132659745215217
avy1=-1.3114671845791412
avz1=-5.901117786375417
shx1=1.0
shy1=0.8
shz1=0.6
req1=1.0
rhos1=0.03
cex2=1.5
cey2=0.0
cez2=0.0
oriw2=-0.39833982639608934
orii2=0.027737056095441134
orij2=-0.7741190031115766
orik2=0.491218696150127
lvx2=-0.814192118406859
lvy2=3.0018248777410217
lvz2=0.4979232624654693
avx2=5.45337192605766
avy2=-0.5748048106553793
avz2=-3.067368851326986
shx2=1.0
shy2=0.8
shz2=0.6
req2=1.0
rhos2=0.03
rhof=1.0
ndiv=2
tend=100.0
dt=0.05
tprint=1
logevery=100
nbody=2
impulse_scheme=1
energy_projection=0
impulse_pair_metric_correction=0
