cex1=-4.0
cey1=0.0
cez1=0.0
oriw1=-0.45070149322113107
orii1=-0.10154434295425975
orij1=0.07306105410291441
orik1=0.8838659359855439
lvx1=-4.990639224377005
lvy1=2.5338306718818147
lvz1=0.70171813170875
avx1=4.156498710822268
avy1=-0.3977766785980318
avz1=-4.6950729265107025
shx1=1.0
shy1=0.8
shz1=0.6
req1=1.0
rhos1=0.03
cex2=4.0
cey2=0.0
cez2=0.0
oriw2=0.12687093317913883
orii2=-0.8888619444776478
orij2=-0.2397304463700449
orik2=-0.3692661953887584
lvx2=-5.3211852499452945
lvy2=2.7016543955367975
lvz2=0.748195171838712
avx2=-1.1116501198620354
avy2=3.2563642751406086
avz2=-5.257256254260024
shx2=1.0
shy2=0.8
shz2=0.6
req2=1.0
rhos2=0.03
rhof=1.0
ndiv=2
tend=100.0
dt=0.05
tprint=1
logevery=100
nbody=2
impulse_scheme=1
energy_projection=0
impulse_pair_metric_correction=0
