cex1=-4.0
cey1=0.0
cez1=0.0
oriw1=-0.8671887926865722
orii1=-0.47296326304312186
orij1=-0.1278547799267855
orik1=-0.0891207321574568
lvx1=-2.087463256928296
lvy1=-2.896201798986564
lvz1=-4.2418949764065985
avx1=-2.9901163863113127
avy1=-5.070903023980678
avz1=2.1962613965677282
shx1=1.0
shy1=0.8
shz1=0.6
req1=1.0
rhos1=0.3
cex2=4.0
cey2=0.0
cez2=0.0
oriw2=0.37087104832874784
orii2=-0.1752079178566327
orij2=0.7364302112528045
orik2=-0.5379845676095447
lvx2=-2.304119364741717
lvy2=-3.1967962200514854
lvz2=-4.68215779410712
avx2=-0.7353087120156264
avy2=2.121763132135178
avz2=5.868207555421269
shx2=1.0
shy2=0.8
shz2=0.6
req2=1.0
rhos2=0.3
rhof=1.0
ndiv=2
tend=100.0
dt=0.05
tprint=1
logevery=100
nbody=2
impulse_scheme=1
energy_projection=0
impulse_pair_metric_correction=0
