cex1=-5.5
cey1=0.0
cez1=0.0
oriw1=-0.5355089661852458
orii1=-0.44606521105069724
orij1=-0.46851207857749044
orik1=-0.5429110487478641
lvx1=7.153631198399605
lvy1=-2.130696108465914
lvz1=5.482732271721333
avx1=-1.919687575727861
avy1=5.9167235121020685
avz1=0.8863408471305397
shx1=1.0
shy1=0.8
shz1=0.6
req1=1.0
rhos1=0.1
cex2=5.5
cey2=0.0
cez2=0.0
oriw2=0.6253845575891102
orii2=-0.1131947455134979
orij2=-0.4817749939328447
orik2=0.6033025442828953
lvx2=6.655544600912895
lvy2=-1.9823419166561118
lvz2=5.100985521516598
avx2=5.481110057373097
avy2=-0.060636347956795296
avz2=-3.071184360572869
shx2=1.0
shy2=0.8
shz2=0.6
req2=1.0
rhos2=0.1
rhof=1.0
ndiv=2
tend=100.0
dt=0.05
tprint=1
logevery=100
nbody=2
impulse_scheme=1
energy_projection=0
impulse_pair_metric_correction=0
