cex1=-1.5
cey1=0.0
cez1=0.0
oriw1=-0.2768442710726905
orii1=-0.6918472964594421
orij1=0.5294842602109139
orik1=-0.4054022522691417
lvx1=2.269325053169734
lvy1=0.5265047525108207
lvz1=-1.7022326713815716
avx1=6.264992736743094
avy1=0.47718696973062386
avz1=-0.0240043502936012
shx1=1.0
shy1=0.7
shz1=0.7
req1=1.0
rhos1=0.3
cex2=1.5
cey2=0.0
cez2=0.0
oriw2=-0.37460138665556714
orii2=0.9025889200024213
orij2=0.11393511367140811
orik2=0.1789576276029392
lvx2=2.5787402872113367
lvy2=0.5982919964733394
lvz2=-1.9343266676440791
avx2=-4.133604521202398
avy2=2.5310963155222685
avz2=3.9981599152862968
shx2=1.0
shy2=0.7
shz2=0.7
req2=1.0
rhos2=0.3
rhof=1.0
ndiv=2
tend=100.0
dt=0.05
tprint=1
logevery=100
nbody=2
impulse_scheme=1
energy_projection=0
impulse_pair_metric_correction=0
