cex1=-2.5
cey1=0.0
cez1=0.0
oriw1=0.4007488899196779
orii1=0.3110332993528396
orij1=0.45597351596616914
orik1=0.7312638146792733
lvx1=0.7826740250780769
lvy1=4.728067713309409
lvz1=-1.2834182968811227
avx1=-5.9168842039692
avy1=1.733728421556194
avz1=1.2095803741237967
shx1=1.0
shy1=0.8
shz1=0.6
req1=1.0
rhos1=0.1
cex2=2.5
cey2=0.0
cez2=0.0
oriw2=-0.7474583918563179
orii2=-0.020132853985789918
orij2=0.38084054435681963
orik2=0.5439311541067997
lvx2=0.8050908012392699
lvy2=4.863485565707983
lvz2=-1.3201770237080335
avx2=-5.345257544071162
avy2=3.0182151207977395
avz2=-1.3405285810066314
shx2=1.0
shy2=0.8
shz2=0.6
req2=1.0
rhos2=0.1
rhof=1.0
ndiv=2
tend=100.0
dt=0.05
tprint=1
logevery=100
nbody=2
impulse_scheme=1
energy_projection=0
impulse_pair_metric_correction=0
