cex1=-5.5
cey1=0.0
cez1=0.0
oriw1=-0.8276741241057997
orii1=-0.3438226151589885
orij1=0.2635465141663307
orik1=-0.3567699377213661
lvx1=-0.27828323192625704
lvy1=1.2629197693404122
lvz1=0.05634294146500149
avx1=-1.740082836517912
avy1=-4.220220967202722
avz1=4.317437239195926
shx1=1.0
shy1=0.7
shz1=0.7
req1=1.0
rhos1=1.0
cex2=5.5
cey2=0.0
cez2=0.0
oriw2=-0.2388825152510781
orii2=0.912236489916925
orij2=0.194201868977318
orik2=-0.2702690593780262
lvx2=-0.2609282822550734
lvy2=1.1841586133629878
lvz2=0.052829151192109076
avx2=4.0742460067901245
avy2=-0.9636013409114654
avz2=-4.685126416256639
shx2=1.0
shy2=0.7
shz2=0.7
req2=1.0
rhos2=1.0
rhof=1.0
ndiv=2
tend=100.0
dt=0.05
tprint=1
logevery=100
nbody=2
impulse_scheme=1
energy_projection=0
impulse_pair_metric_correction=0
