cex1=-4.0
cey1=0.0
cez1=0.0
oriw1=0.35488408060302795
orii1=-0.6276500594931602
orij1=-0.43141026248005643
orik1=-0.5422157112991701
lvx1=-4.619264901738533
lvy1=0.9356032526254142
lvz1=3.447973631687756
avx1=5.001546378733065
avy1=-3.3084258023883337
avz1=-1.875438651577467
shx1=1.3
shy1=1.3
shz1=0.5917159763313609
req1=1.0
rhos1=1.0
cex2=4.0
cey2=0.0
cez2=0.0
oriw2=0.34439989488241673
orii2=0.21194324682283114
orij2=0.6848839795693836
orik2=0.606137531473164
lvx2=-7.470830992537352
lvy2=1.5131701526366246
lvz2=5.57647781995996
avx2=4.8553983170439405
avy2=-0.01544350760388839
avz2=-3.9878924615988813
shx2=2.0
shy2=2.0
shz2=0.25
req2=1.0
rhos2=1.0
rhof=1.0
ndiv=2
tend=100.0
dt=0.05
tprint=1
logevery=100
nbody=2
impulse_scheme=1
energy_projection=0
impulse_pair_metric_correction=0
