cex1=-2.5
cey1=0.0
cez1=0.0
oriw1=-0.8412754603006523
orii1=0.15595774257539124
orij1=-0.0950366614910964
orik1=-0.5088229705893206
lvx1=3.94232026549828
lvy1=2.9603256335942825
lvz1=0.686135518535669
avx1=-5.854373466686444
avy1=1.9269955572019402
avz1=1.2212358656046611
shx1=1.0
shy1=0.8
shz1=0.6
req1=1.0
rhos1=1.0
cex2=2.5
cey2=0.0
cez2=0.0
oriw2=0.5105923901263035
orii2=0.8086863619182396
orij2=-0.060736418073375535
orik2=-0.2857146596031898
lvx2=4.082372538986021
lvy2=3.0654922124938566
lvz2=0.7105107171040341
avx2=-5.386680173322433
avy2=2.2232206472121696
avz2=2.3493369848750802
shx2=1.0
shy2=0.8
shz2=0.6
req2=1.0
rhos2=1.0
rhof=1.0
ndiv=2
tend=100.0
dt=0.05
tprint=1
logevery=100
nbody=2
impulse_scheme=1
energy_projection=0
impulse_pair_metric_correction=0
