cex1=-4.0
cey1=0.0
cez1=0.0
oriw1=-0.754733845323162
orii1=0.31461879492622263
orij1=-0.3248770288252528
orik1=0.47523336661535115
lvx1=2.634137224745425
lvy1=-2.179097890300979
lvz1=1.287302620695565
avx1=0.571927833057475
avy1=-3.370092809576731
avz1=5.271981659013129
shx1=1.0
shy1=0.8
shz1=0.6
req1=1.0
rhos1=0.03
cex2=4.0
cey2=0.0
cez2=0.0
oriw2=0.2452348116502139
orii2=-0.3224372939377086
orij2=0.8893458133788821
orik2=-0.21203325884980065
lvx2=2.6446323230784747
lvy2=-2.1877799917576564
lvz2=1.2924315742905694
avx2=-0.7740142357752299
avy2=-2.9977045370037185
avz2=-5.467457094116244
shx2=1.0
shy2=0.8
shz2=0.6
req2=1.0
rhos2=0.03
rhof=1.0
ndiv=2
tend=100.0
dt=0.05
tprint=1
logevery=100
nbody=2
impulse_scheme=1
energy_projection=0
impulse_pair_metric_correction=0
