cex1=-2.5
cey1=0.0
cez1=0.0
oriw1=0.47665232375612554
orii1=0.028477466748381933
orij1=-0.30593725740647587
orik1=0.8236467632887805
lvx1=0.3247654978977436
lvy1=0.7751759004373718
lvz1=0.7723820324014271
avx1=5.608850978581612
avy1=-1.5567093286264604
avz1=-2.365557940653511
shx1=1.0
shy1=0.8
shz1=0.6
req1=1.0
rhos1=4.0
cex2=2.5
cey2=0.0
cez2=0.0
oriw2=0.16811633164171078
orii2=-0.8952659732528646
orij2=0.40577106596690443
orik2=0.07473672587836304
lvx2=0.33897698217605093
lvy2=0.8090969917888217
lvz2=0.8061808662719391
avx2=-4.508706777690657
avy2=-3.719269850496375
avz2=2.3058648217864897
shx2=1.0
shy2=0.8
shz2=0.6
req2=1.0
rhos2=4.0
rhof=1.0
ndiv=2
tend=100.0
dt=0.05
tprint=1
logevery=100
nbody=2
impulse_scheme=1
energy_projection=0
impulse_pair_metric_correction=0
