cex1=-1.5
cey1=0.0
cez1=0.0
oriw1=0.1666225722395565
orii1=0.12713880326823887
orij1=0.6916944930681062
orik1=0.6911087985136996
lvx1=0.0962123969181119
lvy1=-1.534859031346603
lvz1=1.3136028675164533
avx1=-3.2320170949048013
avy1=5.313238780752649
avz1=-0.895531552379181
shx1=1.0
shy1=0.8
shz1=0.6
req1=1.0
rhos1=0.3
cex2=1.5
cey2=0.0
cez2=0.0
oriw2=-0.454973270898486
orii2=-0.1515215307059854
orij2=0.3955559784325625
orik2=-0.7833109321506411
lvx2=0.08622086858308017
lvy2=-1.3754659802096343
lvz2=1.1771869721413446
avx2=-6.166157923857705
avy2=-0.6873129568769368
avz2=-0.9922272732158433
shx2=1.0
shy2=0.8
shz2=0.6
req2=1.0
rhos2=0.3
rhof=1.0
ndiv=2
tend=100.0
dt=0.05
tprint=1
logevery=100
nbody=2
impulse_scheme=1
energy_projection=0
impulse_pair_metric_correction=0
