cex1=-4.0
cey1=0.0
cez1=0.0
oriw1=-0.0033896331521665692
orii1=0.028441370262120885
orij1=0.416759061841441
orik1=0.9085656185536346
lvx1=-12.751835949224489
lvy1=1.43289861822865
lvz1=6.094237166168492
avx1=2.949508144757934
avy1=-5.547792309848991
avz1=-0.028632064969937157
shx1=4.0
shy1=0.5
shz1=0.5
req1=1.0
rhos1=1.0
cex2=4.0
cey2=0.0
cez2=0.0
oriw2=0.8532891229374989
orii2=0.1881439856803561
orij2=0.47530330774004276
orik2=0.10288964466960684
lvx2=-5.044691141589743
lvy2=0.5668619793225822
lvz2=2.410911210694085
avx2=-0.6614001292317309
avy2=4.968077660105618
avz2=-3.789349790738403
shx2=1.0
shy2=1.0
shz2=1.0
req2=1.0
rhos2=1.0
rhof=1.0
ndiv=2
tend=100.0
dt=0.05
tprint=1
logevery=100
nbody=2
impulse_scheme=1
energy_projection=0
impulse_pair_metric_correction=0
