cex1=-4.0
cey1=0.0
cez1=0.0
oriw1=0.8202574648093859
orii1=-0.4765093521627654
orij1=0.04471454330620989
orik1=-0.3132365533312127
lvx1=4.878724724053915
lvy1=2.404914196562361
lvz1=-1.4132115402740717
avx1=3.519926562671173
avy1=5.146701553472255
avz1=0.7745951957284655
shx1=1.0
shy1=1.0
shz1=1.0
req1=1.0
rhos1=1.0
cex2=4.0
cey2=0.0
cez2=0.0
oriw2=-0.49352901293913837
orii2=-0.7242216520113373
orij2=-0.15489816501727718
orik2=0.4560029283015292
lvx2=4.878724724053915
lvy2=2.404914196562361
lvz2=-1.4132115402740717
avx2=-4.342502818741609
avy2=1.9763371211525218
avz2=-4.088420044116453
shx2=1.0
shy2=1.0
shz2=1.0
req2=1.0
rhos2=1.0
rhof=1.0
ndiv=2
tend=100.0
dt=0.05
tprint=1
logevery=100
nbody=2
impulse_scheme=1
energy_projection=0
impulse_pair_metric_correction=0
