cex1=-2.5
cey1=0.0
cez1=0.0
oriw1=0.11352136585833403
orii1=0.4696002044906388
orij1=-0.8317185136579148
orik1=-0.27355595675232075
lvx1=-1.0290744697620258
lvy1=-0.04805944763686052
lvz1=0.4571208729228801
avx1=-5.592738455714764
avy1=2.602174436017549
avz1=-1.1951495198775008
shx1=1.0
shy1=0.8
shz1=0.6
req1=1.0
rhos1=10.0
cex2=2.5
cey2=0.0
cez2=0.0
oriw2=0.8126215898180743
orii2=-0.404225573929755
orij2=-0.10167480314939527
orik2=0.40732060044544444
lvx2=-1.006839353139651
lvy2=-0.04702103160924336
lvz2=0.44724390461920377
avx2=6.090664729582828
avy2=0.11413225214160856
avz2=1.5392188230379258
shx2=1.0
shy2=0.8
shz2=0.6
req2=1.0
rhos2=10.0
rhof=1.0
ndiv=2
tend=100.0
dt=0.05
tprint=1
logevery=100
nbody=2
impulse_scheme=1
energy_projection=0
impulse_pair_metric_correction=0
