cex1=-5.5
cey1=0.0
cez1=0.0
oriw1=-0.410775106119442
orii1=-0.4219546728703863
orij1=-0.7183384783861634
orik1=-0.3704158429458141
lvx1=1.5220942299543094
lvy1=0.7000250493398478
lvz1=-1.2395640927560037
avx1=3.07821646681453
avy1=5.4235168191341225
avz1=-0.7671155717091045
shx1=1.0
shy1=0.7
shz1=0.7
req1=1.0
rhos1=0.3
cex2=5.5
cey2=0.0
cez2=0.0
oriw2=-0.9882163917601005
orii2=-0.13943518301102042
orij2=0.047347168598132906
orik2=-0.04176647484611203
lvx2=1.4235952469067754
lvy2=0.6547244666881123
lvz2=-1.1593484266323821
avx2=4.7679695152277075
avy2=3.8561499017015164
avz2=-1.3693035608746775
shx2=1.0
shy2=0.7
shz2=0.7
req2=1.0
rhos2=0.3
rhof=1.0
ndiv=2
tend=100.0
dt=0.05
tprint=1
logevery=100
nbody=2
impulse_scheme=1
energy_projection=0
impulse_pair_metric_correction=0
