cex1=-2.5
cey1=0.0
cez1=0.0
oriw1=0.6290941806079864
orii1=0.695287439612957
orij1=0.24389666402603147
orik1=-0.24764956191884954
lvx1=0.5067704809762664
lvy1=4.786458781341697
lvz1=-2.758138694462217
avx1=-3.4930980459792087
avy1=3.091826654035649
avz1=4.2091913222052995
shx1=1.0
shy1=0.7
shz1=0.7
req1=1.0
rhos1=0.1
cex2=2.5
cey2=0.0
cez2=0.0
oriw2=0.17287372665801298
orii2=0.45787305842756304
orij2=-0.7539588653105832
orik2=0.43819284158591404
lvx2=0.5285843307108267
lvy2=4.992491090910541
lvz2=-2.876862308576774
avx2=-1.769630231951244
avy2=-3.4279143740417464
avz2=-4.959458588471084
shx2=1.0
shy2=0.7
shz2=0.7
req2=1.0
rhos2=0.1
rhof=1.0
ndiv=2
tend=100.0
dt=0.05
tprint=1
logevery=100
nbody=2
impulse_scheme=1
energy_projection=0
impulse_pair_metric_correction=0
