cex1=-5.5
cey1=0.0
cez1=0.0
oriw1=-0.9978069641150237
orii1=-0.019848336650675983
orij1=0.04647478812393915
orik1=0.042748098958855923
lvx1=-6.238215048091428
lvy1=1.468621831252199
lvz1=-6.136745357841846
avx1=4.403303838217587
avy1=-4.421231744581697
avz1=-0.7362355420643435
shx1=1.0
shy1=0.7
shz1=0.7
req1=1.0
rhos1=0.03
cex2=5.5
cey2=0.0
cez2=0.0
oriw2=0.5387973167049958
orii2=-0.2673822165742726
orij2=0.7563829446204046
orik2=0.25707789259034175
lvx2=-5.767965337354823
lvy2=1.3579140428858614
lvz2=-5.6741446447945725
avx2=-5.771451337324215
avy2=-2.1997932561960383
avz2=-1.1531160805618847
shx2=1.0
shy2=0.7
shz2=0.7
req2=1.0
rhos2=0.03
rhof=1.0
ndiv=2
tend=100.0
dt=0.05
tprint=1
logevery=100
nbody=2
impulse_scheme=1
energy_projection=0
impulse_pair_metric_correction=0
