cex1=-4.0
cey1=0.0
cez1=0.0
oriw1=-0.5819545950049401
orii1=-0.6642104307905137
orij1=0.37647877300283683
orik1=0.28003050987346856
lvx1=2.0209164537484705
lvy1=-5.226425609298321
lvz1=-0.5864996848648583
avx1=-2.6481197394257205
avy1=-2.487419998973177
avz1=5.126267765024528
shx1=1.0201
shy1=0.9900990099009901
shz1=0.9900990099009901
req1=1.0
rhos1=1.0
cex2=4.0
cey2=0.0
cez2=0.0
oriw2=-0.17489576798219567
orii2=0.3195651170470962
orij2=0.7031236473294613
orik2=-0.6106609066206128
lvx2=2.017771291744288
lvy2=-5.2182916979663805
lvz2=-0.5855869125823225
avx2=-3.3324499331382706
avy2=1.922830809661629
avz2=-4.9674859561855005
shx2=1.0201
shy2=0.9900990099009901
shz2=0.9900990099009901
req2=1.0
rhos2=1.0
rhof=1.0
ndiv=2
tend=100.0
dt=0.05
tprint=1
logevery=100
nbody=2
impulse_scheme=1
energy_projection=0
impulse_pair_metric_correction=0
