cex1=-5.5
cey1=0.0
cez1=0.0
oriw1=-0.46325375464021745
orii1=-0.7656678360393537
orij1=-0.3338932167268576
orik1=-0.29608114342245134
lvx1=-0.5156051858586331
lvy1=0.12935206626289372
lvz1=-0.619945045445088
avx1=0.615088257061199
avy1=-3.3674431027363756
avz1=-5.26881495122158
shx1=1.0
shy1=0.8
shz1=0.6
req1=1.0
rhos1=0.3
cex2=5.5
cey2=0.0
cez2=0.0
oriw2=0.06990000277653136
orii2=-0.5231706052965852
orij2=-0.3938815513610551
orik2=0.7525050371013168
lvx2=-0.44499301554642257
lvy2=0.11163729072590742
lvz2=-0.5350435232459263
avx2=4.979955013988252
avy2=-3.3767230479750565
avz2=-1.8100295909969943
shx2=1.0
shy2=0.8
shz2=0.6
req2=1.0
rhos2=0.3
rhof=1.0
ndiv=2
tend=100.0
dt=0.05
tprint=1
logevery=100
nbody=2
impulse_scheme=1
energy_projection=0
impulse_pair_metric_correction=0
