cex1=-4.0
cey1=0.0
cez1=0.0
oriw1=0.14152125828776888
orii1=-0.8819443893710459
orij1=-0.2661119244913668
orik1=0.3623951864375142
lvx1=0.6036046973568472
lvy1=-0.29800928308393454
lvz1=1.0662556584436393
avx1=2.9598998821421088
avy1=-5.313255574010275
avz1=1.5769354765814958
shx1=1.0
shy1=0.7
shz1=0.7
req1=1.0
rhos1=10.0
cex2=4.0
cey2=0.0
cez2=0.0
oriw2=-0.3922598744812238
orii2=-0.002479718419846005
orij2=0.5342071506790583
orik2=0.748831597912304
lvx2=0.613432848572015
lvy2=-0.302861598366599
lvz2=1.0836168915339397
avx2=-2.29391745465003
avy2=-1.0351307130223182
avz2=-5.7571576947802345
shx2=1.0
shy2=0.7
shz2=0.7
req2=1.0
rhos2=10.0
rhof=1.0
ndiv=2
tend=100.0
dt=0.05
tprint=1
logevery=100
nbody=2
impulse_scheme=1
energy_projection=0
impulse_pair_metric_correction=0
