cex1=-4.0
cey1=0.0
cez1=0.0
oriw1=-0.7960048985810111
orii1=0.12894092725128004
orij1=-0.2411153640503166
orik1=0.5400127960831091
lvx1=-3.9609778190401874
lvy1=2.0440680988733546
lvz1=-3.422091165391218
avx1=4.402016621096542
avy1=-1.376159503685341
avz1=4.266948827014889
shx1=1.0006000899999998
shy1=0.9997000899730081
shz1=0.9997000899730081
req1=1.0
rhos1=1.0
cex2=4.0
cey2=0.0
cez2=0.0
oriw2=0.5765361868256349
orii2=0.1817391854638998
orij2=0.3391365624020795
orik2=0.7208073846663721
lvx2=-3.9612579315758345
lvy2=2.044212651335996
lvz2=-3.4223331689260386
avx2=0.2770739039236433
avy2=4.227035215385892
avz2=-4.64045482081331
shx2=1.0
shy2=1.0
shz2=1.0
req2=1.0
rhos2=1.0
rhof=1.0
ndiv=2
tend=100.0
dt=0.05
tprint=1
logevery=100
nbody=2
impulse_scheme=1
energy_projection=0
impulse_pair_metric_correction=0
