cex1=-4.0
cey1=0.0
cez1=0.0
oriw1=-0.3498049390187468
orii1=-0.3550947979210981
orij1=-0.8556190873693655
orik1=-0.13949970056125324
lvx1=2.136760161496765
lvy1=-0.6730625685853651
lvz1=-5.147254755513391
avx1=-0.42016107652754237
avy1=5.3594819379856835
avz1=3.2523584720220917
shx1=1.03
shy1=1.03
shz1=0.9425959091337544
req1=1.0
rhos1=1.0
cex2=4.0
cey2=0.0
cez2=0.0
oriw2=0.46786065111810404
orii2=0.2523575016968586
orij2=-0.8252724770332915
orik2=0.190650048843422
lvx2=3.20944932742655
lvy2=-1.0109511806646234
lvz2=-7.731262315188281
avx2=5.864681777477356
avy2=-0.8221561353835337
avz2=2.0995200742869033
shx2=2.0
shy2=2.0
shz2=0.25
req2=1.0
rhos2=1.0
rhof=1.0
ndiv=2
tend=100.0
dt=0.05
tprint=1
logevery=100
nbody=2
impulse_scheme=1
energy_projection=0
impulse_pair_metric_correction=0
