cex1=-4.0
cey1=0.0
cez1=0.0
oriw1=-0.17941767576390663
orii1=0.6087281097412197
orij1=-0.5883732254748056
orik1=-0.5010751775719217
lvx1=-5.276040121685842
lvy1=0.3527746319604358
lvz1=-1.9051445765797566
avx1=0.5172129114925724
avy1=-2.464270586853478
avz1=-5.756585696687892
shx1=1.0003
shy1=1.0
shz1=0.9997000899730081
req1=1.0
rhos1=1.0
cex2=4.0
cey2=0.0
cez2=0.0
oriw2=0.4678956238492487
orii2=-0.4874442286588257
orij2=-0.20705065859854072
orik2=-0.7075322140396403
lvx2=-5.275381124612528
lvy2=0.3527305690942256
lvz2=-1.9049066169222764
avx2=-6.100331185748047
avy2=0.1604821542837197
avz2=-1.4962026957279941
shx2=1.0
shy2=1.0
shz2=1.0
req2=1.0
rhos2=1.0
rhof=1.0
ndiv=2
tend=100.0
dt=0.05
tprint=1
logevery=100
nbody=2
impulse_scheme=1
energy_projection=0
impulse_pair_metric_correction=0
