cex1=-1.5
cey1=0.0
cez1=0.0
oriw1=-0.5066543457076201
orii1=-0.2166351344203017
orij1=0.7061918963995686
orik1=0.44459374486137593
lvx1=-2.3648296862812437
lvy1=-1.8065660342881944
lvz1=0.6989048177010384
avx1=5.470630092360912
avy1=2.1440617732410594
avz1=2.2256736304856286
shx1=1.0
shy1=0.7
shz1=0.7
req1=1.0
rhos1=10.0
cex2=1.5
cey2=0.0
cez2=0.0
oriw2=-0.5616675629040677
orii2=-0.29446610883853125
orij2=0.3404224450799335
orik2=-0.6942130929424329
lvx2=-2.7053855570797465
lvy2=-2.0667271243367087
lvz2=0.7995531393024695
avx2=1.8859010726217835
avy2=-1.6464941645303566
avz2=5.762885710718973
shx2=1.0
shy2=0.7
shz2=0.7
req2=1.0
rhos2=10.0
rhof=1.0
ndiv=2
tend=100.0
dt=0.05
tprint=1
logevery=100
nbody=2
impulse_scheme=1
energy_projection=0
impulse_pair_metric_correction=0
