cex1=-4.0
cey1=0.0
cez1=0.0
oriw1=-0.7492577194393772
orii1=-0.35393779541492615
orij1=0.2655754362176061
orik1=-0.49275815012554947
lvx1=-0.45381365470751334
lvy1=2.087287042141514
lvz1=5.245297928683779
avx1=-3.1459661146092657
avy1=0.09717961187636313
avz1=5.43800247638076
shx1=1.03
shy1=1.0
shz1=0.970873786407767
req1=1.0
rhos1=1.0
cex2=4.0
cey2=0.0
cez2=0.0
oriw2=0.17360958390600958
orii2=0.26251882461150083
orij2=0.6707569117202913
orik2=-0.6715867363788804
lvx2=-0.511247947882336
lvy2=2.351452420760694
lvz2=5.909138639293243
avx2=-4.780295099602162
avy2=3.6383975135997293
avz2=1.8409942688961076
shx2=2.0
shy2=1.0
shz2=0.5
req2=1.0
rhos2=1.0
rhof=1.0
ndiv=2
tend=100.0
dt=0.05
tprint=1
logevery=100
nbody=2
impulse_scheme=1
energy_projection=0
impulse_pair_metric_correction=0
