cex1=-4.0
cey1=0.0
cez1=0.0
oriw1=-0.39419736029025193
orii1=0.5866028702846142
orij1=0.06302673320089956
orik1=0.7046510800503126
lvx1=-0.7781618876090703
lvy1=2.4204061755016713
lvz1=-5.011909582508701
avx1=-4.940948085423265
avy1=0.47028125162374473
avz1=-3.8528282035254073
shx1=1.0001
shy1=1.0001
shz1=0.9998000299960006
req1=1.0
rhos1=1.0
cex2=4.0
cey2=0.0
cez2=0.0
oriw2=-0.44321057624676596
orii2=-0.3106325527627402
orij2=0.8323433081421168
orik2=0.119483972390235
lvx2=-0.7781350743832146
lvy2=2.4203227752497702
lvz2=-5.011736886485233
avx2=-1.4670921428954729
avy2=-5.617103061047883
avz2=-2.4029588948166185
shx2=1.0001
shy2=1.0001
shz2=0.9998000299960006
req2=1.0
rhos2=1.0
rhof=1.0
ndiv=2
tend=100.0
dt=0.05
tprint=1
logevery=100
nbody=2
impulse_scheme=1
energy_projection=0
impulse_pair_metric_correction=0
