cex1=-2.5
cey1=0.0
cez1=0.0
oriw1=0.7029317138324089
orii1=-0.18234747836496237
orij1=0.5276990530434457
orik1=-0.44064737856887654
lvx1=0.7188635195818202
lvy1=0.2732102949606476
lvz1=0.13324552812592946
avx1=-1.995398997614481
avy1=5.94722901955775
avz1=0.35674561469865795
shx1=1.0
shy1=0.7
shz1=0.7
req1=1.0
rhos1=4.0
cex2=2.5
cey2=0.0
cez2=0.0
oriw2=-0.023994592372196883
orii2=0.669328906046506
orij2=-0.1073927635844286
orik2=0.7347719846300476
lvx2=0.7128780942556381
lvy2=0.27093548232335807
lvz2=0.13213609478160093
avx2=-2.414181167602508
avy2=5.591213198535174
avz2=1.5454714047425433
shx2=1.0
shy2=0.7
shz2=0.7
req2=1.0
rhos2=4.0
rhof=1.0
ndiv=2
tend=100.0
dt=0.05
tprint=1
logevery=100
nbody=2
impulse_scheme=1
energy_projection=0
impulse_pair_metric_correction=0
