cex1=-4.0
cey1=0.0
cez1=0.0
oriw1=-0.9446790316056386
orii1=0.15001651488504694
orij1=0.012452202068105812
orik1=-0.2914129632841209
lvx1=-0.7060638819180217
lvy1=4.780075358986263
lvz1=-3.219193703567314
avx1=-2.102605428074413
avy1=-2.7098921189195844
avz1=5.264404308372123
shx1=1.1
shy1=1.0
shz1=0.9090909090909091
req1=1.0
rhos1=1.0
cex2=4.0
cey2=0.0
cez2=0.0
oriw2=0.5796262802689155
orii2=0.5687702944348825
orij2=-0.36161496523877
orik2=0.4580047426669739
lvx2=-0.6862222316841594
lvy2=4.64574674397927
lvz2=-3.1287286378175687
avx2=3.7269474631088553
avy2=3.6503970018492873
avz2=-3.5018397936618455
shx2=1.1
shy2=1.0
shz2=0.9090909090909091
req2=1.0
rhos2=1.0
rhof=1.0
ndiv=2
tend=100.0
dt=0.05
tprint=1
logevery=100
nbody=2
impulse_scheme=1
energy_projection=0
impulse_pair_metric_correction=0
