cex1=-4.0
cey1=0.0
cez1=0.0
oriw1=-0.03294068044705177
orii1=0.31337593670058184
orij1=0.818617661683014
orik1=-0.4801828379371264
lvx1=4.651603990972749
lvy1=-1.580756179513036
lvz1=2.7332711311104307
avx1=1.7447388494977365
avy1=-5.878185963133849
avz1=1.3715807428755074
shx1=1.03
shy1=1.0
shz1=0.970873786407767
req1=1.0
rhos1=1.0
cex2=4.0
cey2=0.0
cez2=0.0
oriw2=-0.4290768085172248
orii2=0.015120690877943883
orij2=0.7773185890642763
orik2=-0.4598263456949474
lvx2=4.649819447541389
lvy2=-1.5801497375067506
lvz2=2.7322225377536844
avx2=-5.414849340386205
avy2=2.9829390688002615
avz2=1.12245210904588
shx2=1.0
shy2=1.0
shz2=1.0
req2=1.0
rhos2=1.0
rhof=1.0
ndiv=2
tend=100.0
dt=0.05
tprint=1
logevery=100
nbody=2
impulse_scheme=1
energy_projection=0
impulse_pair_metric_correction=0
