cex1=-4.0
cey1=0.0
cez1=0.0
oriw1=-0.32501280537556265
orii1=0.40109182053328335
orij1=-0.4642457413340737
orik1=-0.719699881545342
lvx1=-0.6128362689399541
lvy1=5.7380389520072095
lvz1=3.9906054202843437
avx1=2.4006889811677
avy1=2.3582113535275178
avz1=-5.3060295167056255
shx1=1.6900000000000002
shy1=0.7692307692307692
shz1=0.7692307692307692
req1=1.0
rhos1=1.0
cex2=4.0
cey2=0.0
cez2=0.0
oriw2=-0.963071027395081
orii2=0.17041857470074454
orij2=-0.19111468641190602
orik2=0.08322789332206182
lvx2=-1.2481837619804166
lvy2=11.68685244085688
lvz2=8.12779715973043
avx2=2.884224885023988
avy2=2.177683623967404
avz2=5.139781945848481
shx2=4.0
shy2=0.5
shz2=0.5
req2=1.0
rhos2=1.0
rhof=1.0
ndiv=2
tend=100.0
dt=0.05
tprint=1
logevery=100
nbody=2
impulse_scheme=1
energy_projection=0
impulse_pair_metric_correction=0
