cex1=-4.0
cey1=0.0
cez1=0.0
oriw1=-0.4113970151836038
orii1=0.6995930942360348
orij1=-0.3852880969298388
orik1=-0.4391754555521691
lvx1=-4.717938001539524
lvy1=6.7311559622651895
lvz1=2.731660607307147
avx1=0.310430516620602
avy1=3.5510164282067382
avz1=-5.1741987616745035
shx1=2.0
shy1=1.0
shz1=0.5
req1=1.0
rhos1=1.0
cex2=4.0
cey2=0.0
cez2=0.0
oriw2=0.296890897467699
orii2=-0.9434759516403843
orij2=-0.14094096946716794
orik2=0.04294842025907794
lvx2=-3.060986707398439
lvy2=4.367157626742053
lvz2=1.7722947621106155
avx2=-4.016972879596399
avy2=-0.6327147095065324
avz2=4.78978272840413
shx2=1.0
shy2=1.0
shz2=1.0
req2=1.0
rhos2=1.0
rhof=1.0
ndiv=2
tend=100.0
dt=0.05
tprint=1
logevery=100
nbody=2
impulse_scheme=1
energy_projection=0
impulse_pair_metric_correction=0
