cex1=-4.0
cey1=0.0
cez1=0.0
oriw1=-0.45711545603433285
orii1=0.03427191703761956
orij1=0.6933960404978146
orik1=-0.5559431864669658
lvx1=0.5568235404002893
lvy1=2.6148960440929945
lvz1=-4.88744628834809
avx1=-5.082404132838928
avy1=-3.1626852663531486
avz1=-1.909190336465157
shx1=1.03
shy1=1.03
shz1=0.9425959091337544
req1=1.0
rhos1=1.0
cex2=4.0
cey2=0.0
cez2=0.0
oriw2=-0.6822290684705229
orii2=-0.6449390865769423
orij2=-0.1680437746712143
orik2=-0.30062994284234557
lvx2=0.5692704649127229
lvy2=2.673347979593583
lvz2=-4.996697551263287
avx2=-3.339588676871469
avy2=-2.0826071177372403
avz2=-4.897786506864043
shx2=1.03
shy2=1.03
shz2=0.9425959091337544
req2=1.0
rhos2=1.0
rhof=1.0
ndiv=2
tend=100.0
dt=0.05
tprint=1
logevery=100
nbody=2
impulse_scheme=1
energy_projection=0
impulse_pair_metric_correction=0
