cex1=-5.5
cey1=0.0
cez1=0.0
oriw1=1.0
orii1=1.0
orij1=1.0
orik1=0.0
lvx1=0.5995816476515237
lvy1=-0.34652579070138895
lvz1=-0.34933544553946133
avx1=-0.7447635623248837
avy1=5.690518316969285
avz1=2.5576837421439818
shx1=1.0
shy1=0.8
shz1=0.6
req1=1.0
rhos1=0.03
cex2=5.5
cey2=0.0
cez2=0.0
oriw2=1.0
orii2=-1.0
orij2=0.0
orik2=1.0
lvx2=0.6117107953859593
lvy2=-0.353535782627713
lvz2=-0.35640227496030713
avx2=3.296823103831777
avy2=-0.8553208079776458
avz2=-5.279943308581912
shx2=1.0
shy2=0.8
shz2=0.6
req2=1.0
rhos2=0.03
rhof=1.0
ndiv=2
tend=100.0
dt=0.05
tprint=1
logevery=100
nbody=2
impulse_scheme=1
energy_projection=0
impulse_pair_metric_correction=0
