cex1=-1.5
cey1=0.0
cez1=0.0
oriw1=-0.1123905768442005
orii1=0.23745795800034736
orij1=-0.9393670633794289
orik1=-0.22038964734497246
lvx1=3.9251340975433817
lvy1=3.1422607010046497
lvz1=6.586265449705721
avx1=-5.627103539852207
avy1=0.2242704554263831
avz1=-2.786364319137581
shx1=1.0
shy1=0.7
shz1=0.7
req1=1.0
rhos1=10.0
cex2=1.5
cey2=0.0
cez2=0.0
oriw2=-0.9176718871746173
orii2=-0.18075597147726066
orij2=-0.3538390545991275
orik2=0.0018734206905182814
lvx2=4.4010430995093035
lvy2=3.52324899770203
lvz2=7.384827470507468
avx2=3.184917423425124
avy2=-3.864266856813465
avz2=3.7950178220468858
shx2=1.0
shy2=0.7
shz2=0.7
req2=1.0
rhos2=10.0
rhof=1.0
ndiv=2
tend=100.0
dt=0.05
tprint=1
logevery=100
nbody=2
impulse_scheme=1
energy_projection=0
impulse_pair_metric_correction=0
