cex1=-4.0
cey1=0.0
cez1=0.0
oriw1=0.8154600504222411
orii1=-0.4845550296874915
orij1=0.03325302571487303
orik1=-0.31484212813839924
lvx1=3.948691775750693
lvy1=-3.7963709202879525
lvz1=1.0001302352942127
avx1=4.789227694283315
avy1=2.324418514218514
avz1=-3.337483223542159
shx1=1.1
shy1=1.0
shz1=0.9090909090909091
req1=1.0
rhos1=1.0
cex2=4.0
cey2=0.0
cez2=0.0
oriw2=0.9453856625934975
orii2=0.0022003782250898194
orij2=0.3214327282847655
orik2=-0.05405653046332437
lvx2=3.9853201405219387
lvy2=-3.8315863452368446
lvz2=1.00940751930561
avx2=3.0110238386170893
avy2=-2.8774987109053636
avz2=4.704482353710662
shx2=1.0
shy2=1.0
shz2=1.0
req2=1.0
rhos2=1.0
rhof=1.0
ndiv=2
tend=100.0
dt=0.05
tprint=1
logevery=100
nbody=2
impulse_scheme=1
energy_projection=0
impulse_pair_metric_correction=0
