cex1=-5.5
cey1=0.0
cez1=0.0
oriw1=-0.6630562205966952
orii1=-0.08664377294092081
orij1=-0.31741338254594287
orik1=-0.6723823685369297
lvx1=-1.0632421316663283
lvy1=0.734881495602176
lvz1=0.22531224251411328
avx1=-0.3712041659233419
avy1=4.861759854031091
avz1=-3.9628166994311216
shx1=1.0
shy1=0.8
shz1=0.6
req1=1.0
rhos1=10.0
cex2=5.5
cey2=0.0
cez2=0.0
oriw2=0.4934832567765023
orii2=-0.15915690020317266
orij2=0.7625171300582723
orik2=-0.38692503507355275
lvx2=-0.8793874116369491
lvy2=0.6078065541521406
lvz2=0.18635148462757012
avx2=6.2358233036108155
avy2=-0.7467625056233325
avz2=0.18780599217513677
shx2=1.0
shy2=0.8
shz2=0.6
req2=1.0
rhos2=10.0
rhof=1.0
ndiv=2
tend=100.0
dt=0.05
tprint=1
logevery=100
nbody=2
impulse_scheme=1
energy_projection=0
impulse_pair_metric_correction=0
