cex1=-4.0
cey1=0.0
cez1=0.0
oriw1=0.4581481444009498
orii1=0.25024308924261035
orij1=0.5839818890480243
orik1=-0.6216460627496828
lvx1=-2.717190910360467
lvy1=-4.879734206042189
lvz1=-0.622737278892327
avx1=4.460143379683028
avy1=2.777352009457987
avz1=3.445555753806166
shx1=1.0
shy1=1.0
shz1=1.0
req1=1.0
rhos1=1.0
cex2=4.0
cey2=0.0
cez2=0.0
oriw2=-0.3430827796890308
orii2=-0.09943187475047775
orij2=-0.16586964058045955
orik2=0.9191815766746865
lvx2=-2.7171909103604666
lvy2=-4.879734206042188
lvz2=-0.6227372788923269
avx2=-1.8378970642185624
avy2=5.466988227964656
avz2=-2.492507111522471
shx2=1.0
shy2=1.0
shz2=1.0
req2=1.0
rhos2=1.0
rhof=1.0
ndiv=2
tend=100.0
dt=0.05
tprint=1
logevery=100
nbody=2
impulse_scheme=1
energy_projection=0
impulse_pair_metric_correction=0
