cex1=-2.5
cey1=0.0
cez1=0.0
oriw1=-0.20187704168265597
orii1=0.13329496658396045
orij1=0.043084084263495276
orik1=0.9693409480714287
lvx1=-2.320974130253159
lvy1=2.2602762258794833
lvz1=-1.3389146942088543
avx1=-1.7378289612601612
avy1=-2.526198813663217
avz1=-5.484221700442955
shx1=1.0
shy1=0.7
shz1=0.7
req1=1.0
rhos1=0.3
cex2=2.5
cey2=0.0
cez2=0.0
oriw2=-0.5754643168994743
orii2=0.051657110847931634
orij2=-0.8124021771367882
orik2=-0.0785815847236001
lvx2=-2.34425720451638
lvy2=2.2829504033020487
lvz2=-1.3523461451893017
avx2=0.8690637415756114
avy2=-5.432905616724906
avz2=-3.0342515349250476
shx2=1.0
shy2=0.7
shz2=0.7
req2=1.0
rhos2=0.3
rhof=1.0
ndiv=2
tend=100.0
dt=0.05
tprint=1
logevery=100
nbody=2
impulse_scheme=1
energy_projection=0
impulse_pair_metric_correction=0
