cex1=-4.0
cey1=0.0
cez1=0.0
oriw1=-0.6063801372773485
orii1=0.7788999049746824
orij1=-0.08302485672104641
orik1=-0.13683910374006603
lvx1=-1.0962024389965102
lvy1=-3.6098140301567825
lvz1=4.1694456425960595
avx1=-3.0870667081035124
avy1=3.4941310835282122
avz1=4.211826766997705
shx1=1.003
shy1=1.003
shz1=0.9940268924035474
req1=1.0
rhos1=1.0
cex2=4.0
cey2=0.0
cez2=0.0
oriw2=0.542874727318015
orii2=-0.054797925103832704
orij2=-0.7912509136028725
orik2=0.276054722050403
lvx2=-1.0956135564341591
lvy2=-3.6078748294580185
lvz2=4.167205806461556
avx2=2.3465843364273766
avy2=-4.306692844280665
avz2=-3.927385428171373
shx2=1.0
shy2=1.0
shz2=1.0
req2=1.0
rhos2=1.0
rhof=1.0
ndiv=2
tend=100.0
dt=0.05
tprint=1
logevery=100
nbody=2
impulse_scheme=1
energy_projection=0
impulse_pair_metric_correction=0
