cex1=-4.0
cey1=0.0
cez1=0.0
oriw1=-0.5861648189726938
orii1=-0.7811854397616544
orij1=0.10509268363048985
orik1=-0.18739167951230248
lvx1=3.3805801097375636
lvy1=-0.8190203580425254
lvz1=-0.6481380366724694
avx1=0.954499563440846
avy1=1.0214883368650516
avz1=6.125676270045401
shx1=1.0
shy1=0.7
shz1=0.7
req1=1.0
rhos1=0.03
cex2=4.0
cey2=0.0
cez2=0.0
oriw2=0.9430917832786754
orii2=0.3101522064386909
orij2=0.06185854154802688
orik2=0.10274735028705437
lvx2=2.771143974575746
lvy2=-0.6713709649142455
lvz2=-0.5312945579502029
avx2=-6.20075327509858
avy2=0.02702847764071815
avz2=-1.0140739061370656
shx2=1.0
shy2=0.7
shz2=0.7
req2=1.0
rhos2=0.03
rhof=1.0
ndiv=2
tend=100.0
dt=0.05
tprint=1
logevery=100
nbody=2
impulse_scheme=1
energy_projection=0
impulse_pair_metric_correction=0
