cex1=-5.5
cey1=0.0
cez1=0.0
oriw1=1.0
orii1=2.0
orij1=0.0
orik1=0.0
lvx1=0.24991561104224855
lvy1=0.05650557802987702
lvz1=-0.7500517302366388
avx1=-0.7045632798614565
avy1=6.241657332469026
avz1=-0.1540192619900217
shx1=1.0
shy1=0.7
shz1=0.7
req1=1.0
rhos1=0.1
cex2=5.5
cey2=0.0
cez2=0.0
oriw2=1.0
orii2=0.0
orij2=1.0
orik2=0.0
lvx2=0.22886766718809867
lvy2=0.051746666696330594
lvz2=-0.6868822201772615
avx2=4.361873886604954
avy2=-3.5825804119926183
avz2=-2.7599984408180416
shx2=1.0
shy2=0.7
shz2=0.7
req2=1.0
rhos2=0.1
rhof=1.0
ndiv=2
tend=100.0
dt=0.05
tprint=1
logevery=100
nbody=2
impulse_scheme=1
energy_projection=0
impulse_pair_metric_correction=0
