cex1=-4.0
cey1=0.0
cez1=0.0
oriw1=0.4464222903350041
orii1=-0.47149678668288286
orij1=-0.4672945734067961
orik1=0.6000280830963879
lvx1=-7.131331828519834
lvy1=-12.29648886154964
lvz1=-5.46070366742327
avx1=-1.9812973909704983
avy1=-5.125910487564986
avz1=3.0459678144002473
shx1=4.0
shy1=0.5
shz1=0.5
req1=1.0
rhos1=1.0
cex2=4.0
cey2=0.0
cez2=0.0
oriw2=-0.6146069439996504
orii2=0.7678329072137033
orij2=0.1559406602121282
orik2=0.09150651058678033
lvx2=-7.381264161205241
lvy2=-12.72744484830045
lvz2=-5.65208536701614
avx2=-1.1403656088932477
avy2=-6.094251932583673
avz2=1.0188607680204027
shx2=4.0
shy2=0.5
shz2=0.5
req2=1.0
rhos2=1.0
rhof=1.0
ndiv=2
tend=100.0
dt=0.05
tprint=1
logevery=100
nbody=2
impulse_scheme=1
energy_projection=0
impulse_pair_metric_correction=0
