cex1=-1.5
cey1=0.0
cez1=0.0
oriw1=0.8685690374064357
orii1=0.2813345679339181
orij1=-0.33562650319159687
orik1=0.23193434092362086
lvx1=-3.017002880141701
lvy1=0.7471836372574581
lvz1=0.5369739356025968
avx1=4.940020864407489
avy1=1.107367954736117
avz1=-3.7213368130820497
shx1=1.0
shy1=0.7
shz1=0.7
req1=1.0
rhos1=0.3
cex2=1.5
cey2=0.0
cez2=0.0
oriw2=-0.618931615681289
orii2=0.4022372834473256
orij2=0.6235634744833112
orik2=-0.25748284642936115
lvx2=-3.3833539817026397
lvy2=0.8379132651206976
lvz2=0.6021780473097373
avx2=0.9892865733247824
avy2=-5.298388527008915
avz2=-3.2290569361745614
shx2=1.0
shy2=0.7
shz2=0.7
req2=1.0
rhos2=0.3
rhof=1.0
ndiv=2
tend=100.0
dt=0.05
tprint=1
logevery=100
nbody=2
impulse_scheme=1
energy_projection=0
impulse_pair_metric_correction=0
