cex1=-4.0
cey1=0.0
cez1=0.0
oriw1=-0.7385918334874423
orii1=-0.4613589490061213
orij1=-0.48559315311837353
orik1=0.07634993989638367
lvx1=2.409936045267736
lvy1=1.1699829802975428
lvz1=1.5290521869945273
avx1=5.562208695615452
avy1=2.0677551074253957
avz1=2.065100686768922
shx1=1.0
shy1=0.8
shz1=0.6
req1=1.0
rhos1=0.03
cex2=4.0
cey2=0.0
cez2=0.0
oriw2=-0.6487410602261258
orii2=0.4011043934279078
orij2=-0.6404624956411997
orik2=-0.08976688713862441
lvx2=2.61470659131823
lvy2=1.2693955992405885
lvz2=1.6589746602009838
avx2=-2.802555174445296
avy2=-5.418449749840902
avz2=1.50482703557465
shx2=1.0
shy2=0.8
shz2=0.6
req2=1.0
rhos2=0.03
rhof=1.0
ndiv=2
tend=100.0
dt=0.05
tprint=1
logevery=100
nbody=2
impulse_scheme=1
energy_projection=0
impulse_pair_metric_correction=0
