cex1=-1.5
cey1=0.0
cez1=0.0
oriw1=0.5591894436184173
orii1=0.39586947751903373
orij1=0.04505072272399777
orik1=-0.7270247281190493
lvx1=0.32816734723651714
lvy1=-0.5003677674663087
lvz1=-1.1534165137930823
avx1=-1.47195418972238
avy1=-1.6173903371700105
avz1=-5.8903155233777795
shx1=1.0
shy1=0.7
shz1=0.7
req1=1.0
rhos1=0.03
cex2=1.5
cey2=0.0
cez2=0.0
oriw2=0.35855400500794593
orii2=-0.8549061041604414
orij2=-0.06113915894470443
orik2=-0.36991428980983215
lvx2=0.28793271674564247
lvy2=-0.43902067610245893
lvz2=-1.012003031844524
avx2=-5.311893878589862
avy2=3.3405933893218145
avz2=0.32036983967966914
shx2=1.0
shy2=0.7
shz2=0.7
req2=1.0
rhos2=0.03
rhof=1.0
ndiv=2
tend=100.0
dt=0.05
tprint=1
logevery=100
nbody=2
impulse_scheme=1
energy_projection=0
impulse_pair_metric_correction=0
