cex1=-1.5
cey1=0.0
cez1=0.0
oriw1=0.1262527714454167
orii1=0.5464126543451769
orij1=0.8087300144056905
orik1=0.1773392586913036
lvx1=0.22677751675342794
lvy1=0.743595012479823
lvz1=-1.8823640679633542
avx1=3.774204585371227
avy1=1.1796900629195919
avz1=-4.882840229576328
shx1=1.0
shy1=0.7
shz1=0.7
req1=1.0
rhos1=4.0
cex2=1.5
cey2=0.0
cez2=0.0
oriw2=-0.9642155593625242
orii2=-0.1906841515891053
orij2=0.05607255339735514
orik2=0.17545306543762176
lvx2=0.2096861820780733
lvy2=0.687553164049868
lvz2=-1.740497648721256
avx2=5.376668297232613
avy2=-1.2036758926536546
avz2=3.020102642516577
shx2=1.0
shy2=0.7
shz2=0.7
req2=1.0
rhos2=4.0
rhof=1.0
ndiv=2
tend=100.0
dt=0.05
tprint=1
logevery=100
nbody=2
impulse_scheme=1
energy_projection=0
impulse_pair_metric_correction=0
