cex1=-4.0
cey1=0.0
cez1=0.0
oriw1=-0.6785599689064425
orii1=0.6871217148284765
orij1=-0.23545522466452432
orik1=0.10945754787606025
lvx1=0.6440585111177789
lvy1=-0.3813964040085032
lvz1=0.053237478772578
avx1=3.5214337110848564
avy1=2.5925164905125815
avz1=-4.511848896983685
shx1=1.0
shy1=0.7
shz1=0.7
req1=1.0
rhos1=0.1
cex2=4.0
cey2=0.0
cez2=0.0
oriw2=0.02832099621573527
orii2=0.752308086344231
orij2=-0.6550198011035502
orik2=0.06464924250673998
lvx2=0.5750397830534842
lvy2=-0.3405251256408318
lvz2=0.04753243333523685
avx2=-5.768933281431518
avy2=-0.07739074960083112
avz2=-2.4883402240500474
shx2=1.0
shy2=0.7
shz2=0.7
req2=1.0
rhos2=0.1
rhof=1.0
ndiv=2
tend=100.0
dt=0.05
tprint=1
logevery=100
nbody=2
impulse_scheme=1
energy_projection=0
impulse_pair_metric_correction=0
