cex1=-2.5
cey1=0.0
cez1=0.0
oriw1=-0.46332972153372537
orii1=-0.2598158070271822
orij1=-0.297927820297475
orik1=0.793133235626329
lvx1=-0.7005693581326264
lvy1=4.217708465642064
lvz1=3.699841202083552
avx1=-2.8633849083099316
avy1=-0.6233601432967559
avz1=5.557955253775385
shx1=1.0
shy1=0.7
shz1=0.7
req1=1.0
rhos1=0.1
cex2=2.5
cey2=0.0
cez2=0.0
oriw2=0.33228950399224005
orii2=0.6168726225995866
orij2=0.7134777889624456
orik2=0.0011391580043257602
lvx2=-0.6135467046878796
lvy2=3.6937971956503497
lvz2=3.2402578717653006
avx2=5.758734990927113
avy2=-0.061232945438812476
avz2=-2.5122976406114823
shx2=1.0
shy2=0.7
shz2=0.7
req2=1.0
rhos2=0.1
rhof=1.0
ndiv=2
tend=100.0
dt=0.05
tprint=1
logevery=100
nbody=2
impulse_scheme=1
energy_projection=0
impulse_pair_metric_correction=0
