cex1=-4.0
cey1=0.0
cez1=0.0
oriw1=-0.9457528433793797
orii1=-0.2618613332649476
orij1=0.04625422072388482
orik1=0.18665676640761936
lvx1=-3.3709965416803667
lvy1=-3.6659456240733257
lvz1=2.60371703314636
avx1=-2.201413953906426
avy1=5.690119510382529
avz1=1.501577225941973
shx1=1.0003
shy1=1.0
shz1=0.9997000899730081
req1=1.0
rhos1=1.0
cex2=4.0
cey2=0.0
cez2=0.0
oriw2=-0.774825057896159
orii2=0.5393554467801709
orij2=-0.3069007700433691
orik2=0.12063892005303797
lvx2=-5.290168025843688
lvy2=-5.753037146483418
lvz2=4.086061918719554
avx2=-0.44830215811554935
avy2=-1.7089536927324547
avz2=6.029669978985789
shx2=2.0
shy2=1.0
shz2=0.5
req2=1.0
rhos2=1.0
rhof=1.0
ndiv=2
tend=100.0
dt=0.05
tprint=1
logevery=100
nbody=2
impulse_scheme=1
energy_projection=0
impulse_pair_metric_correction=0
