cex1=-4.0
cey1=0.0
cez1=0.0
oriw1=-0.4623707749297413
orii1=0.4077013181698989
orij1=0.42916941046065205
orik1=-0.6601564350805449
lvx1=-2.687267218127116
lvy1=-4.936303338803333
lvz1=0.015332179893673189
avx1=-1.151768118015467
avy1=-3.4424532104915726
avz1=-5.128485517212348
shx1=1.0003
shy1=1.0
shz1=0.9997000899730081
req1=1.0
rhos1=1.0
cex2=4.0
cey2=0.0
cez2=0.0
oriw2=0.6321768776930956
orii2=-0.3733994797581088
orij2=-0.6763325709404844
orik2=-0.05915638014294943
lvx2=-2.6870121330874808
lvy2=-4.935834767191125
lvz2=0.015330724508183615
avx2=-3.874999684780332
avy2=4.942556101068394
avz2=-0.18421247270842686
shx2=1.0
shy2=1.0
shz2=1.0
req2=1.0
rhos2=1.0
rhof=1.0
ndiv=2
tend=100.0
dt=0.05
tprint=1
logevery=100
nbody=2
impulse_scheme=1
energy_projection=0
impulse_pair_metric_correction=0
