cex1=-5.5
cey1=0.0
cez1=0.0
oriw1=-0.013254098161892635
orii1=-0.6070623196802891
orij1=0.6426254591751915
orik1=0.4672603001820031
lvx1=0.7362078323336929
lvy1=-0.8921085906524816
lvz1=3.5066098928371106
avx1=1.241325513983332
avy1=-1.9552724155787355
avz1=-5.840756659335188
shx1=1.0
shy1=0.8
shz1=0.6
req1=1.0
rhos1=0.03
cex2=5.5
cey2=0.0
cez2=0.0
oriw2=0.5478176233819845
orii2=-0.7466558210186374
orij2=0.37335556940903863
orik2=0.05483206399864114
lvx2=0.7382743862002106
lvy2=-0.8946127618612048
lvz2=3.51645303483336
avx2=-0.1733251941134225
avy2=2.4531177287732784
avz2=5.781919178803973
shx2=1.0
shy2=0.8
shz2=0.6
req2=1.0
rhos2=0.03
rhof=1.0
ndiv=2
tend=100.0
dt=0.05
tprint=1
logevery=100
nbody=2
impulse_scheme=1
energy_projection=0
impulse_pair_metric_correction=0
