cex1=-4.0
cey1=0.0
cez1=0.0
oriw1=-0.08400957312834548
orii1=0.13599710691249872
orij1=0.9867101924712824
orik1=0.029157753814521365
lvx1=-4.641020684813127
lvy1=1.0059128847388652
lvz1=-3.0102659224652784
avx1=0.8716300218869307
avy1=-5.327395680989855
avz1=3.2152035654797126
shx1=1.0020009999999997
shy1=0.9990009990009991
shz1=0.9990009990009991
req1=1.0
rhos1=1.0
cex2=4.0
cey2=0.0
cez2=0.0
oriw2=-0.4034706481445085
orii2=-0.9125319133804185
orij2=-0.043558296359499406
orik2=-0.05098644885046031
lvx2=-8.720964498717814
lvy2=1.8902157849278576
lvz2=-5.656605308273214
avx2=4.797227924959186
avy2=2.6318573031733403
avz2=-3.0884217613665355
shx2=4.0
shy2=0.5
shz2=0.5
req2=1.0
rhos2=1.0
rhof=1.0
ndiv=2
tend=100.0
dt=0.05
tprint=1
logevery=100
nbody=2
impulse_scheme=1
energy_projection=0
impulse_pair_metric_correction=0
