cex1=-4.0
cey1=0.0
cez1=0.0
oriw1=0.6700651218651883
orii1=-0.285920775842319
orij1=0.6779468153174949
orik1=-0.09823521772960649
lvx1=-1.4511317561321107
lvy1=-0.4217597771809769
lvz1=-3.0221024024947534
avx1=-2.9371501746864648
avy1=4.902899970401552
avz1=2.6101989073503895
shx1=1.0
shy1=0.8
shz1=0.6
req1=1.0
rhos1=0.1
cex2=4.0
cey2=0.0
cez2=0.0
oriw2=-0.9087569425063264
orii2=-0.26775127366475615
orij2=-0.08685708506212181
orik2=0.308100505796348
lvx2=-1.4482490685244367
lvy2=-0.4209219472058852
lvz2=-3.0160989661369038
avx2=-3.178103377714336
avy2=-4.627585589744661
avz2=2.821972383724853
shx2=1.0
shy2=0.8
shz2=0.6
req2=1.0
rhos2=0.1
rhof=1.0
ndiv=2
tend=100.0
dt=0.05
tprint=1
logevery=100
nbody=2
impulse_scheme=1
energy_projection=0
impulse_pair_metric_correction=0
