cex1=-1.5
cey1=0.0
cez1=0.0
oriw1=0.7257103794126498
orii1=0.05899775321530489
orij1=0.5982807569551487
orik1=0.33455021474431634
lvx1=-2.1757613566467873
lvy1=-5.318801563711436
lvz1=-1.0381588294616662
avx1=-1.0254382359787368
avy1=-0.23905435895442353
avz1=-6.19433184790863
shx1=1.0
shy1=0.7
shz1=0.7
req1=1.0
rhos1=0.3
cex2=1.5
cey2=0.0
cez2=0.0
oriw2=0.8874525567547571
orii2=0.4014171136711954
orij2=-0.22647763276128247
orik2=-0.00037712090464093524
lvx2=-2.1478390747531813
lvy2=-5.250543583053582
lvz2=-1.0248357858300612
avx2=-1.9915015422021116
avy2=-1.1103189952405808
avz2=5.854872410272661
shx2=1.0
shy2=0.7
shz2=0.7
req2=1.0
rhos2=0.3
rhof=1.0
ndiv=2
tend=100.0
dt=0.05
tprint=1
logevery=100
nbody=2
impulse_scheme=1
energy_projection=0
impulse_pair_metric_correction=0
