cex1=-4.0
cey1=0.0
cez1=0.0
oriw1=-0.7821161344497123
orii1=-0.13226468582245152
orij1=-0.32305092578607303
orik1=-0.5161768151190916
lvx1=-3.031517611042627
lvy1=3.866987716686227
lvz1=-2.012302823479775
avx1=-5.363452775444951
avy1=3.1767817337696553
avz1=-0.787305370181579
shx1=1.3
shy1=1.0
shz1=0.7692307692307692
req1=1.0
rhos1=1.0
cex2=4.0
cey2=0.0
cez2=0.0
oriw2=-0.5816958793699829
orii2=0.6680481300608271
orij2=0.44646356912568386
orik2=-0.12653806261267836
lvx2=-3.373250988289759
lvy2=4.302900992394318
lvz2=-2.2391433463277264
avx2=-5.412218617788745
avy2=-0.608625645359099
avz2=-3.133030810801187
shx2=2.0
shy2=1.0
shz2=0.5
req2=1.0
rhos2=1.0
rhof=1.0
ndiv=2
tend=100.0
dt=0.05
tprint=1
logevery=100
nbody=2
impulse_scheme=1
energy_projection=0
impulse_pair_metric_correction=0
