cex1=-5.5
cey1=0.0
cez1=0.0
oriw1=0.6202469822381265
orii1=0.7008864318367254
orij1=0.30086625957918467
orik1=-0.18311576813183272
lvx1=-0.05024338495585122
lvy1=0.21057762349428316
lvz1=0.7168131320519566
avx1=-2.50461117709324
avy1=-5.72292956725617
avz1=0.673362921582531
shx1=1.0
shy1=0.8
shz1=0.6
req1=1.0
rhos1=1.0
cex2=5.5
cey2=0.0
cez2=0.0
oriw2=-0.430857525691537
orii2=0.18683533795153875
orij2=0.145052615721328
orik2=0.8708697306255979
lvx2=-0.05478023328079456
lvy2=0.22959224082669535
lvz2=0.7815395126551922
avx2=-1.4975098012901444
avy2=-2.6848425017268873
avz2=5.4797356451126635
shx2=1.0
shy2=0.8
shz2=0.6
req2=1.0
rhos2=1.0
rhof=1.0
ndiv=2
tend=100.0
dt=0.05
tprint=1
logevery=100
nbody=2
impulse_scheme=1
energy_projection=0
impulse_pair_metric_correction=0
