cex1=-4.0
cey1=0.0
cez1=0.0
oriw1=0.553519610670332
orii1=0.20864739251094186
orij1=-0.4483747131033983
orik1=-0.6701062772808463
lvx1=-2.0981804214400603
lvy1=6.258260552560549
lvz1=6.958125637368241
avx1=-1.7997583535116668
avy1=5.969577235889478
avz1=0.7768108508977938
shx1=1.0
shy1=0.7
shz1=0.7
req1=1.0
rhos1=1.0
cex2=4.0
cey2=0.0
cez2=0.0
oriw2=-0.30204144650277587
orii2=-0.8107802265864792
orij2=0.4264025020006709
orik2=0.26379403908817983
lvx2=-2.0975027722714765
lvy2=6.256239322633471
lvz2=6.955878372068802
avx2=-1.8197604650261123
avy2=5.257276833533701
avz2=-2.9202619317238048
shx2=1.0
shy2=0.7
shz2=0.7
req2=1.0
rhos2=1.0
rhof=1.0
ndiv=2
tend=100.0
dt=0.05
tprint=1
logevery=100
nbody=2
impulse_scheme=1
energy_projection=0
impulse_pair_metric_correction=0
