cex1=-5.5
cey1=0.0
cez1=0.0
oriw1=-0.36056095098922125
orii1=0.7007295598266525
orij1=0.39384846745223623
orik1=0.473135571789333
lvx1=0.5906420073241625
lvy1=-0.9863060265457185
lvz1=-1.911303913933882
avx1=-2.0601868578926332
avy1=-1.9209024970942454
avz1=5.616420685060994
shx1=1.0
shy1=0.8
shz1=0.6
req1=1.0
rhos1=0.1
cex2=5.5
cey2=0.0
cez2=0.0
oriw2=-0.5442215946134099
orii2=-0.7720328640360571
orij2=0.26094341885213473
orik2=-0.19924016904851233
lvx2=0.48046141051305435
lvy2=-0.8023167652069844
lvz2=-1.5547620437091583
avx2=6.08725546228085
avy2=1.5451734156176504
avz2=-0.19020425063041282
shx2=1.0
shy2=0.8
shz2=0.6
req2=1.0
rhos2=0.1
rhof=1.0
ndiv=2
tend=100.0
dt=0.05
tprint=1
logevery=100
nbody=2
impulse_scheme=1
energy_projection=0
impulse_pair_metric_correction=0
