cex1=-4.0
cey1=0.0
cez1=0.0
oriw1=0.6014105794224651
orii1=-0.2934619055063593
orij1=0.08698281444321249
orik1=-0.7379833432855033
lvx1=5.225170497545292
lvy1=-1.0988912076778992
lvz1=-1.8495874415213753
avx1=3.1527693755193744
avy1=-0.7975025602824284
avz1=-5.37610012327594
shx1=1.0609
shy1=0.970873786407767
shz1=0.970873786407767
req1=1.0
rhos1=1.0
cex2=4.0
cey2=0.0
cez2=0.0
oriw2=-0.6162323738755829
orii2=0.10031973490945122
orij2=0.7810664066884991
orik2=0.011352555574729082
lvx2=5.1966020497734995
lvy2=-1.0928830561566854
lvz2=-1.839474883041745
avx2=-3.2413422725206797
avy2=4.172639803127303
avz2=3.4001757234127865
shx2=1.0
shy2=1.0
shz2=1.0
req2=1.0
rhos2=1.0
rhof=1.0
ndiv=2
tend=100.0
dt=0.05
tprint=1
logevery=100
nbody=2
impulse_scheme=1
energy_projection=0
impulse_pair_metric_correction=0
