cex1=-2.5
cey1=0.0
cez1=0.0
oriw1=0.4559114262862259
orii1=0.7919342765474957
orij1=0.304646628663239
orik1=-0.2686546196419792
lvx1=0.16350852376678393
lvy1=0.14544897507194374
lvz1=0.7646827591245164
avx1=-1.333923360647091
avy1=-4.404123263883478
avz1=4.278173015294933
shx1=1.0
shy1=0.8
shz1=0.6
req1=1.0
rhos1=10.0
cex2=2.5
cey2=0.0
cez2=0.0
oriw2=0.8526263776451346
orii2=0.5046248953330045
orij2=0.1216158420606993
orik2=-0.059929643030452395
lvx2=0.15622326961089364
lvy2=0.13896837867426456
lvz2=0.7306117020290744
avx2=-1.325802915728096
avy2=-6.127616826816296
avz2=0.41590414367026934
shx2=1.0
shy2=0.8
shz2=0.6
req2=1.0
rhos2=10.0
rhof=1.0
ndiv=2
tend=100.0
dt=0.05
tprint=1
logevery=100
nbody=2
impulse_scheme=1
energy_projection=0
impulse_pair_metric_correction=0
