cex1=-4.0
cey1=0.0
cez1=0.0
oriw1=0.3720676820570568
orii1=0.4337024971495858
orij1=-0.08590399870740287
orik1=-0.8161423202732357
lvx1=2.6668945224691005
lvy1=4.913440663316723
lvz1=0.6165915362338653
avx1=2.48002490431733
avy1=1.0129836578508151
avz1=5.6834635731436185
shx1=1.0060089999999997
shy1=0.9970089730807579
shz1=0.9970089730807579
req1=1.0
rhos1=1.0
cex2=4.0
cey2=0.0
cez2=0.0
oriw2=-0.27264058142591185
orii2=-0.16769508326647084
orij2=-0.05108623988141651
orik2=-0.9460103955574539
lvx2=2.664715371236819
lvy2=4.90942583251408
lvz2=0.6160877119563477
avx2=-3.665084735974275
avy2=4.129594626754076
avz2=2.998669655225408
shx2=1.0
shy2=1.0
shz2=1.0
req2=1.0
rhos2=1.0
rhof=1.0
ndiv=2
tend=100.0
dt=0.05
tprint=1
logevery=100
nbody=2
impulse_scheme=1
energy_projection=0
impulse_pair_metric_correction=0
