cex1=-4.0
cey1=0.0
cez1=0.0
oriw1=-0.7134277061396147
orii1=0.43953572899877785
orij1=0.3046528966943987
orik1=0.45278677496321873
lvx1=3.098814004654592
lvy1=4.687897111080926
lvz1=0.10020799915593746
avx1=-0.20731909090864173
avy1=-4.866724091858361
avz1=-3.968681520685132
shx1=1.001
shy1=1.001
shz1=0.9980029960049943
req1=1.0
rhos1=1.0
cex2=4.0
cey2=0.0
cez2=0.0
oriw2=-0.10553577678201177
orii2=0.00042846922016152324
orij2=0.43793285731048914
orik2=-0.892791593106149
lvx2=5.518889094293993
lvy2=8.348995519787787
lvz2=0.1784672564639351
avx2=-3.9484868807193494
avy2=1.001620473825979
avz2=-4.7837877653128835
shx2=2.0
shy2=2.0
shz2=0.25
req2=1.0
rhos2=1.0
rhof=1.0
ndiv=2
tend=100.0
dt=0.05
tprint=1
logevery=100
nbody=2
impulse_scheme=1
energy_projection=0
impulse_pair_metric_correction=0
