cex1=-1.5
cey1=0.0
cez1=0.0
oriw1=-0.11217975213744744
orii1=-0.7999994186809017
orij1=-0.43797277928651557
orik1=0.39445719403332635
lvx1=0.42233519874446923
lvy1=3.046239138219946
lvz1=1.6333764724383075
avx1=0.7327370991569383
avy1=5.557500584070602
avz1=2.8382567195254604
shx1=1.0
shy1=0.8
shz1=0.6
req1=1.0
rhos1=0.03
cex2=1.5
cey2=0.0
cez2=0.0
oriw2=-0.296167569896833
orii2=0.5497422480365027
orij2=0.4141721655599056
orik2=-0.6622157114872729
lvx2=0.4482106478585568
lvy2=3.2328747917119562
lvz2=1.733449471142583
avx2=-1.5538845808802164
avy2=-1.2031988780971883
avz2=5.967928683672905
shx2=1.0
shy2=0.8
shz2=0.6
req2=1.0
rhos2=0.03
rhof=1.0
ndiv=2
tend=100.0
dt=0.05
tprint=1
logevery=100
nbody=2
impulse_scheme=1
energy_projection=0
impulse_pair_metric_correction=0
