cex1=-4.0
cey1=0.0
cez1=0.0
oriw1=-0.5507339830683937
orii1=-0.387925468749773
orij1=-0.7378706122242619
orik1=-0.041867292779496745
lvx1=3.2716111995883126
lvy1=5.397583093226531
lvz1=8.762841060024684
avx1=-0.1930585273868969
avy1=2.4749548065795635
avz1=5.771979271857216
shx1=2.0
shy1=2.0
shz1=0.25
req1=1.0
rhos1=1.0
cex2=4.0
cey2=0.0
cez2=0.0
oriw2=0.6654570556838109
orii2=0.04004154854004071
orij2=-0.5204528141993447
orik2=0.533565787530583
lvx2=2.4491789618960884
lvy2=4.040714544160976
lvz2=6.559998930604083
avx2=-5.507269655832685
avy2=2.895175924900154
avz2=-0.8754169898856834
shx2=2.0
shy2=2.0
shz2=0.25
req2=1.0
rhos2=1.0
rhof=1.0
ndiv=2
tend=100.0
dt=0.05
tprint=1
logevery=100
nbody=2
impulse_scheme=1
energy_projection=0
impulse_pair_metric_correction=0
