cex1=-4.0
cey1=0.0
cez1=0.0
oriw1=0.6809995774481034
orii1=0.6024083659644038
orij1=0.18727602156226894
orik1=0.3718486626026911
lvx1=0.15952815325535405
lvy1=-0.46887247180736186
lvz1=-0.6050880373544453
avx1=1.8890827252963622
avy1=-3.963223308040232
avz1=-4.494735261608957
shx1=1.0
shy1=0.7
shz1=0.7
req1=1.0
rhos1=0.1
cex2=4.0
cey2=0.0
cez2=0.0
oriw2=0.07195332230412249
orii2=0.016983627444384787
orij2=0.34279965503901905
orik2=0.9364948864320398
lvx2=0.161663550627344
lvy2=-0.47514866208264966
lvz2=-0.6131875694960918
avx2=-0.7458942666507723
avy2=3.6738469665590263
avz2=-5.042311752920478
shx2=1.0
shy2=0.7
shz2=0.7
req2=1.0
rhos2=0.1
rhof=1.0
ndiv=2
tend=100.0
dt=0.05
tprint=1
logevery=100
nbody=2
impulse_scheme=1
energy_projection=0
impulse_pair_metric_correction=0
