cex1=-5.5
cey1=0.0
cez1=0.0
oriw1=0.08004213771714858
orii1=-0.49386282428975276
orij1=0.15559270084306628
orik1=0.851753296687825
lvx1=0.6737887089813043
lvy1=-0.20659226374406633
lvz1=-0.1467823764211683
avx1=4.689847168950013
avy1=3.281060994725047
avz1=-2.591985703113132
shx1=1.0
shy1=0.8
shz1=0.6
req1=1.0
rhos1=4.0
cex2=5.5
cey2=0.0
cez2=0.0
oriw2=-0.07472217562169564
orii2=0.7039503750107474
orij2=-0.5868490734517707
orik2=0.3930376966416665
lvx2=0.7407548552505213
lvy2=-0.2271249434514636
lvz2=-0.161370703530455
avx2=2.4093271795908935
avy2=3.5013764291020704
avz2=4.627518044024298
shx2=1.0
shy2=0.8
shz2=0.6
req2=1.0
rhos2=4.0
rhof=1.0
ndiv=2
tend=100.0
dt=0.05
tprint=1
logevery=100
nbody=2
impulse_scheme=1
energy_projection=0
impulse_pair_metric_correction=0
