cex1=-2.5
cey1=0.0
cez1=0.0
oriw1=0.9494695216000341
orii1=0.2182298903411505
orij1=-0.08951174289821048
orik1=0.20705311008921476
lvx1=-1.6397703219803086
lvy1=0.2748374566718342
lvz1=-1.0267120205972504
avx1=4.7187848865869055
avy1=1.5837164551002612
avz1=3.8344920117691093
shx1=1.0
shy1=0.7
shz1=0.7
req1=1.0
rhos1=4.0
cex2=2.5
cey2=0.0
cez2=0.0
oriw2=-0.8168351495492253
orii2=-0.45166426824312966
orij2=0.17111403921328747
orik2=0.3154357507281103
lvx2=-1.7281933917317958
lvy2=0.28965780759284976
lvz2=-1.0820764990214742
avx2=3.4581293426878252
avy2=0.38916582976487507
avz2=-5.231472929351955
shx2=1.0
shy2=0.7
shz2=0.7
req2=1.0
rhos2=4.0
rhof=1.0
ndiv=2
tend=100.0
dt=0.05
tprint=1
logevery=100
nbody=2
impulse_scheme=1
energy_projection=0
impulse_pair_metric_correction=0
