cex1=-1.5
cey1=0.0
cez1=0.0
oriw1=0.060968995383070386
orii1=0.12574463441405775
orij1=-0.7704108109063917
orik1=0.6220436085650347
lvx1=0.10564537750325613
lvy1=0.6204304792158957
lvz1=0.37846367784454693
avx1=4.092359964301988
avy1=4.398251860639295
avz1=1.8402141444187006
shx1=1.0
shy1=0.7
shz1=0.7
req1=1.0
rhos1=4.0
cex2=1.5
cey2=0.0
cez2=0.0
oriw2=-0.25721930778662044
orii2=0.4586342232097435
orij2=-0.5697791974485935
orik2=0.6315414025678788
lvx2=0.11135147318550213
lvy2=0.6539410384306472
lvz2=0.3989051775965749
avx2=-2.410308248787332
avy2=-5.596340767336366
avz2=1.53290631352154
shx2=1.0
shy2=0.7
shz2=0.7
req2=1.0
rhos2=4.0
rhof=1.0
ndiv=2
tend=100.0
dt=0.05
tprint=1
logevery=100
nbody=2
impulse_scheme=1
energy_projection=0
impulse_pair_metric_correction=0
