cex1=-4.0
cey1=0.0
cez1=0.0
oriw1=-0.8524835662082418
orii1=0.47498412789682937
orij1=-0.20825131576145667
orik1=-0.06552279812850424
lvx1=-5.14451502253904
lvy1=-0.6298318547682021
lvz1=-2.1573086528942262
avx1=4.7406798812631035
avy1=-2.3165075344290216
avz1=3.411475444830031
shx1=1.0060089999999997
shy1=0.9970089730807579
shz1=0.9970089730807579
req1=1.0
rhos1=1.0
cex2=4.0
cey2=0.0
cez2=0.0
oriw2=-0.14740581991880067
orii2=-0.8456790764993192
orij2=0.4471877742572235
orik2=0.2512399617501071
lvx2=-5.149901325770808
lvy2=-0.6304912882308212
lvz2=-2.15956735337777
avx2=-3.9496988839959877
avy2=4.882087921307372
avz2=-0.2085997572935917
shx2=1.0
shy2=1.0
shz2=1.0
req2=1.0
rhos2=1.0
rhof=1.0
ndiv=2
tend=100.0
dt=0.05
tprint=1
logevery=100
nbody=2
impulse_scheme=1
energy_projection=0
impulse_pair_metric_correction=0
