cex1=-4.0
cey1=0.0
cez1=0.0
oriw1=-0.231544559102255
orii1=0.5509916256439681
orij1=-0.8017293438190609
orik1=-0.005040325368251279
lvx1=-2.6071703092728273
lvy1=-0.7719572298565325
lvz1=4.918242576219343
avx1=-3.69969789304318
avy1=-4.274246640514898
avz1=2.7425296280289104
shx1=1.0006000899999998
shy1=0.9997000899730081
shz1=0.9997000899730081
req1=1.0
rhos1=1.0
cex2=4.0
cey2=0.0
cez2=0.0
oriw2=0.18020386394131185
orii2=0.4880038409795564
orij2=0.8510795918353149
orik2=-0.07100948507949291
lvx2=-7.293592068365436
lvy2=-2.1595601594470955
lvz2=13.758846100934482
avx2=1.2243354567500633
avy2=-4.505533007551497
avz2=-4.204710764317328
shx2=4.0
shy2=0.5
shz2=0.5
req2=1.0
rhos2=1.0
rhof=1.0
ndiv=2
tend=100.0
dt=0.05
tprint=1
logevery=100
nbody=2
impulse_scheme=1
energy_projection=0
impulse_pair_metric_correction=0
