cex1=-4.0
cey1=0.0
cez1=0.0
oriw1=-0.22340720863072963
orii1=0.24059966983201095
orij1=0.9431660309193378
orik1=0.05136979782338675
lvx1=-4.429735410417678
lvy1=-3.018328482378991
lvz1=1.7823412877927198
avx1=-0.3625889335474237
avy1=3.838402601292137
avz1=4.961210773593492
shx1=1.0201
shy1=0.9900990099009901
shz1=0.9900990099009901
req1=1.0
rhos1=1.0
cex2=4.0
cey2=0.0
cez2=0.0
oriw2=0.014810281994201573
orii2=0.02300385261790144
orij2=-0.9196647961194865
orik2=0.39175010030692964
lvx2=-8.27780944606708
lvy2=-5.640325145382507
lvz2=3.3306462308128704
avx2=4.800481343961708
avy2=-1.626628785651395
avz2=-3.7132028310238177
shx2=4.0
shy2=0.5
shz2=0.5
req2=1.0
rhos2=1.0
rhof=1.0
ndiv=2
tend=100.0
dt=0.05
tprint=1
logevery=100
nbody=2
impulse_scheme=1
energy_projection=0
impulse_pair_metric_correction=0
