cex1=-4.0
cey1=0.0
cez1=0.0
oriw1=0.12307915815253566
orii1=-0.4567676853548192
orij1=0.6641920400598758
orik1=0.5788469023542965
lvx1=-2.4124709733955583
lvy1=-0.624480275849864
lvz1=5.043209876903376
avx1=-3.9994160944671293
avy1=0.437990819314656
avz1=4.826101174848161
shx1=1.01
shy1=1.0
shz1=0.9900990099009901
req1=1.0
rhos1=1.0
cex2=4.0
cey2=0.0
cez2=0.0
oriw2=0.5225698562129115
orii2=-0.009548147096034715
orij2=0.8477492931968
orik2=-0.09028130564505267
lvx2=-2.410136062429166
lvy2=-0.6238758723729072
lvz2=5.038328804269857
avx2=1.7602436956081056
avy2=-2.1781886907159813
avz2=5.624540315800603
shx2=1.0
shy2=1.0
shz2=1.0
req2=1.0
rhos2=1.0
rhof=1.0
ndiv=2
tend=100.0
dt=0.05
tprint=1
logevery=100
nbody=2
impulse_scheme=1
energy_projection=0
impulse_pair_metric_correction=0
