cex1=-4.0
cey1=0.0
cez1=0.0
oriw1=0.28698412925304806
orii1=0.041582895841451424
orij1=0.7226281443240821
orik1=0.6274707462193297
lvx1=-0.5715433481257389
lvy1=2.480489287889115
lvz1=5.01345940777731
avx1=0.28482656004251583
avy1=-4.249617299859889
avz1=-4.6193120959492795
shx1=1.0020009999999997
shy1=0.9990009990009991
shz1=0.9990009990009991
req1=1.0
rhos1=1.0
cex2=4.0
cey2=0.0
cez2=0.0
oriw2=0.49008971752773156
orii2=-0.020902879543929345
orij2=0.2657349537386336
orik2=-0.8299157022022698
lvx2=-0.5715432480812107
lvy2=2.4804888536974103
lvz2=5.013458530207511
avx2=-0.29280607632692957
avy2=5.771411546981679
avz2=-2.4664733855020637
shx2=1.0020009999999997
shy2=0.9990009990009991
shz2=0.9990009990009991
req2=1.0
rhos2=1.0
rhof=1.0
ndiv=2
tend=100.0
dt=0.05
tprint=1
logevery=100
nbody=2
impulse_scheme=1
energy_projection=0
impulse_pair_metric_correction=0
