cex1=-4.0
cey1=0.0
cez1=0.0
oriw1=-0.08990718503912587
orii1=-0.9021134812231401
orij1=-0.09338689872200023
orik1=-0.4115663399998773
lvx1=2.5566027383766494
lvy1=4.2718273083135445
lvz1=2.608124898264591
avx1=0.7900837426137781
avy1=-6.054795542398672
avz1=-1.481092915304103
shx1=1.003
shy1=1.0
shz1=0.9970089730807579
req1=1.0
rhos1=1.0
cex2=4.0
cey2=0.0
cez2=0.0
oriw2=0.7245778831908436
orii2=-0.5725905999402617
orij2=-0.1489778425126274
orik2=0.3534579161527014
lvx2=3.8251446262234063
lvy2=6.391433845887802
lvz2=3.902231187255537
avx2=-2.333303688299224
avy2=0.5190048146631013
avz2=5.810743971720247
shx2=2.0
shy2=1.0
shz2=0.5
req2=1.0
rhos2=1.0
rhof=1.0
ndiv=2
tend=100.0
dt=0.05
tprint=1
logevery=100
nbody=2
impulse_scheme=1
energy_projection=0
impulse_pair_metric_correction=0
