cex1=-4.0
cey1=0.0
cez1=0.0
oriw1=0.1511807528013981
orii1=-0.086748091736825
orij1=-0.6040867206190743
orik1=-0.7776235480835918
lvx1=-1.1026135378095898
lvy1=5.160042387920793
lvz1=-1.9919984726205364
avx1=-1.5602536764517805
avy1=2.556937799351244
avz1=5.523232310859734
shx1=1.01
shy1=1.0
shz1=0.9900990099009901
req1=1.0
rhos1=1.0
cex2=4.0
cey2=0.0
cez2=0.0
oriw2=-0.8954828228501431
orii2=-0.11864767704927556
orij2=-0.25913663215167376
orik2=0.3418792894988495
lvx2=-1.70606402043563
lvy2=7.9840872255594135
lvz2=-3.082201339239777
avx2=1.1204238969311928
avy2=1.7488494148207527
avz2=5.92997416687662
shx2=2.0
shy2=1.0
shz2=0.5
req2=1.0
rhos2=1.0
rhof=1.0
ndiv=2
tend=100.0
dt=0.05
tprint=1
logevery=100
nbody=2
impulse_scheme=1
energy_projection=0
impulse_pair_metric_correction=0
