cex1=-4.0
cey1=0.0
cez1=0.0
oriw1=0.7032367337646247
orii1=-0.09573453042082145
orij1=0.6157823369494575
orik1=-0.34220623821057394
lvx1=1.441540136787843
lvy1=7.0516795410178865
lvz1=-3.4165735456921205
avx1=-6.162772819110911
avy1=-1.140486544944128
avz1=0.44490361336653783
shx1=1.0
shy1=0.7
shz1=0.7
req1=1.0
rhos1=10.0
cex2=4.0
cey2=0.0
cez2=0.0
oriw2=0.38318288811312107
orii2=0.18019113207003368
orij2=0.697501796120808
orik2=-0.5780945204625743
lvx2=1.6916546291831718
lvy2=8.275181546911593
lvz2=-4.009366306923338
avx2=2.967582729454264
avy2=-2.247134196298916
avz2=5.061843365022889
shx2=1.0
shy2=0.7
shz2=0.7
req2=1.0
rhos2=10.0
rhof=1.0
ndiv=2
tend=100.0
dt=0.05
tprint=1
logevery=100
nbody=2
impulse_scheme=1
energy_projection=0
impulse_pair_metric_correction=0
