cex1=-4.0
cey1=0.0
cez1=0.0
oriw1=0.3313680865396891
orii1=0.3329390662976544
orij1=0.5072212012935443
orik1=-0.7225464845352201
lvx1=3.835829841499396
lvy1=-2.885643417532676
lvz1=-2.8606383880722612
avx1=-5.685964269820907
avy1=-0.874032116786813
avz1=2.5267164038535452
shx1=1.03
shy1=1.03
shz1=0.9425959091337544
req1=1.0
rhos1=1.0
cex2=4.0
cey2=0.0
cez2=0.0
oriw2=0.5899859669639955
orii2=0.0844324221992759
orij2=-0.7065387030144901
orik2=-0.3815636067678946
lvx2=3.8578154920638625
lvy2=-2.902182928004477
lvz2=-2.877034578359699
avx2=5.344969386532627
avy2=-2.3142368225046894
avz2=2.356698493814996
shx2=1.0
shy2=1.0
shz2=1.0
req2=1.0
rhos2=1.0
rhof=1.0
ndiv=2
tend=100.0
dt=0.05
tprint=1
logevery=100
nbody=2
impulse_scheme=1
energy_projection=0
impulse_pair_metric_correction=0
