cex1=-4.0
cey1=0.0
cez1=0.0
oriw1=-0.09903002393443301
orii1=0.10731630221177128
orij1=0.9850969580577584
orik1=0.09088591125410136
lvx1=0.29011477657009804
lvy1=5.40695009094223
lvz1=0.7660811881302795
avx1=-5.205092468843724
avy1=-3.4000424000665097
avz1=0.9083730912426594
shx1=1.6900000000000002
shy1=0.7692307692307692
shz1=0.7692307692307692
req1=1.0
rhos1=1.0
cex2=4.0
cey2=0.0
cez2=0.0
oriw2=-0.4409209425603974
orii2=-0.2759411661036357
orij2=-0.5824192389215085
orik2=-0.6246863416108177
lvx2=0.7504458512224155
lvy2=13.98626885360956
lvz2=1.9816379438811456
avx2=-2.994808737741902
avy2=-2.8753354048608117
avz2=4.716140852249443
shx2=4.0
shy2=0.5
shz2=0.5
req2=1.0
rhos2=1.0
rhof=1.0
ndiv=2
tend=100.0
dt=0.05
tprint=1
logevery=100
nbody=2
impulse_scheme=1
energy_projection=0
impulse_pair_metric_correction=0
