cex1=-4.0
cey1=0.0
cez1=0.0
oriw1=-0.3676632314989917
orii1=0.5923418412373285
orij1=0.0752556491120494
orik1=-0.7129456350942998
lvx1=4.114313265907579
lvy1=-2.9483289842088114
lvz1=2.2510882996299495
avx1=6.252183862612731
avy1=0.5528832161184283
avz1=-0.2879838567991882
shx1=1.03
shy1=1.0
shz1=0.970873786407767
req1=1.0
rhos1=1.0
cex2=4.0
cey2=0.0
cez2=0.0
oriw2=-0.9126786636523597
orii2=0.3068223703022833
orij2=-0.2556782525467173
orik2=0.08663902798674782
lvx2=4.19230333661899
lvy2=-3.0042168982051294
lvz2=2.293759463520297
avx2=-1.2653761664034913
avy2=-5.139838445063757
avz2=3.3851590096330804
shx2=1.03
shy2=1.0
shz2=0.970873786407767
req2=1.0
rhos2=1.0
rhof=1.0
ndiv=2
tend=100.0
dt=0.05
tprint=1
logevery=100
nbody=2
impulse_scheme=1
energy_projection=0
impulse_pair_metric_correction=0
