cex1=-5.5
cey1=0.0
cez1=0.0
oriw1=-0.7653367982136478
orii1=-0.2461995572721947
orij1=0.26733906152960735
orik1=-0.5312016467213994
lvx1=0.7712833210325436
lvy1=0.028826969202515797
lvz1=-0.18501327720499838
avx1=-0.428613423777593
avy1=4.863699600247091
avz1=3.954634538850761
shx1=1.0
shy1=0.7
shz1=0.7
req1=1.0
rhos1=4.0
cex2=5.5
cey2=0.0
cez2=0.0
oriw2=-0.2475437015371352
orii2=-0.8241973291399964
orij2=-0.08213066479405166
orik2=-0.5026683124768033
lvx2=0.7086512485206822
lvy2=0.026486074778697466
lvz2=-0.16998927152826776
avx2=-4.257546883003243
avy2=4.616584285972119
avz2=-0.1971336447745785
shx2=1.0
shy2=0.7
shz2=0.7
req2=1.0
rhos2=4.0
rhof=1.0
ndiv=2
tend=100.0
dt=0.05
tprint=1
logevery=100
nbody=2
impulse_scheme=1
energy_projection=0
impulse_pair_metric_correction=0
