cex1=-4.0
cey1=0.0
cez1=0.0
oriw1=-0.6790822768289617
orii1=-0.7070789030778284
orij1=0.1911939937613766
orik1=0.04828605252682211
lvx1=-3.02852098605701
lvy1=-4.717357756420083
lvz1=-0.3966491124930301
avx1=-6.009090341401817
avy1=1.6023111815829492
avz1=-0.8954606359874746
shx1=1.0
shy1=1.0
shz1=1.0
req1=1.0
rhos1=1.0
cex2=4.0
cey2=0.0
cez2=0.0
oriw2=-0.4177281835304922
orii2=-0.43032567668043803
orij2=-0.4583625622511538
orik2=-0.6559167159025571
lvx2=-3.1359578824018626
lvy2=-4.884706200968239
lvz2=-0.41072025473717666
avx2=5.9461396946560585
avy2=1.3154302916583644
avz2=-1.5464422018881208
shx2=4.0
shy2=0.5
shz2=0.5
req2=1.0
rhos2=1.0
rhof=1.0
ndiv=2
tend=100.0
dt=0.05
tprint=1
logevery=100
nbody=2
impulse_scheme=1
energy_projection=0
impulse_pair_metric_correction=0
