cex1=-4.0
cey1=0.0
cez1=0.0
oriw1=-0.6001375047882482
orii1=-0.1542633235626436
orij1=0.776983259951105
orik1=-0.11106221727345501
lvx1=1.0958874714319624
lvy1=-1.5280637190911226
lvz1=0.33086262491708596
avx1=-5.177058751216379
avy1=3.2155158997893603
avz1=-1.5287046114319036
shx1=1.0
shy1=0.8
shz1=0.6
req1=1.0
rhos1=0.03
cex2=4.0
cey2=0.0
cez2=0.0
oriw2=-0.03301227858951943
orii2=0.5330789943421479
orij2=-0.05333032974431016
orik2=0.8437374302369519
lvx2=1.2464370751143217
lvy2=-1.7379843480859607
lvz2=0.3763155006484651
avx2=-2.5482051745789174
avy2=-3.1444773671402766
avz2=-4.805968173027078
shx2=1.0
shy2=0.8
shz2=0.6
req2=1.0
rhos2=0.03
rhof=1.0
ndiv=2
tend=100.0
dt=0.05
tprint=1
logevery=100
nbody=2
impulse_scheme=1
energy_projection=0
impulse_pair_metric_correction=0
