cex1=-1.5
cey1=0.0
cez1=0.0
oriw1=-0.234957383539493
orii1=-0.15616542425454777
orij1=-0.8030671381494926
orik1=0.5248719461088165
lvx1=-0.905764219382873
lvy1=0.10185603352299431
lvz1=-1.5966287753954902
avx1=5.7406597385219085
avy1=0.682651916245064
avz1=-2.4611439884976165
shx1=1.0
shy1=0.7
shz1=0.7
req1=1.0
rhos1=10.0
cex2=1.5
cey2=0.0
cez2=0.0
oriw2=0.6897522222250849
orii2=-0.48686900864406096
orij2=0.4330589696898531
orik2=0.3156903057248815
lvx2=-0.9763219475851462
lvy2=0.1097904718406987
lvz2=-1.7210038575234181
avx2=-4.429458916515225
avy2=3.129222133986477
avz2=3.1727401638694466
shx2=1.0
shy2=0.7
shz2=0.7
req2=1.0
rhos2=10.0
rhof=1.0
ndiv=2
tend=100.0
dt=0.05
tprint=1
logevery=100
nbody=2
impulse_scheme=1
energy_projection=0
impulse_pair_metric_correction=0
