cex1=-4.0
cey1=0.0
cez1=0.0
oriw1=0.8358286723225403
orii1=0.37264399227079825
orij1=-0.38829082997424635
orik1=0.10843023981312391
lvx1=0.9741248471079899
lvy1=-5.169740342660221
lvz1=2.226350827194616
avx1=-0.6010106598943149
avy1=-5.28552083688139
avz1=-3.3437214707483465
shx1=1.0609
shy1=0.970873786407767
shz1=0.970873786407767
req1=1.0
rhos1=1.0
cex2=4.0
cey2=0.0
cez2=0.0
oriw2=0.23376699176035082
orii2=-0.05543006837967289
orij2=-0.7293871034821477
orik2=-0.6405270910403896
lvx2=0.9583389753044457
lvy2=-5.085963752268212
lvz2=2.1902724037233865
avx2=0.25565105313971936
avy2=1.8570625213847596
avz2=5.997030843263528
shx2=1.0
shy2=1.0
shz2=1.0
req2=1.0
rhos2=1.0
rhof=1.0
ndiv=2
tend=100.0
dt=0.05
tprint=1
logevery=100
nbody=2
impulse_scheme=1
energy_projection=0
impulse_pair_metric_correction=0
