cex1=-1.5
cey1=0.0
cez1=0.0
oriw1=-0.04127751165324143
orii1=-0.3996587051783683
orij1=-0.8518338047540157
orik1=-0.3360777521425123
lvx1=0.013180318262288226
lvy1=0.32391883345819145
lvz1=-0.7232610219007165
avx1=-0.7077543472090577
avy1=5.2531670913073505
avz1=3.3736829873551533
shx1=1.0
shy1=0.7
shz1=0.7
req1=1.0
rhos1=1.0
cex2=1.5
cey2=0.0
cez2=0.0
oriw2=-0.1370460611511235
orii2=-0.53682353668387
orij2=0.259357298483508
orik2=-0.7910579367584404
lvx2=0.01117448265748691
lvy2=0.27462351931732115
lvz2=-0.6131921540309373
avx2=-5.726631775712065
avy2=1.3444444652097063
avz2=-2.208296898002917
shx2=1.0
shy2=0.7
shz2=0.7
req2=1.0
rhos2=1.0
rhof=1.0
ndiv=2
tend=100.0
dt=0.05
tprint=1
logevery=100
nbody=2
impulse_scheme=1
energy_projection=0
impulse_pair_metric_correction=0
