cex1=-1.5
cey1=0.0
cez1=0.0
oriw1=-0.8010347529190612
orii1=0.1392724503131146
orij1=-0.5478252201318613
orik1=0.19706353642203167
lvx1=0.18810922253643642
lvy1=-0.5034969922690337
lvz1=1.1757897725329876
avx1=-1.8192977505511436
avy1=-3.660158605971956
avz1=4.771982007334731
shx1=1.0
shy1=0.7
shz1=0.7
req1=1.0
rhos1=4.0
cex2=1.5
cey2=0.0
cez2=0.0
oriw2=0.3991441589921741
orii2=-0.8573982953506375
orij2=-0.2332230374640852
orik2=0.22618381522177308
lvx2=0.18326866271582623
lvy2=-0.49054065085359094
lvz2=1.1455335168658571
avx2=3.000214024749328
avy2=0.2453741395990105
avz2=-5.515154117671682
shx2=1.0
shy2=0.7
shz2=0.7
req2=1.0
rhos2=4.0
rhof=1.0
ndiv=2
tend=100.0
dt=0.05
tprint=1
logevery=100
nbody=2
impulse_scheme=1
energy_projection=0
impulse_pair_metric_correction=0
