cex1=-5.5
cey1=0.0
cez1=0.0
oriw1=1.0
orii1=1.0
orij1=1.0
orik1=0.0
lvx1=0.7446201828430343
lvy1=0.6820351772254082
lvz1=-0.8214386747424659
avx1=1.5377840261068105
avy1=4.667618400670839
avz1=-3.9149682449704715
shx1=1.0
shy1=0.8
shz1=0.6
req1=1.0
rhos1=0.03
cex2=5.5
cey2=0.0
cez2=0.0
oriw2=1.0
orii2=-1.0
orij2=0.0
orik2=1.0
lvx2=0.7210632314419153
lvy2=0.6604581774422323
lvz2=-0.7954514783358021
avx2=1.9953643226253117
avy2=5.549519323329887
avz2=-2.1678962392927517
shx2=1.0
shy2=0.8
shz2=0.6
req2=1.0
rhos2=0.03
rhof=1.0
ndiv=2
tend=100.0
dt=0.05
tprint=1
logevery=100
nbody=2
impulse_scheme=1
energy_projection=0
impulse_pair_metric_correction=0
