cex1=-4.0
cey1=0.0
cez1=0.0
oriw1=-0.23664560507502833
orii1=-0.33814737425519886
orij1=-0.37367403064048843
orik1=-0.8306761882393642
lvx1=-0.19759009527305252
lvy1=-1.115217143563908
lvz1=-0.4208526010256385
avx1=-4.181722468481204
avy1=-3.799042358809651
avz1=2.7493439139050824
shx1=1.0
shy1=0.7
shz1=0.7
req1=1.0
rhos1=0.03
cex2=4.0
cey2=0.0
cez2=0.0
oriw2=-0.5007638421730405
orii2=-0.6977484776152152
orij2=0.5103261343566354
orik2=0.04415736575427451
lvx2=-0.198469121010771
lvy2=-1.1201784477779826
lvz2=-0.4227248622216062
avx2=4.076055724177279
avy2=-2.3043824964540245
avz2=4.189750427865052
shx2=1.0
shy2=0.7
shz2=0.7
req2=1.0
rhos2=0.03
rhof=1.0
ndiv=2
tend=100.0
dt=0.05
tprint=1
logevery=100
nbody=2
impulse_scheme=1
energy_projection=0
impulse_pair_metric_correction=0
