cex1=-4.0
cey1=0.0
cez1=0.0
oriw1=-0.37148572518399264
orii1=0.47145438717104216
orij1=-0.788305947241934
orik1=-0.13528802735163692
lvx1=-2.495000902156761
lvy1=1.8024418569937957
lvz1=-1.4198786979320575
avx1=2.1576234082886177
avy1=5.649386777266313
avz1=1.7051415991673489
shx1=1.0
shy1=0.8
shz1=0.6
req1=1.0
rhos1=10.0
cex2=4.0
cey2=0.0
cez2=0.0
oriw2=0.46618944939599677
orii2=-0.44847215812661806
orij2=0.7509551660526124
orik2=0.13268933354269488
lvx2=-2.563612367718082
lvy2=1.852008242837789
lvz2=-1.4589247593183303
avx2=1.9343074630935035
avy2=-4.846094299878384
avz2=-3.5003203109521905
shx2=1.0
shy2=0.8
shz2=0.6
req2=1.0
rhos2=10.0
rhof=1.0
ndiv=2
tend=100.0
dt=0.05
tprint=1
logevery=100
nbody=2
impulse_scheme=1
energy_projection=0
impulse_pair_metric_correction=0
