cex1=-5.5
cey1=0.0
cez1=0.0
oriw1=-0.4191729592185847
orii1=-0.28910136167821476
orij1=-0.6584840364460611
orik1=0.5541779557880655
lvx1=1.1491447735167044
lvy1=-3.2365486684396703
lvz1=-0.26075279701045806
avx1=2.627125346295537
avy1=-2.229344813122674
avz1=-5.254203243443483
shx1=1.0
shy1=0.7
shz1=0.7
req1=1.0
rhos1=1.0
cex2=5.5
cey2=0.0
cez2=0.0
oriw2=-0.7477097383938685
orii2=0.39699454551193997
orij2=0.1279652571011293
orik2=0.5166724019335491
lvx2=1.183921124139196
lvy2=-3.3344957277609826
lvz2=-0.2686439095174404
avx2=-0.48913475824989383
avy2=4.268994517608445
avz2=4.584195742031342
shx2=1.0
shy2=0.7
shz2=0.7
req2=1.0
rhos2=1.0
rhof=1.0
ndiv=2
tend=100.0
dt=0.05
tprint=1
logevery=100
nbody=2
impulse_scheme=1
energy_projection=0
impulse_pair_metric_correction=0
