cex1=-5.5
cey1=0.0
cez1=0.0
oriw1=0.10793945355336912
orii1=0.010713949289439565
orij1=-0.9334884699036364
orik1=0.3418092482865127
lvx1=0.14907047206507687
lvy1=0.4694842812290793
lvz1=1.0883325412900282
avx1=-3.987848607619744
avy1=-4.798861923524152
avz1=0.7391923471010646
shx1=1.0
shy1=0.8
shz1=0.6
req1=1.0
rhos1=0.1
cex2=5.5
cey2=0.0
cez2=0.0
oriw2=0.2539834617003836
orii2=0.40893991958754405
orij2=-0.19169378839431803
orik2=-0.8552859374743964
lvx2=0.16790466839546492
lvy2=0.5288009185497115
lvz2=1.2258370951527018
avx2=-1.982092684487986
avy2=2.0568135846195523
avz2=-5.596359894840673
shx2=1.0
shy2=0.8
shz2=0.6
req2=1.0
rhos2=0.1
rhof=1.0
ndiv=2
tend=100.0
dt=0.05
tprint=1
logevery=100
nbody=2
impulse_scheme=1
energy_projection=0
impulse_pair_metric_correction=0
