cex1=-5.5
cey1=0.0
cez1=0.0
oriw1=0.12151013202429278
orii1=0.786188740838025
orij1=0.5449376323502447
orik1=0.264925514897054
lvx1=-3.682327999252146
lvy1=4.894455560478128
lvz1=0.554655443969486
avx1=1.0249598982122328
avy1=1.0477808793171788
avz1=-6.1098306065186065
shx1=1.0
shy1=0.8
shz1=0.6
req1=1.0
rhos1=0.1
cex2=5.5
cey2=0.0
cez2=0.0
oriw2=-0.41776691844356484
orii2=-0.26113077017875047
orij2=-0.8418419625813952
orik2=0.22041695206386702
lvx2=-3.2673164876078697
lvy2=4.342832945316661
lvz2=0.49214379528141344
avx2=-4.727858115173818
avy2=-0.920326918784811
avz2=-4.034696222728863
shx2=1.0
shy2=0.8
shz2=0.6
req2=1.0
rhos2=0.1
rhof=1.0
ndiv=2
tend=100.0
dt=0.05
tprint=1
logevery=100
nbody=2
impulse_scheme=1
energy_projection=0
impulse_pair_metric_correction=0
