cex1=-4.0
cey1=0.0
cez1=0.0
oriw1=0.044903787028929054
orii1=0.7098621223013563
orij1=0.6998774293902572
orik1=0.06519970139778544
lvx1=-1.8909169770792364
lvy1=-4.711723356993299
lvz1=2.411227293183972
avx1=1.7874108224288563
avy1=-2.1469321569545357
avz1=5.627989203050782
shx1=1.0006000899999998
shy1=0.9997000899730081
shz1=0.9997000899730081
req1=1.0
rhos1=1.0
cex2=4.0
cey2=0.0
cez2=0.0
oriw2=0.1176366267970199
orii2=0.11142182422023597
orij2=0.6207391134387797
orik2=-0.7670917508163487
lvx2=-1.8903631980514741
lvy2=-4.7103434690281745
lvz2=2.410521134678697
avx2=5.3745561903350145
avy2=-2.661515043806723
avz2=-1.8732060839319058
shx2=1.0006000899999998
shy2=0.9997000899730081
shz2=0.9997000899730081
req2=1.0
rhos2=1.0
rhof=1.0
ndiv=2
tend=100.0
dt=0.05
tprint=1
logevery=100
nbody=2
impulse_scheme=1
energy_projection=0
impulse_pair_metric_correction=0
