cex1=-4.0
cey1=0.0
cez1=0.0
oriw1=-0.2252362202032115
orii1=-0.4659168432366444
orij1=0.7233853057909607
orik1=-0.45705999569278505
lvx1=1.1936456867622978
lvy1=4.019260253294485
lvz1=3.7421238721141856
avx1=-6.156965796162507
avy1=1.0029153361476986
avz1=0.7512327320891808
shx1=1.0
shy1=1.0
shz1=1.0
req1=1.0
rhos1=1.0
cex2=4.0
cey2=0.0
cez2=0.0
oriw2=-0.26348494709662157
orii2=0.2430123424728037
orij2=0.8262487986698731
orik2=-0.4345498898354054
lvx2=1.1936456867622975
lvy2=4.019260253294484
lvz2=3.742123872114185
avx2=-3.9025482280288473
avy2=2.9968601213281634
avz2=3.9073474820470326
shx2=1.0
shy2=1.0
shz2=1.0
req2=1.0
rhos2=1.0
rhof=1.0
ndiv=2
tend=100.0
dt=0.05
tprint=1
logevery=100
nbody=2
impulse_scheme=1
energy_projection=0
impulse_pair_metric_correction=0
