cex1=-4.0
cey1=0.0
cez1=0.0
oriw1=-0.5454130707470709
orii1=0.40476612521798816
orij1=-0.3486787009419488
orik1=-0.6458421863301448
lvx1=1.0812725773437335
lvy1=-5.319584209591589
lvz1=-3.1223053172153583
avx1=2.01916456140254
avy1=4.726664665329809
avz1=-3.613866796086454
shx1=1.3
shy1=1.3
shz1=0.5917159763313609
req1=1.0
rhos1=1.0
cex2=4.0
cey2=0.0
cez2=0.0
oriw2=-0.14170493841050658
orii2=-0.2784889456524894
orij2=0.8075762683377472
orik2=0.5001841544842441
lvx2=0.9703510117839456
lvy2=-4.773878509642585
lvz2=-2.8020058837533734
avx2=-3.4498044408781205
avy2=-3.32251339259111
avz2=-4.066715096992627
shx2=1.0
shy2=1.0
shz2=1.0
req2=1.0
rhos2=1.0
rhof=1.0
ndiv=2
tend=100.0
dt=0.05
tprint=1
logevery=100
nbody=2
impulse_scheme=1
energy_projection=0
impulse_pair_metric_correction=0
