cex1=-4.0
cey1=0.0
cez1=0.0
oriw1=-0.13600235161010707
orii1=-0.3403758742037643
orij1=0.2300869912154176
orik1=-0.9015029678764127
lvx1=0.7418823181686047
lvy1=-5.564210242839099
lvz1=-0.08591473056464473
avx1=-5.759570956762977
avy1=0.42261425003653147
avz1=2.4753095147952497
shx1=1.003
shy1=1.0
shz1=0.9970089730807579
req1=1.0
rhos1=1.0
cex2=4.0
cey2=0.0
cez2=0.0
oriw2=-0.42733925867891515
orii2=0.4342951655182982
orij2=-0.6721538499583612
orik2=0.42068761472777166
lvx2=0.7429347223297945
lvy2=-5.572103405770592
lvz2=-0.08603660571618754
avx2=3.119138152933517
avy2=-3.1230984641426645
avz2=-4.471649669925144
shx2=1.003
shy2=1.0
shz2=0.9970089730807579
req2=1.0
rhos2=1.0
rhof=1.0
ndiv=2
tend=100.0
dt=0.05
tprint=1
logevery=100
nbody=2
impulse_scheme=1
energy_projection=0
impulse_pair_metric_correction=0
