cex1=-1.5
cey1=0.0
cez1=0.0
oriw1=1.0
orii1=2.0
orij1=0.0
orik1=0.0
lvx1=0.37063253317448897
lvy1=-1.7256075702308116
lvz1=-0.928185484051103
avx1=-4.030854483206352
avy1=-4.467701312897666
avz1=-1.8083900901921472
shx1=1.0
shy1=0.8
shz1=0.6
req1=1.0
rhos1=0.03
cex2=1.5
cey2=0.0
cez2=0.0
oriw2=1.0
orii2=0.0
orij2=1.0
orik2=0.0
lvx2=0.3887970514735567
lvy2=-1.8101787491772388
lvz2=-0.9736753984565333
avx2=4.132772149251773
avy2=-0.7563343142709835
avz2=4.671891519693341
shx2=1.0
shy2=0.8
shz2=0.6
req2=1.0
rhos2=0.03
rhof=1.0
ndiv=2
tend=100.0
dt=0.05
tprint=1
logevery=100
nbody=2
impulse_scheme=1
energy_projection=1
