cex1=-2.5
cey1=0.0
cez1=0.0
oriw1=-0.3281655759032655
orii1=0.5474981153032458
orij1=0.3264274330006653
orik1=-0.6971357826966481
lvx1=1.0113526764460574
lvy1=-0.7507972456986979
lvz1=-0.4303537774790982
avx1=0.036858743392786865
avy1=-4.227905967850671
avz1=4.647781208749571
shx1=1.0
shy1=0.8
shz1=0.6
req1=1.0
rhos1=4.0
cex2=2.5
cey2=0.0
cez2=0.0
oriw2=0.890223240543588
orii2=-0.31980470826965124
orij2=0.2356248832529436
orik2=-0.22295390769545373
lvx2=0.9535833418988585
lvy2=-0.7079110614090606
lvz2=-0.4057715996455412
avx2=1.3185603459562647
avy2=6.130413751913369
avz2=-0.3972951658157779
shx2=1.0
shy2=0.8
shz2=0.6
req2=1.0
rhos2=4.0
rhof=1.0
ndiv=2
tend=100.0
dt=0.05
tprint=1
logevery=100
nbody=2
impulse_scheme=1
energy_projection=0
impulse_pair_metric_correction=0
