cex1=-5.5
cey1=0.0
cez1=0.0
oriw1=-0.45705570656259087
orii1=0.15044057601178426
orij1=-0.7533543862536503
orik1=0.44824645330465174
lvx1=0.5902050197709743
lvy1=-0.8856993112156851
lvz1=-0.5990706077256456
avx1=-4.649636774139743
avy1=1.4785485424889284
avz1=-3.958937948544871
shx1=1.0
shy1=0.8
shz1=0.6
req1=1.0
rhos1=0.3
cex2=5.5
cey2=0.0
cez2=0.0
oriw2=-0.7307036293878039
orii2=-0.36720596688763857
orij2=0.5079875499999109
orik2=0.2705191914203013
lvx2=0.6116594864303061
lvy2=-0.9178952528056834
lvz2=-0.6208473462308907
avx2=1.0000920645991864
avy2=6.001530652715769
avz2=-1.568395132355429
shx2=1.0
shy2=0.8
shz2=0.6
req2=1.0
rhos2=0.3
rhof=1.0
ndiv=2
tend=100.0
dt=0.05
tprint=1
logevery=100
nbody=2
impulse_scheme=1
energy_projection=0
impulse_pair_metric_correction=0
