cex1=-2.5
cey1=0.0
cez1=0.0
oriw1=0.034861896256417176
orii1=-0.3089411603184168
orij1=0.2745134235165014
orik1=0.909935375705202
lvx1=-4.620608309665465
lvy1=3.0198790405938802
lvz1=1.5730135019970337
avx1=2.22038263648025
avy1=2.9214591659177622
avz1=5.100332821870504
shx1=1.0
shy1=0.7
shz1=0.7
req1=1.0
rhos1=4.0
cex2=2.5
cey2=0.0
cez2=0.0
oriw2=0.6511615235395759
orii2=0.4746958082839644
orij2=-0.5840325651515214
orik2=-0.09776769763979351
lvx2=-4.712301037263451
lvy2=3.079806419780906
lvz2=1.6042288504707096
avx2=0.7103871985433327
avy2=5.360408214406569
avz2=-3.1999674072442943
shx2=1.0
shy2=0.7
shz2=0.7
req2=1.0
rhos2=4.0
rhof=1.0
ndiv=2
tend=100.0
dt=0.05
tprint=1
logevery=100
nbody=2
impulse_scheme=1
energy_projection=0
impulse_pair_metric_correction=0
