cex1=-1.5
cey1=0.0
cez1=0.0
oriw1=-0.4490185525947897
orii1=-0.8044235772443427
orij1=0.38718788308864477
orik1=-0.03702149360073157
lvx1=-7.244388550166531
lvy1=-3.818197648481752
lvz1=-2.320720787333122
avx1=-5.225934630868029
avy1=3.192284621864689
avz1=-1.4061805471766025
shx1=1.0
shy1=0.8
shz1=0.6
req1=1.0
rhos1=0.03
cex2=1.5
cey2=0.0
cez2=0.0
oriw2=-0.6224473808774328
orii2=0.30321225023932025
orij2=0.7187783098323842
orik2=0.06308193606836314
lvx2=-7.551648797868063
lvy2=-3.9801409715271383
lvz2=-2.4191507982338596
avx2=-4.792131890336101
avy2=2.526616103630302
avz2=3.182781898725895
shx2=1.0
shy2=0.8
shz2=0.6
req2=1.0
rhos2=0.03
rhof=1.0
ndiv=2
tend=100.0
dt=0.05
tprint=1
logevery=100
nbody=2
impulse_scheme=1
energy_projection=0
impulse_pair_metric_correction=0
