cex1=-4.0
cey1=0.0
cez1=0.0
oriw1=0.3941975836992675
orii1=-0.20791269079262045
orij1=-0.8932951334951984
orik1=0.05834708636107463
lvx1=5.491887656540427
lvy1=1.4815898857957754
lvz1=-6.233669303342406
avx1=-1.8992908448476498
avy1=-2.787654350611453
avz1=5.300952283557396
shx1=2.0
shy1=1.0
shz1=0.5
req1=1.0
rhos1=1.0
cex2=4.0
cey2=0.0
cez2=0.0
oriw2=-0.43044759458542126
orii2=0.351418080714468
orij2=-0.4520059380861538
orik2=0.6977899632392548
lvx2=5.148691550647753
lvy2=1.3890031631359403
lvz2=-5.844118175547216
avx2=2.6492678114790715
avy2=-4.4109082899223395
avz2=3.6060623573799595
shx2=2.0
shy2=1.0
shz2=0.5
req2=1.0
rhos2=1.0
rhof=1.0
ndiv=2
tend=100.0
dt=0.05
tprint=1
logevery=100
nbody=2
impulse_scheme=1
energy_projection=0
impulse_pair_metric_correction=0
