cex1=-5.5
cey1=0.0
cez1=0.0
oriw1=0.5806341345523004
orii1=0.1543540972598249
orij1=-0.2528210915164875
orik1=0.7583668704105009
lvx1=-0.06153502606795586
lvy1=-1.0214752537417675
lvz1=0.3766014164680343
avx1=5.9699879806583285
avy1=1.9351119665965124
avz1=-0.3049635910850717
shx1=1.0
shy1=0.7
shz1=0.7
req1=1.0
rhos1=0.3
cex2=5.5
cey2=0.0
cez2=0.0
oriw2=0.48600765901078
orii2=-0.6273333253622695
orij2=-0.2580220478984718
orik2=-0.5510663091417012
lvx2=-0.07037401342154247
lvy2=-1.1682015562520522
lvz2=0.43069703274075094
avx2=3.331729120224869
avy2=-5.114265210011636
avz2=-1.4907347300803342
shx2=1.0
shy2=0.7
shz2=0.7
req2=1.0
rhos2=0.3
rhof=1.0
ndiv=2
tend=100.0
dt=0.05
tprint=1
logevery=100
nbody=2
impulse_scheme=1
energy_projection=0
impulse_pair_metric_correction=0
