cex1=-4.0
cey1=0.0
cez1=0.0
oriw1=-0.525175207634073
orii1=0.7343144730556401
orij1=-0.38387299212102705
orik1=0.19394530638191781
lvx1=3.275649833550653
lvy1=-0.20094087009778852
lvz1=1.2532025614220077
avx1=-1.48366428176054
avy1=-4.853085033016867
avz1=3.704689402054252
shx1=1.0
shy1=0.8
shz1=0.6
req1=1.0
rhos1=0.03
cex2=4.0
cey2=0.0
cez2=0.0
oriw2=0.20007183964976455
orii2=0.48446662097479404
orij2=0.36676686083569776
orik2=-0.7685996499694442
lvx2=3.3989535883156203
lvy2=-0.2085047932970946
lvz2=1.3003762793578195
avx2=2.125778258871127
avy2=-1.6466546157411486
avz2=-5.678733395302745
shx2=1.0
shy2=0.8
shz2=0.6
req2=1.0
rhos2=0.03
rhof=1.0
ndiv=2
tend=100.0
dt=0.05
tprint=1
logevery=100
nbody=2
impulse_scheme=1
energy_projection=0
impulse_pair_metric_correction=0
