cex1=-4.0
cey1=0.0
cez1=0.0
oriw1=-0.44978896953687636
orii1=-0.6906005929422011
orij1=0.32218816920330234
orik1=-0.4657848081853459
lvx1=-0.01889425235693494
lvy1=-4.94367890503924
lvz1=2.7121034180913837
avx1=2.2018394236186234
avy1=5.79184889868595
avz1=1.0415407297588448
shx1=1.0201
shy1=0.9900990099009901
shz1=0.9900990099009901
req1=1.0
rhos1=1.0
cex2=4.0
cey2=0.0
cez2=0.0
oriw2=-0.5518519620638461
orii2=0.42360393120882545
orij2=-0.09405061021923514
orik2=-0.712161220615179
lvx2=-0.018925470733833185
lvy2=-4.951847189679769
lvz2=2.716584540979632
avx2=0.6992267783577011
avy2=-4.589587131411309
avz2=4.233815003040243
shx2=1.0201
shy2=0.9900990099009901
shz2=0.9900990099009901
req2=1.0
rhos2=1.0
rhof=1.0
ndiv=2
tend=100.0
dt=0.05
tprint=1
logevery=100
nbody=2
impulse_scheme=1
energy_projection=0
impulse_pair_metric_correction=0
