cex1=-4.0
cey1=0.0
cez1=0.0
oriw1=0.030057444892661413
orii1=0.13658462203420074
orij1=-0.761257521508603
orik1=0.6331888951781119
lvx1=5.048513382308709
lvy1=1.948531428875836
lvz1=-0.9290264810571003
avx1=2.8910442967312537
avy1=-5.469453999620777
avz1=1.0978858887550287
shx1=1.1
shy1=1.1
shz1=0.8264462809917354
req1=1.0
rhos1=1.0
cex2=4.0
cey2=0.0
cez2=0.0
oriw2=0.4723613183329201
orii2=0.8664895708248601
orij2=-0.05329888513870014
orik2=0.15241337683257095
lvx2=5.454858659178757
lvy2=2.10536503176003
lvz2=-1.0038020623178396
avx2=-3.330223854097905
avy2=-1.7982537399181255
avz2=5.015407278858338
shx2=1.1
shy2=1.1
shz2=0.8264462809917354
req2=1.0
rhos2=1.0
rhof=1.0
ndiv=2
tend=100.0
dt=0.05
tprint=1
logevery=100
nbody=2
impulse_scheme=1
energy_projection=0
impulse_pair_metric_correction=0
