cex1=-1.5
cey1=0.0
cez1=0.0
oriw1=-0.2695345569649483
orii1=0.6060653937871237
orij1=0.6950015306729791
orik1=-0.27750447459020183
lvx1=0.3963725795490453
lvy1=-0.10555667940209316
lvz1=-0.5595042760757157
avx1=5.230270931853999
avy1=-1.682672583718849
avz1=-3.0481628171345205
shx1=1.0
shy1=0.7
shz1=0.7
req1=1.0
rhos1=10.0
cex2=1.5
cey2=0.0
cez2=0.0
oriw2=-0.15767882746999487
orii2=0.21994013685973468
orij2=0.8452462379086592
orik2=-0.4607846795055875
lvx2=0.4039626282279135
lvy2=-0.1075779603291267
lvz2=-0.5702180966338408
avx2=4.894275543803433
avy2=-3.9399065345463513
avz2=0.04026170294471653
shx2=1.0
shy2=0.7
shz2=0.7
req2=1.0
rhos2=10.0
rhof=1.0
ndiv=2
tend=100.0
dt=0.05
tprint=1
logevery=100
nbody=2
impulse_scheme=1
energy_projection=0
impulse_pair_metric_correction=0
