cex1=-5.5
cey1=0.0
cez1=0.0
oriw1=-0.06834767101729779
orii1=0.3712065531010819
orij1=-0.22251184140851604
orik1=0.8989008684133731
lvx1=-1.5721575466549704
lvy1=-1.0448475813996916
lvz1=0.9238349770975376
avx1=-2.771852069636128
avy1=2.456596430874842
avz1=-5.075469208282554
shx1=1.0
shy1=0.7
shz1=0.7
req1=1.0
rhos1=0.1
cex2=5.5
cey2=0.0
cez2=0.0
oriw2=0.30404540100422545
orii2=-0.12472134144361735
orij2=0.9376018318746258
orik2=-0.11359483254985851
lvx2=-1.6272915863528994
lvy2=-1.0814893722645724
lvz2=0.956232973347979
avx2=0.0001983762897279472
avy2=-2.309260581257899
avz2=-5.843435045660447
shx2=1.0
shy2=0.7
shz2=0.7
req2=1.0
rhos2=0.1
rhof=1.0
ndiv=2
tend=100.0
dt=0.05
tprint=1
logevery=100
nbody=2
impulse_scheme=1
energy_projection=0
impulse_pair_metric_correction=0
