cex1=-4.0
cey1=0.0
cez1=0.0
oriw1=0.3714308535837509
orii1=0.10951927226693098
orij1=0.9213369151127212
orik1=0.03439387821607875
lvx1=-3.1739232589236956
lvy1=2.392277397005036
lvz1=-4.123870160058147
avx1=-3.1867040541557623
avy1=-0.19751117898472545
avz1=5.411499257115419
shx1=1.03
shy1=1.03
shz1=0.9425959091337544
req1=1.0
rhos1=1.0
cex2=4.0
cey2=0.0
cez2=0.0
oriw2=-0.6659538331195537
orii2=-0.30673614909143565
orij2=-0.4988101274078518
orik2=-0.46217624753906694
lvx2=-3.114325046169822
lvy2=2.3473565071025697
lvz2=-4.046434358648179
avx2=-0.26617736075954285
avy2=2.903192587683286
avz2=5.565881782413038
shx2=1.0
shy2=1.0
shz2=1.0
req2=1.0
rhos2=1.0
rhof=1.0
ndiv=2
tend=100.0
dt=0.05
tprint=1
logevery=100
nbody=2
impulse_scheme=1
energy_projection=0
impulse_pair_metric_correction=0
