cex1=-4.0
cey1=0.0
cez1=0.0
oriw1=-0.3825681749843618
orii1=0.666818221834346
orij1=0.25871120257562297
orik1=0.5848620043913697
lvx1=1.4966703848026437
lvy1=3.69387235237269
lvz1=-3.9620725494515243
avx1=4.892257042099711
avy1=3.9061726583268883
avz1=0.5348399776780589
shx1=1.0
shy1=1.0
shz1=1.0
req1=1.0
rhos1=1.0
cex2=4.0
cey2=0.0
cez2=0.0
oriw2=0.7887049822558002
orii2=-0.3955876343867079
orij2=0.3323278926350034
orik2=-0.3331862035888999
lvx2=2.653039763088832
lvy2=6.547861392948915
lvz2=-7.023280559749784
avx2=3.989983847625262
avy2=1.1317645214426435
avz2=-4.719910546615332
shx2=2.0
shy2=2.0
shz2=0.25
req2=1.0
rhos2=1.0
rhof=1.0
ndiv=2
tend=100.0
dt=0.05
tprint=1
logevery=100
nbody=2
impulse_scheme=1
energy_projection=0
impulse_pair_metric_correction=0
