cex1=-4.0
cey1=0.0
cez1=0.0
oriw1=0.6717832625767596
orii1=0.62533140961984
orij1=0.34633582032937743
orik1=-0.19421476725873763
lvx1=-0.1479951934470864
lvy1=1.3143539999058158
lvz1=-5.4541295527551386
avx1=6.138853548778048
avy1=0.1378765837426989
avz1=1.3318726510699335
shx1=1.003
shy1=1.0
shz1=0.9970089730807579
req1=1.0
rhos1=1.0
cex2=4.0
cey2=0.0
cez2=0.0
oriw2=0.8975238600482056
orii2=-0.085367324971131
orij2=-0.4326215709865091
orik2=-0.0013844813495803398
lvx2=-0.14817162440640674
lvy2=1.3159208936115416
lvz2=-5.460631637632606
avx2=4.665184110554206
avy2=-0.7124476496371793
avz2=4.148119232316793
shx2=1.003
shy2=1.0
shz2=0.9970089730807579
req2=1.0
rhos2=1.0
rhof=1.0
ndiv=2
tend=100.0
dt=0.05
tprint=1
logevery=100
nbody=2
impulse_scheme=1
energy_projection=0
impulse_pair_metric_correction=0
