cex1=-4.0
cey1=0.0
cez1=0.0
oriw1=-0.8551459143062367
orii1=0.10121066665330994
orij1=-0.34912613017765726
orik1=0.3695846471758757
lvx1=0.5907650835505147
lvy1=-2.3127278382044025
lvz1=-5.087732367758538
avx1=5.505542754052514
avy1=1.8524503211710193
avz1=-2.394962295162638
shx1=1.0
shy1=1.0
shz1=1.0
req1=1.0
rhos1=1.0
cex2=4.0
cey2=0.0
cez2=0.0
oriw2=-0.08848873840387837
orii2=-0.09465237479918495
orij2=-0.2568510400342922
orik2=0.9577255422895784
lvx2=0.9366788074887582
lvy2=-3.666911288182319
lvz2=-8.066778521189518
avx2=3.3410283539121863
avy2=-4.317077499341542
avz2=3.1110752172506597
shx2=2.0
shy2=2.0
shz2=0.25
req2=1.0
rhos2=1.0
rhof=1.0
ndiv=2
tend=100.0
dt=0.05
tprint=1
logevery=100
nbody=2
impulse_scheme=1
energy_projection=0
impulse_pair_metric_correction=0
