cex1=-4.0
cey1=0.0
cez1=0.0
oriw1=0.7222286804456339
orii1=0.36171013851249506
orij1=-0.46339887340345515
orik1=-0.3644351697729494
lvx1=1.9527303316156794
lvy1=5.244426506387729
lvz1=-0.5153338282820881
avx1=6.143326666255937
avy1=1.0100995037527876
avz1=0.8471446562096289
shx1=1.0
shy1=1.0
shz1=1.0
req1=1.0
rhos1=1.0
cex2=4.0
cey2=0.0
cez2=0.0
oriw2=-0.45255148415192
orii2=-0.524564536590732
orij2=-0.7010226247565541
orik2=0.16910493997124051
lvx2=1.9527303316156792
lvy2=5.244426506387728
lvz2=-0.515333828282088
avx2=3.5744754253762787
avy2=-4.725332571631316
avz2=2.091118151903109
shx2=1.0
shy2=1.0
shz2=1.0
req2=1.0
rhos2=1.0
rhof=1.0
ndiv=2
tend=100.0
dt=0.05
tprint=1
logevery=100
nbody=2
impulse_scheme=1
energy_projection=0
impulse_pair_metric_correction=0
