cex1=-1.5
cey1=0.0
cez1=0.0
oriw1=-0.20699266166974953
orii1=-0.7297902479678049
orij1=0.07062810202749348
orik1=-0.6477437017755993
lvx1=4.9934188822165995
lvy1=-4.7865361888151075
lvz1=-6.34541420993145
avx1=3.7468540065755196
avy1=2.4960124783300204
avz1=4.382855731801726
shx1=1.0
shy1=0.8
shz1=0.6
req1=1.0
rhos1=0.03
cex2=1.5
cey2=0.0
cez2=0.0
oriw2=0.31391591666545277
orii2=0.6755002380488909
orij2=0.3355828214424048
orik2=0.5766631561082566
lvx2=4.394164464672044
lvy2=-4.212109523730071
lvz2=-5.5839083987539455
avx2=-5.800799904789546
avy2=-2.2204212416882587
avz2=0.9480862716074914
shx2=1.0
shy2=0.8
shz2=0.6
req2=1.0
rhos2=0.03
rhof=1.0
ndiv=2
tend=100.0
dt=0.05
tprint=1
logevery=100
nbody=2
impulse_scheme=1
energy_projection=0
impulse_pair_metric_correction=0
