cex1=-1.5
cey1=0.0
cez1=0.0
oriw1=0.08569669031640235
orii1=0.32801806037599307
orij1=0.6705118980718542
orik1=0.6599045566444177
lvx1=2.1220278442543195
lvy1=2.845672566399428
lvz1=0.9274557635211413
avx1=1.8620447864814726
avy1=-1.5044105387193634
avz1=5.809299075489633
shx1=1.0
shy1=0.8
shz1=0.6
req1=1.0
rhos1=1.0
cex2=1.5
cey2=0.0
cez2=0.0
oriw2=-0.23335287861428544
orii2=0.21973867660689345
orij2=0.6127678506803208
orik2=-0.7223412692198181
lvx2=2.077062211970319
lvy2=2.785372949423219
lvz2=0.907803036091062
avx2=-2.9115128579853815
avy2=-0.2846312799712078
avz2=5.560620065838448
shx2=1.0
shy2=0.8
shz2=0.6
req2=1.0
rhos2=1.0
rhof=1.0
ndiv=2
tend=100.0
dt=0.05
tprint=1
logevery=100
nbody=2
impulse_scheme=1
energy_projection=0
impulse_pair_metric_correction=0
