cex1=-4.0
cey1=0.0
cez1=0.0
oriw1=-0.7549421085860016
orii1=-0.4977829442786498
orij1=0.381113041371161
orik1=0.19242505753104
lvx1=2.9555776895166863
lvy1=-0.28552137176701997
lvz1=-0.044922259985152035
avx1=6.0900400569714
avy1=1.281048031323285
avz1=0.8653009015850786
shx1=1.0
shy1=0.8
shz1=0.6
req1=1.0
rhos1=1.0
cex2=4.0
cey2=0.0
cez2=0.0
oriw2=0.23751644518223947
orii2=-0.9036668419433942
orij2=-0.004617741822470348
orik2=0.3563016327502666
lvx2=3.415955169602989
lvy2=-0.32999579384400485
lvz2=-0.05191960501353731
avx2=2.979514828121211
avy2=4.182733854144329
avz2=-3.6201721642427698
shx2=1.0
shy2=0.8
shz2=0.6
req2=1.0
rhos2=1.0
rhof=1.0
ndiv=2
tend=100.0
dt=0.05
tprint=1
logevery=100
nbody=2
impulse_scheme=1
energy_projection=0
impulse_pair_metric_correction=0
