cex1=-2.5
cey1=0.0
cez1=0.0
oriw1=0.36995023700277097
orii1=-0.2650235134941332
orij1=-0.8539418569870507
orik1=-0.2523542437176871
lvx1=-0.13224024735521786
lvy1=-0.7170147197654041
lvz1=-0.2647783347785102
avx1=-2.3119121960871354
avy1=5.689975097141636
avz1=-1.3257688319797778
shx1=1.0
shy1=0.7
shz1=0.7
req1=1.0
rhos1=0.3
cex2=2.5
cey2=0.0
cez2=0.0
oriw2=0.07763348006645492
orii2=0.9139319562976207
orij2=-0.0316067291940742
orik2=-0.39711766102809837
lvx2=-0.13501235279428794
lvy2=-0.7320452452242374
lvz2=-0.2703287891724423
avx2=0.8276919262067881
avy2=3.0196847630106447
avz2=-5.447462492912721
shx2=1.0
shy2=0.7
shz2=0.7
req2=1.0
rhos2=0.3
rhof=1.0
ndiv=2
tend=100.0
dt=0.05
tprint=1
logevery=100
nbody=2
impulse_scheme=1
energy_projection=0
impulse_pair_metric_correction=0
