cex1=-4.0
cey1=0.0
cez1=0.0
oriw1=0.1620983379902551
orii1=0.4150318264188444
orij1=0.5940782582420484
orik1=0.6697340777982924
lvx1=-2.063240243249212
lvy1=-3.1655131734733954
lvz1=4.160172689948597
avx1=1.7428524741388507
avy1=3.420363505954307
avz1=-4.974132722885617
shx1=1.0001
shy1=1.0
shz1=0.9999000099990001
req1=1.0
rhos1=1.0
cex2=4.0
cey2=0.0
cez2=0.0
oriw2=-0.447370164459232
orii2=-0.5230445129047774
orij2=0.5490626087970047
orik2=-0.4741462064521356
lvx2=-2.0631885925688476
lvy2=-3.165433928746735
lvz2=4.16006854514502
avx2=-2.0614240608392485
avy2=-5.389290475443142
avz2=-2.486864816802131
shx2=1.0001
shy2=1.0
shz2=0.9999000099990001
req2=1.0
rhos2=1.0
rhof=1.0
ndiv=2
tend=100.0
dt=0.05
tprint=1
logevery=100
nbody=2
impulse_scheme=1
energy_projection=0
impulse_pair_metric_correction=0
