cex1=-4.0
cey1=0.0
cez1=0.0
oriw1=-0.5669541685280782
orii1=-0.5840876310013822
orij1=-0.12418073414588852
orik1=0.5674361244817049
lvx1=4.782102679320678
lvy1=1.6540368850461922
lvz1=-2.5386015549434364
avx1=-1.730237760209318
avy1=-5.868439817651719
avz1=1.430422666243488
shx1=1.1
shy1=1.0
shz1=0.9090909090909091
req1=1.0
rhos1=1.0
cex2=4.0
cey2=0.0
cez2=0.0
oriw2=-0.5705178322440272
orii2=-0.004664262906885365
orij2=-0.7691230309907418
orik2=-0.28798856043726123
lvx2=6.7367519459171685
lvy2=2.3301122855723797
lvz2=-3.5762362525438203
avx2=3.1831770666345682
avy2=0.7192474636492052
avz2=5.36921637232505
shx2=2.0
shy2=1.0
shz2=0.5
req2=1.0
rhos2=1.0
rhof=1.0
ndiv=2
tend=100.0
dt=0.05
tprint=1
logevery=100
nbody=2
impulse_scheme=1
energy_projection=0
impulse_pair_metric_correction=0
