cex1=-4.0
cey1=0.0
cez1=0.0
oriw1=-0.33464084462840127
orii1=-0.3329710300682768
orij1=-0.7315034306833842
orik1=-0.49198427733018074
lvx1=-6.0645335592077085
lvy1=-7.937392128229577
lvz1=3.665179929758591
avx1=-4.770867436730358
avy1=3.3045641427337706
avz1=2.407716206711572
shx1=4.0
shy1=0.5
shz1=0.5
req1=1.0
rhos1=1.0
cex2=4.0
cey2=0.0
cez2=0.0
oriw2=-0.31177360179988467
orii2=-0.8630116290505403
orij2=-0.3814041085199731
orik2=-0.11197792348648167
lvx2=-8.601408482909493
lvy2=-11.257708662568984
lvz2=5.198373367288909
avx2=2.140553130615994
avy2=2.666834701036488
avz2=5.271095007369448
shx2=4.0
shy2=0.5
shz2=0.5
req2=1.0
rhos2=1.0
rhof=1.0
ndiv=2
tend=100.0
dt=0.05
tprint=1
logevery=100
nbody=2
impulse_scheme=1
energy_projection=0
impulse_pair_metric_correction=0
