cex1=-4.0
cey1=0.0
cez1=0.0
oriw1=0.6704383164115404
orii1=0.6416859984742627
orij1=-0.36640435351717865
orik1=0.0670775146603268
lvx1=3.3752671644470795
lvy1=-0.3533061508557415
lvz1=-4.481159900517154
avx1=2.6143032038653535
avy1=1.512156802543399
avz1=5.509738484459902
shx1=1.0020009999999997
shy1=0.9990009990009991
shz1=0.9990009990009991
req1=1.0
rhos1=1.0
cex2=4.0
cey2=0.0
cez2=0.0
oriw2=-0.23878906307922043
orii2=0.13378874240854735
orij2=0.7121338920835033
orik2=0.6464871812375623
lvx2=8.199594000626842
lvy2=-0.8582926487882531
lvz2=-10.886158056809471
avx2=-3.3364573252536935
avy2=-0.15454163589877845
avz2=-5.321896936609364
shx2=4.0
shy2=0.5
shz2=0.5
req2=1.0
rhos2=1.0
rhof=1.0
ndiv=2
tend=100.0
dt=0.05
tprint=1
logevery=100
nbody=2
impulse_scheme=1
energy_projection=0
impulse_pair_metric_correction=0
