cex1=-4.0
cey1=0.0
cez1=0.0
oriw1=-0.9376414901912208
orii1=0.1713510926426727
orij1=0.20380237817178964
orik1=-0.22345431204985022
lvx1=-0.02651840707819177
lvy1=-0.19129194097857843
lvz1=-0.7581702740305079
avx1=-0.524203446295514
avy1=-5.43800264230791
avz1=-3.103506986217614
shx1=1.0
shy1=0.8
shz1=0.6
req1=1.0
rhos1=0.1
cex2=4.0
cey2=0.0
cez2=0.0
oriw2=-0.24412132671218387
orii2=0.41349880039180376
orij2=-0.6198934388816754
orik2=-0.6206090914176757
lvx2=-0.02535045286775785
lvy2=-0.18286684111382284
lvz2=-0.7247780660759058
avx2=-4.328689405288026
avy2=2.1654953309087457
avz2=4.0064317801152
shx2=1.0
shy2=0.8
shz2=0.6
req2=1.0
rhos2=0.1
rhof=1.0
ndiv=2
tend=100.0
dt=0.05
tprint=1
logevery=100
nbody=2
impulse_scheme=1
energy_projection=0
impulse_pair_metric_correction=0
