cex1=-4.0
cey1=0.0
cez1=0.0
oriw1=-0.279924655470323
orii1=0.8278999109290905
orij1=-0.3600682256862353
orik1=0.3264579568559959
lvx1=-7.751590798649483
lvy1=-0.3965855877573125
lvz1=-1.6352991904830592
avx1=2.6589469501473046
avy1=4.255660310163282
avz1=-3.7812397497594272
shx1=2.0
shy1=1.0
shz1=0.5
req1=1.0
rhos1=1.0
cex2=4.0
cey2=0.0
cez2=0.0
oriw2=0.398486497790412
orii2=-0.27878750838997035
orij2=0.2846029840208248
orik2=0.826127821666167
lvx2=-5.491943049502631
lvy2=-0.2809778687745171
lvz2=-1.1585970230259603
avx2=-3.257479381264417
avy2=-4.771325983105356
avz2=2.470160733219263
shx2=1.0
shy2=1.0
shz2=1.0
req2=1.0
rhos2=1.0
rhof=1.0
ndiv=2
tend=100.0
dt=0.05
tprint=1
logevery=100
nbody=2
impulse_scheme=1
energy_projection=0
impulse_pair_metric_correction=0
