cex1=-1.5
cey1=0.0
cez1=0.0
oriw1=0.32965707310732345
orii1=0.022028454055912968
orij1=-0.7026238718689153
orik1=-0.6302068359214722
lvx1=0.07231994185793521
lvy1=-0.7208055178368948
lvz1=-0.12882098709354176
avx1=-4.0461806082672975
avy1=-4.180495524212382
avz1=-2.3728247431446268
shx1=1.0
shy1=0.7
shz1=0.7
req1=1.0
rhos1=4.0
cex2=1.5
cey2=0.0
cez2=0.0
oriw2=0.554983915622519
orii2=0.5179303884112979
orij2=-0.2793416085644501
orik2=-0.5879704345331015
lvx2=0.07597343439741734
lvy2=-0.7572195070379343
lvz2=-0.13532882577791894
avx2=2.473791857250992
avy2=5.6745775506610086
avz2=1.0760767039994106
shx2=1.0
shy2=0.7
shz2=0.7
req2=1.0
rhos2=4.0
rhof=1.0
ndiv=2
tend=100.0
dt=0.05
tprint=1
logevery=100
nbody=2
impulse_scheme=1
energy_projection=0
impulse_pair_metric_correction=0
