cex1=-2.5
cey1=0.0
cez1=0.0
oriw1=-0.4588117843822913
orii1=-0.6854568843365839
orij1=-0.22485953532930764
orik1=0.5187280555348905
lvx1=7.316216017896208
lvy1=5.104952564729586
lvz1=-3.788331349192129
avx1=-0.8221901706741215
avy1=-4.900031441169057
avz1=3.846051586128166
shx1=1.0
shy1=0.8
shz1=0.6
req1=1.0
rhos1=0.03
cex2=2.5
cey2=0.0
cez2=0.0
oriw2=-0.26849238953851484
orii2=-0.42675875961049486
orij2=0.8244208973391007
orik2=-0.25713611548400206
lvx2=7.754065865787109
lvy2=5.410466056743706
lvz2=-4.0150496829519176
avx2=0.11994126747101652
avy2=-0.40990986162774035
avz2=6.268652614562017
shx2=1.0
shy2=0.8
shz2=0.6
req2=1.0
rhos2=0.03
rhof=1.0
ndiv=2
tend=100.0
dt=0.05
tprint=1
logevery=100
nbody=2
impulse_scheme=1
energy_projection=0
impulse_pair_metric_correction=0
