cex1=-4.0
cey1=0.0
cez1=0.0
oriw1=-0.29467721782385237
orii1=0.803668667018763
orij1=-0.49379085884907187
orik1=0.15314241301799608
lvx1=-8.587036157083025
lvy1=4.842968388930068
lvz1=1.333482700358237
avx1=1.7867968992048238
avy1=-3.765576282726376
avz1=-4.701724120396482
shx1=2.0
shy1=2.0
shz1=0.25
req1=1.0
rhos1=1.0
cex2=4.0
cey2=0.0
cez2=0.0
oriw2=-0.6247816044453192
orii2=-0.12378946336200831
orij2=-0.6871965126362691
orik2=-0.3494067379542485
lvx2=-7.686887556621442
lvy2=4.335297157829074
lvz2=1.1936984296844606
avx2=-5.431391597701791
avy2=0.5965272543397219
avz2=-3.102024847031651
shx2=2.0
shy2=2.0
shz2=0.25
req2=1.0
rhos2=1.0
rhof=1.0
ndiv=2
tend=100.0
dt=0.05
tprint=1
logevery=100
nbody=2
impulse_scheme=1
energy_projection=0
impulse_pair_metric_correction=0
