cex1=-4.0
cey1=0.0
cez1=0.0
oriw1=1.0
orii1=1.0
orij1=1.0
orik1=0.0
lvx1=-1.1213811934801754
lvy1=1.1544665463645174
lvz1=1.4556966277614425
avx1=0.7444414168201908
avy1=-3.181768008885137
avz1=5.366616896976651
shx1=1.0
shy1=0.7
shz1=0.7
req1=1.0
rhos1=0.03
cex2=4.0
cey2=0.0
cez2=0.0
oriw2=1.0
orii2=-1.0
orij2=0.0
orik2=1.0
lvx2=-1.1131768955033734
lvy2=1.1460201878865146
lvz2=1.4450463966291403
avx2=-1.4925262949479707
avy2=6.046203583367918
avz2=0.8331897093191128
shx2=1.0
shy2=0.7
shz2=0.7
req2=1.0
rhos2=0.03
rhof=1.0
ndiv=2
tend=100.0
dt=0.05
tprint=1
logevery=100
nbody=2
impulse_scheme=1
energy_projection=1
