cex1=-4.0
cey1=0.0
cez1=0.0
oriw1=0.419304719210748
orii1=0.2808550357489314
orij1=-0.7516554882732328
orik1=-0.4246387032416972
lvx1=0.782376420237101
lvy1=-5.590860346907769
lvz1=-0.19954666296232496
avx1=0.3598316019218245
avy1=0.9474517190721989
avz1=6.200909131945326
shx1=1.0201
shy1=0.9900990099009901
shz1=0.9900990099009901
req1=1.0
rhos1=1.0
cex2=4.0
cey2=0.0
cez2=0.0
oriw2=0.09312431764356535
orii2=-0.5636199658343344
orij2=0.37145893202471586
orik2=0.7319007155314043
lvx2=2.106992105535875
lvy2=-15.056561406232449
lvz2=-0.5373925295706514
avx2=1.9992644117531149
avy2=5.588125373325636
avz2=-2.0625746600424244
shx2=4.0
shy2=0.5
shz2=0.5
req2=1.0
rhos2=1.0
rhof=1.0
ndiv=2
tend=100.0
dt=0.05
tprint=1
logevery=100
nbody=2
impulse_scheme=1
energy_projection=0
impulse_pair_metric_correction=0
