cex1=-4.0
cey1=0.0
cez1=0.0
oriw1=-0.13624365489259063
orii1=0.6037819334766916
orij1=0.21978880201708365
orik1=0.754041063746897
lvx1=1.64374972063583
lvy1=-3.75113582423044
lvz1=-3.848618697398958
avx1=-2.520115644498509
avy1=3.371667555868522
avz1=-4.664685695244095
shx1=1.0001
shy1=1.0001
shz1=0.9998000299960006
req1=1.0
rhos1=1.0
cex2=4.0
cey2=0.0
cez2=0.0
oriw2=0.4881230583252165
orii2=0.7066561211459155
orij2=-0.34554497317925
orik2=0.3781159582572493
lvx2=1.643731862477479
lvy2=-3.751095070837935
lvz2=-3.8485768849251563
avx2=-0.9257847223112781
avy2=-4.440947196056204
avz2=4.347335765055767
shx2=1.0001
shy2=1.0001
shz2=0.9998000299960006
req2=1.0
rhos2=1.0
rhof=1.0
ndiv=2
tend=100.0
dt=0.05
tprint=1
logevery=100
nbody=2
impulse_scheme=1
energy_projection=0
impulse_pair_metric_correction=0
