cex1=-4.0
cey1=0.0
cez1=0.0
oriw1=0.8717845853419307
orii1=0.40418916576969444
orij1=0.2533321684896386
orik1=-0.11155970349070408
lvx1=1.3563821646505154
lvy1=-1.2254471894682508
lvz1=-3.277543495651242
avx1=-6.204528935621548
avy1=0.975761540870976
avz1=0.17357334688675138
shx1=4.0
shy1=0.5
shz1=0.5
req1=1.0
rhos1=1.0
cex2=4.0
cey2=0.0
cez2=0.0
oriw2=0.06228872561290423
orii2=-0.1870816189133507
orij2=-0.9802953287244334
orik2=0.01190172287255678
lvx2=1.5719407399327998
lvy2=-1.4201973543773552
lvz2=-3.798416318046645
avx2=-6.142407749924296
avy2=-1.3160044874536667
avz2=0.1318211933991904
shx2=4.0
shy2=0.5
shz2=0.5
req2=1.0
rhos2=1.0
rhof=1.0
ndiv=2
tend=100.0
dt=0.05
tprint=1
logevery=100
nbody=2
impulse_scheme=1
energy_projection=0
impulse_pair_metric_correction=0
