cex1=-4.0
cey1=0.0
cez1=0.0
oriw1=0.31599997891007975
orii1=-0.9312665191011009
orij1=-0.049395934194095055
orik1=-0.17448990061101183
lvx1=-4.671967859873059
lvy1=9.115271102057019
lvz1=1.201478525310241
avx1=4.883576506766116
avy1=-2.931631387990313
avz1=2.6522887308642487
shx1=4.0
shy1=0.5
shz1=0.5
req1=1.0
rhos1=1.0
cex2=4.0
cey2=0.0
cez2=0.0
oriw2=0.16493959498617153
orii2=0.1907616434519233
orij2=0.23260661380169856
orik2=-0.9393077709723403
lvx2=-5.135338244954134
lvy2=10.01933268967105
lvz2=1.3206423516972603
avx2=-4.509371049848381
avy2=4.153769986375227
avz2=1.3748400777672616
shx2=4.0
shy2=0.5
shz2=0.5
req2=1.0
rhos2=1.0
rhof=1.0
ndiv=2
tend=100.0
dt=0.05
tprint=1
logevery=100
nbody=2
impulse_scheme=1
energy_projection=0
impulse_pair_metric_correction=0
