cex1=-4.0
cey1=0.0
cez1=0.0
oriw1=0.22824877855254666
orii1=-0.932921904973078
orij1=-0.14256503547965654
orik1=-0.23923717305084086
lvx1=0.6549080231122314
lvy1=0.9532322328989387
lvz1=-0.4830655839628503
avx1=-3.169222739846326
avy1=-4.956418637642411
avz1=2.2064358404515922
shx1=1.0
shy1=0.7
shz1=0.7
req1=1.0
rhos1=1.0
cex2=4.0
cey2=0.0
cez2=0.0
oriw2=0.5524677510708955
orii2=-0.7462055029989868
orij2=0.06600497860946167
orik2=-0.3655134390408383
lvx2=0.6692226252873993
lvy2=0.9740674337408085
lvz2=-0.4936241531281549
avx2=-2.321791652361808
avy2=5.799958912050567
avz2=0.6694607874294511
shx2=1.0
shy2=0.7
shz2=0.7
req2=1.0
rhos2=1.0
rhof=1.0
ndiv=2
tend=100.0
dt=0.05
tprint=1
logevery=100
nbody=2
impulse_scheme=1
energy_projection=0
impulse_pair_metric_correction=0
