cex1=-4.0
cey1=0.0
cez1=0.0
oriw1=0.7159482817640199
orii1=0.2833265828596919
orij1=-0.199950183296591
orik1=-0.6059406154763496
lvx1=-4.881265668306533
lvy1=-2.749877784176334
lvz1=-0.3539642765789362
avx1=5.934573750605127
avy1=-0.9298326423775847
avz1=1.8424611963770516
shx1=1.003
shy1=1.003
shz1=0.9940268924035474
req1=1.0
rhos1=1.0
cex2=4.0
cey2=0.0
cez2=0.0
oriw2=-0.5100745959759678
orii2=0.8187359633206349
orij2=0.17328365322712663
orik2=0.19866581092288124
lvx2=-4.886595789468771
lvy2=-2.7528805262450917
lvz2=-0.35435078954698046
avx2=-4.3132979355568235
avy2=-2.578189034338382
avz2=-3.771845679066946
shx2=1.0
shy2=1.0
shz2=1.0
req2=1.0
rhos2=1.0
rhof=1.0
ndiv=2
tend=100.0
dt=0.05
tprint=1
logevery=100
nbody=2
impulse_scheme=1
energy_projection=0
impulse_pair_metric_correction=0
