cex1=-1.5
cey1=0.0
cez1=0.0
oriw1=-0.7202721334511745
orii1=-0.10681488127142788
orij1=-0.08723006853360432
orik1=0.6798452397835019
lvx1=1.7690308877387093
lvy1=0.9693626339421217
lvz1=0.46387715456707757
avx1=3.0946760742663595
avy1=-4.661974317224779
avz1=2.857865123699393
shx1=1.0
shy1=0.8
shz1=0.6
req1=1.0
rhos1=10.0
cex2=1.5
cey2=0.0
cez2=0.0
oriw2=-0.5990085226527497
orii2=0.6421932079926012
orij2=0.4560944562506361
orik2=0.14406429250504243
lvx2=1.7016774896566016
lvy2=0.9324554957896151
lvz2=0.44621567512694776
avx2=4.80125686194434
avy2=2.2243310447667186
avz2=-3.3880232515844413
shx2=1.0
shy2=0.8
shz2=0.6
req2=1.0
rhos2=10.0
rhof=1.0
ndiv=2
tend=100.0
dt=0.05
tprint=1
logevery=100
nbody=2
impulse_scheme=1
energy_projection=0
impulse_pair_metric_correction=0
