cex1=-4.0
cey1=0.0
cez1=0.0
oriw1=0.6410051244318333
orii1=0.13345167106999112
orij1=-0.7332359287755916
orik1=0.1834888407869876
lvx1=3.3069593674091076
lvy1=4.1043554510365166
lvz1=-1.941727556224813
avx1=-0.6527586809817516
avy1=-6.225935185235675
avz1=-0.5385673384125921
shx1=1.001
shy1=1.001
shz1=0.9980029960049943
req1=1.0
rhos1=1.0
cex2=4.0
cey2=0.0
cez2=0.0
oriw2=0.07425306672243508
orii2=0.0920515477953301
orij2=-0.20822062884888745
orik2=0.970905332332958
lvx2=3.308568552597723
lvy2=4.106352653683066
lvz2=-1.9426724118691239
avx2=-3.3350554679268063
avy2=4.682339152712745
avz2=-2.5360446938455623
shx2=1.0
shy2=1.0
shz2=1.0
req2=1.0
rhos2=1.0
rhof=1.0
ndiv=2
tend=100.0
dt=0.05
tprint=1
logevery=100
nbody=2
impulse_scheme=1
energy_projection=0
impulse_pair_metric_correction=0
