cex1=-4.0
cey1=0.0
cez1=0.0
oriw1=-0.1183996609287655
orii1=-0.5912375288942642
orij1=0.7716984287219429
orik1=-0.20224054941341932
lvx1=2.489266374117477
lvy1=-4.1682165240444276
lvz1=2.8354820479864413
avx1=2.3376315834616204
avy1=4.140978120743365
avz1=4.10684749995479
shx1=1.003
shy1=1.003
shz1=0.9940268924035474
req1=1.0
rhos1=1.0
cex2=4.0
cey2=0.0
cez2=0.0
oriw2=-0.9520687994946686
orii2=-0.20072244277638002
orij2=-0.06357614992932555
orik2=0.2218864014644144
lvx2=2.48586713343764
lvy2=-4.162524577486107
lvz2=2.831610029296645
avx2=-5.6057343290646084
avy2=-1.795581789627139
avz2=-2.197736625044819
shx2=1.003
shy2=1.003
shz2=0.9940268924035474
req2=1.0
rhos2=1.0
rhof=1.0
ndiv=2
tend=100.0
dt=0.05
tprint=1
logevery=100
nbody=2
impulse_scheme=1
energy_projection=0
impulse_pair_metric_correction=0
