cex1=-5.5
cey1=0.0
cez1=0.0
oriw1=0.36900701320668866
orii1=-0.19113117719492417
orij1=-0.8891368810503405
orik1=-0.19167238732909353
lvx1=-3.819975641420784
lvy1=-7.084715152665869
lvz1=-2.4864920734715907
avx1=-5.375281081217522
avy1=3.131570140844124
avz1=-0.8820653917006026
shx1=1.0
shy1=0.8
shz1=0.6
req1=1.0
rhos1=4.0
cex2=5.5
cey2=0.0
cez2=0.0
oriw2=-0.703481812705116
orii2=-0.6830698792323767
orij2=-0.19430568388524233
orik2=-0.027824099059604406
lvx2=-4.659864555097259
lvy2=-8.642414539216574
lvz2=-3.0331911423893385
avx2=0.01517032289874257
avy2=0.10368921389879607
avz2=6.282311359092418
shx2=1.0
shy2=0.8
shz2=0.6
req2=1.0
rhos2=4.0
rhof=1.0
ndiv=2
tend=100.0
dt=0.05
tprint=1
logevery=100
nbody=2
impulse_scheme=1
energy_projection=0
impulse_pair_metric_correction=0
