cex1=-4.0
cey1=0.0
cez1=0.0
oriw1=0.045751583071959964
orii1=-0.5955760085726659
orij1=-0.1646533244485169
orik1=0.7849110098648845
lvx1=3.7617336239706396
lvy1=2.6844546815826944
lvz1=3.1963158009775157
avx1=-1.070676149142815
avy1=-6.1804396308691265
avz1=0.3663825285087228
shx1=1.0003
shy1=1.0003
shz1=0.9994002698920407
req1=1.0
rhos1=1.0
cex2=4.0
cey2=0.0
cez2=0.0
oriw2=0.6500771073561687
orii2=-0.12751393032445743
orij2=-0.748576621187526
orik2=-0.027802774611773513
lvx2=3.761857128874007
lvy2=2.684542817359755
lvz2=3.196420742133268
avx2=-5.6684171627004885
avy2=2.081442256874854
avz2=-1.7363935628928426
shx2=1.0003
shy2=1.0003
shz2=0.9994002698920407
req2=1.0
rhos2=1.0
rhof=1.0
ndiv=2
tend=100.0
dt=0.05
tprint=1
logevery=100
nbody=2
impulse_scheme=1
energy_projection=0
impulse_pair_metric_correction=0
