cex1=-1.5
cey1=0.0
cez1=0.0
oriw1=-0.2670929200551965
orii1=-0.7552161581429654
orij1=0.40893823007474767
orik1=-0.43712635532475114
lvx1=1.3496356043164206
lvy1=0.4912434882347732
lvz1=-2.978424448046299
avx1=4.19464471530716
avy1=-3.386690619772338
avz1=-3.2270264893008243
shx1=1.0
shy1=0.8
shz1=0.6
req1=1.0
rhos1=10.0
cex2=1.5
cey2=0.0
cez2=0.0
oriw2=-0.5491460182036121
orii2=0.5050002215718687
orij2=0.23025113769026417
orik2=-0.6248182459690343
lvx2=1.465344494881658
lvy2=0.5333594777946608
lvz2=-3.233774994085257
avx2=1.058972494058377
avy2=-4.12530779473307
avz2=4.619397196593924
shx2=1.0
shy2=0.8
shz2=0.6
req2=1.0
rhos2=10.0
rhof=1.0
ndiv=2
tend=100.0
dt=0.05
tprint=1
logevery=100
nbody=2
impulse_scheme=1
energy_projection=0
impulse_pair_metric_correction=0
