cex1=-4.0
cey1=0.0
cez1=0.0
oriw1=-0.22533155541325464
orii1=0.2718580167538771
orij1=0.39370459334109464
orik1=0.8487140873367282
lvx1=-0.7745642280298779
lvy1=-1.0577835223518912
lvz1=0.2715084582185625
avx1=1.2328594804571509
avy1=-3.448897325696437
avz1=-5.1052504681561235
shx1=1.0
shy1=0.8
shz1=0.6
req1=1.0
rhos1=4.0
cex2=4.0
cey2=0.0
cez2=0.0
oriw2=-0.49491565209140653
orii2=-0.2623007989454967
orij2=-0.02013293388794559
orik2=-0.8281614897835781
lvx2=-0.7126426127475733
lvy2=-0.9732202776876822
lvz2=0.2498030376900883
avx2=2.6497252132638858
avy2=5.696927529074452
avz2=0.048894038744341124
shx2=1.0
shy2=0.8
shz2=0.6
req2=1.0
rhos2=4.0
rhof=1.0
ndiv=2
tend=100.0
dt=0.05
tprint=1
logevery=100
nbody=2
impulse_scheme=1
energy_projection=0
impulse_pair_metric_correction=0
