cex1=-4.0
cey1=0.0
cez1=0.0
oriw1=1.0
orii1=2.0
orij1=0.0
orik1=0.0
lvx1=-0.7745642280298779
lvy1=-1.0577835223518912
lvz1=0.2715084582185625
avx1=1.2328594804571509
avy1=-3.448897325696437
avz1=-5.1052504681561235
shx1=1.0
shy1=0.8
shz1=0.6
req1=1.0
rhos1=4.0
cex2=4.0
cey2=0.0
cez2=0.0
oriw2=1.0
orii2=0.0
orij2=1.0
orik2=0.0
lvx2=-0.7126426127475733
lvy2=-0.9732202776876822
lvz2=0.2498030376900883
avx2=2.6497252132638858
avy2=5.696927529074452
avz2=0.048894038744341124
shx2=1.0
shy2=0.8
shz2=0.6
req2=1.0
rhos2=4.0
rhof=1.0
ndiv=2
tend=100.0
dt=0.05
tprint=1
logevery=100
nbody=2
impulse_scheme=1
energy_projection=0
impulse_pair_metric_correction=0
