cex1=-2.5
cey1=0.0
cez1=0.0
oriw1=-0.7126112557603419
orii1=-0.4321729088401037
orij1=0.4496431813631733
orik1=0.32129859084962775
lvx1=0.7070515413147503
lvy1=2.075088141246772
lvz1=2.7766930822912537
avx1=0.969992074406036
avy1=-6.19316394484782
avz1=-0.4269113868051681
shx1=1.0
shy1=0.7
shz1=0.7
req1=1.0
rhos1=1.0
cex2=2.5
cey2=0.0
cez2=0.0
oriw2=0.680363177824662
orii2=0.47446025303376166
orij2=0.011547073078003465
orik2=0.5584443389047804
lvx2=0.7091706367981028
lvy2=2.081307362407789
lvz2=2.785015074996903
avx2=0.5041182706959605
avy2=3.0742026724625453
avz2=5.4565153992389765
shx2=1.0
shy2=0.7
shz2=0.7
req2=1.0
rhos2=1.0
rhof=1.0
ndiv=2
tend=100.0
dt=0.05
tprint=1
logevery=100
nbody=2
impulse_scheme=1
energy_projection=0
impulse_pair_metric_correction=0
