cex1=-4.0
cey1=0.0
cez1=0.0
oriw1=-0.6569544250295645
orii1=0.6812204533085251
orij1=0.11863582667672617
orik1=0.30045818021304016
lvx1=-1.2807985905130628
lvy1=3.781872562619077
lvz1=3.9708320920301103
avx1=-2.8956082856794403
avy1=-0.6106342064105156
avz1=5.542652445014337
shx1=1.0201
shy1=0.9900990099009901
shz1=0.9900990099009901
req1=1.0
rhos1=1.0
cex2=4.0
cey2=0.0
cez2=0.0
oriw2=-0.5878877689653617
orii2=0.327386104395048
orij2=0.6529040749472347
orik2=0.347739239470124
lvx2=-1.2782154761740319
lvy2=3.774245282797528
lvz2=3.9628237186677553
avx2=4.660371199657777
avy2=-1.6538554805309849
avz2=3.876095965694785
shx2=1.0
shy2=1.0
shz2=1.0
req2=1.0
rhos2=1.0
rhof=1.0
ndiv=2
tend=100.0
dt=0.05
tprint=1
logevery=100
nbody=2
impulse_scheme=1
energy_projection=0
impulse_pair_metric_correction=0
