cex1=-2.5
cey1=0.0
cez1=0.0
oriw1=0.14509944737368247
orii1=-0.2536334338875527
orij1=0.9366149196449406
orik1=-0.1933099166746545
lvx1=4.957256355741851
lvy1=-2.044471627212334
lvz1=0.43331273218072386
avx1=-4.282822651309353
avy1=3.0012321981856767
avz1=3.4825928608383925
shx1=1.0
shy1=0.7
shz1=0.7
req1=1.0
rhos1=0.3
cex2=2.5
cey2=0.0
cez2=0.0
oriw2=0.7255517177914763
orii2=-0.6027337831020108
orij2=0.12360652834664862
orik2=-0.30823386846267475
lvx2=4.772777002059682
lvy2=-1.9683886536189257
lvz2=0.4171874307965488
avx2=5.042567334486566
avy2=1.5822325779134285
avz2=-3.3981571992649067
shx2=1.0
shy2=0.7
shz2=0.7
req2=1.0
rhos2=0.3
rhof=1.0
ndiv=2
tend=100.0
dt=0.05
tprint=1
logevery=100
nbody=2
impulse_scheme=1
energy_projection=0
impulse_pair_metric_correction=0
