cex1=-2.5
cey1=0.0
cez1=0.0
oriw1=0.07143677310744576
orii1=0.6065958081363702
orij1=0.790177087182102
orik1=-0.050581457984010314
lvx1=-0.6580664838838008
lvy1=0.8629570492678814
lvz1=0.1374751361971747
avx1=-5.927063065151573
avy1=1.2297303881906076
avz1=-1.6840736915093861
shx1=1.0
shy1=0.7
shz1=0.7
req1=1.0
rhos1=0.03
cex2=2.5
cey2=0.0
cez2=0.0
oriw2=0.48202161128993093
orii2=0.5896903008352482
orij2=0.6375307948244239
orik2=-0.11608187197332591
lvx2=-0.6955167390539309
lvy2=0.9120675304843221
lvz2=0.14529878176524416
avx2=-5.073559977478909
avy2=-3.4222712786410714
avz2=1.4231886925738455
shx2=1.0
shy2=0.7
shz2=0.7
req2=1.0
rhos2=0.03
rhof=1.0
ndiv=2
tend=100.0
dt=0.05
tprint=1
logevery=100
nbody=2
impulse_scheme=1
energy_projection=0
impulse_pair_metric_correction=0
