cex1=-4.0
cey1=0.0
cez1=0.0
oriw1=-0.6509279205298468
orii1=-0.529142924175923
orij1=0.42361086794319286
orik1=0.34183978795578746
lvx1=4.13555167988857
lvy1=3.7207403485364794
lvz1=2.920156120984926
avx1=-5.081108231251461
avy1=-0.345201725271241
avz1=3.6798902858014455
shx1=1.3
shy1=1.3
shz1=0.5917159763313609
req1=1.0
rhos1=1.0
cex2=4.0
cey2=0.0
cez2=0.0
oriw2=-0.40569774830745586
orii2=0.32951982217514264
orij2=-0.5074519211000407
orik2=-0.6850682970213996
lvx2=3.699156459814803
lvy2=3.328117204414467
lvz2=2.6120129101857055
avx2=1.7062934136470749
avy2=-5.316806965383445
avz2=-2.8807193691423896
shx2=1.0
shy2=1.0
shz2=1.0
req2=1.0
rhos2=1.0
rhof=1.0
ndiv=2
tend=100.0
dt=0.05
tprint=1
logevery=100
nbody=2
impulse_scheme=1
energy_projection=0
impulse_pair_metric_correction=0
