cex1=-4.0
cey1=0.0
cez1=0.0
oriw1=0.5492688076842107
orii1=0.0861926826005103
orij1=0.45953571164683843
orik1=-0.6926048859866114
lvx1=5.067033256153663
lvy1=-1.4134901773330881
lvz1=-1.9780364136913433
avx1=-0.0616805969055081
avy1=4.755493371665696
avz1=-4.106080357270963
shx1=1.0003
shy1=1.0003
shz1=0.9994002698920407
req1=1.0
rhos1=1.0
cex2=4.0
cey2=0.0
cez2=0.0
oriw2=0.24401662068852673
orii2=-0.8114269772402478
orij2=-0.5208273957666287
orik2=0.10383146562317948
lvx2=9.390694548540987
lvy2=-2.6196106936100843
lvz2=-3.6658799790406484
avx2=-3.362063830366125
avy2=0.16288224200049903
avz2=5.305507872027162
shx2=2.0
shy2=2.0
shz2=0.25
req2=1.0
rhos2=1.0
rhof=1.0
ndiv=2
tend=100.0
dt=0.05
tprint=1
logevery=100
nbody=2
impulse_scheme=1
energy_projection=0
impulse_pair_metric_correction=0
