cex1=-5.5
cey1=0.0
cez1=0.0
oriw1=-0.36341915642336126
orii1=-0.24152529445552537
orij1=-0.7745638369381354
orik1=-0.45786778811178447
lvx1=1.0783295034354767
lvy1=-0.3275374393706769
lvz1=-0.5005634125340646
avx1=4.550777617831585
avy1=-0.8826795588609945
avz1=4.241428706670604
shx1=1.0
shy1=0.8
shz1=0.6
req1=1.0
rhos1=10.0
cex2=5.5
cey2=0.0
cez2=0.0
oriw2=0.32677846196973964
orii2=0.6410058795512277
orij2=-0.62696289040286
orik2=0.29873873741304424
lvx2=0.9801182276181212
lvy2=-0.2977062331428407
lvz2=-0.4549734780883904
avx2=-5.765310547921599
avy2=1.9942989943369018
avz2=1.504122139843773
shx2=1.0
shy2=0.8
shz2=0.6
req2=1.0
rhos2=10.0
rhof=1.0
ndiv=2
tend=100.0
dt=0.05
tprint=1
logevery=100
nbody=2
impulse_scheme=1
energy_projection=0
impulse_pair_metric_correction=0
