cex1=-4.0
cey1=0.0
cez1=0.0
oriw1=0.3920710781301364
orii1=0.41183979779962343
orij1=-0.025490580088861323
orik1=0.8222034304045265
lvx1=4.552199708986293
lvy1=5.441409163813345
lvz1=-6.5764237752926045
avx1=-1.136991227414566
avy1=-5.365447088768408
avz1=3.0655580390471093
shx1=1.0
shy1=0.7
shz1=0.7
req1=1.0
rhos1=10.0
cex2=4.0
cey2=0.0
cez2=0.0
oriw2=-0.0546359738504662
orii2=-0.9931963255000449
orij2=0.009847755097792505
orik2=0.10236694336627386
lvx2=4.434493121989849
lvy2=5.300710217794066
lvz2=-6.406376666923465
avx2=-2.6672645295438766
avy2=1.615860271285502
avz2=-5.454641428863648
shx2=1.0
shy2=0.7
shz2=0.7
req2=1.0
rhos2=10.0
rhof=1.0
ndiv=2
tend=100.0
dt=0.05
tprint=1
logevery=100
nbody=2
impulse_scheme=1
energy_projection=0
impulse_pair_metric_correction=0
