cex1=-5.5
cey1=0.0
cez1=0.0
oriw1=0.25906855203602613
orii1=-0.2988019553922852
orij1=0.2184538457400194
orik1=0.8921203921450844
lvx1=-1.7676552886347476
lvy1=0.5806351205260315
lvz1=-9.509683538782445
avx1=0.9533307022822782
avy1=-1.3936836175338179
avz1=6.052042973299286
shx1=1.0
shy1=0.7
shz1=0.7
req1=1.0
rhos1=4.0
cex2=5.5
cey2=0.0
cez2=0.0
oriw2=0.34850349225166033
orii2=-0.1821917378258947
orij2=-0.2507585227593823
orik2=0.8845742760333413
lvx2=-1.6392529851429027
lvy2=0.5384578434046591
lvz2=-8.81890107700437
avx2=4.114537656050125
avy2=-2.3501645605625643
avz2=4.12622394200542
shx2=1.0
shy2=0.7
shz2=0.7
req2=1.0
rhos2=4.0
rhof=1.0
ndiv=2
tend=100.0
dt=0.05
tprint=1
logevery=100
nbody=2
impulse_scheme=1
energy_projection=0
impulse_pair_metric_correction=0
