cex1=-1.5
cey1=0.0
cez1=0.0
oriw1=1.0
orii1=1.0
orij1=1.0
orik1=0.0
lvx1=-0.21513708834947035
lvy1=1.9979392389870259
lvz1=0.8304005423238934
avx1=-0.33001973192359213
avy1=-0.09406425376383312
avz1=6.273807177229976
shx1=1.0
shy1=0.7
shz1=0.7
req1=1.0
rhos1=0.03
cex2=1.5
cey2=0.0
cez2=0.0
oriw2=1.0
orii2=-1.0
orij2=0.0
orik2=1.0
lvx2=-0.20408002383636664
lvy2=1.8952542801627459
lvz2=0.7877217441741452
avx2=-3.4130815406266355
avy2=3.687862799072879
avz2=3.77212936901765
shx2=1.0
shy2=0.7
shz2=0.7
req2=1.0
rhos2=0.03
rhof=1.0
ndiv=2
tend=100.0
dt=0.05
tprint=1
logevery=100
nbody=2
impulse_scheme=1
energy_projection=0
impulse_pair_metric_correction=0
