cex1=-4.0
cey1=0.0
cez1=0.0
oriw1=0.2503303598928966
orii1=-0.9400778302658832
orij1=-0.06754549918721943
orik1=0.22141813272185146
lvx1=-6.495487708247164
lvy1=-1.7724433250478506
lvz1=-7.019063723262482
avx1=0.22462459863885356
avy1=0.2576806055281643
avz1=6.273879350097387
shx1=1.0
shy1=0.7
shz1=0.7
req1=1.0
rhos1=4.0
cex2=4.0
cey2=0.0
cez2=0.0
oriw2=-0.20341347155092646
orii2=-0.27980568945921264
orij2=0.39217892978166935
orik2=-0.8523657799167911
lvx2=-6.491810675589287
lvy2=-1.7714399620544665
lvz2=-7.01509029929535
avx2=-0.4253782015885916
avy2=0.34582717475807806
avz2=6.259223159080489
shx2=1.0
shy2=0.7
shz2=0.7
req2=1.0
rhos2=4.0
rhof=1.0
ndiv=2
tend=100.0
dt=0.05
tprint=1
logevery=100
nbody=2
impulse_scheme=1
energy_projection=0
impulse_pair_metric_correction=0
