cex1=-4.0
cey1=0.0
cez1=0.0
oriw1=-0.041131740445426904
orii1=-0.99655186725037
orij1=-0.07199431762192876
orik1=0.0030617050615059033
lvx1=2.7361552672828204
lvy1=-1.8929423080624719
lvz1=4.914296437166678
avx1=-1.3955614418767326
avy1=-5.650346265060206
avz1=2.3673641357477213
shx1=1.3
shy1=1.3
shz1=0.5917159763313609
req1=1.0
rhos1=1.0
cex2=4.0
cey2=0.0
cez2=0.0
oriw2=0.9030633597798018
orii2=-0.2441253927344274
orij2=-0.2798864968844186
orik2=0.21573805808722346
lvx2=3.2829338433761808
lvy2=-2.2712177342436477
lvz2=5.896343048535727
avx2=-1.3677734880776042
avy2=-1.7647979720062499
avz2=-5.873082785698843
shx2=1.3
shy2=1.3
shz2=0.5917159763313609
req2=1.0
rhos2=1.0
rhof=1.0
ndiv=2
tend=100.0
dt=0.05
tprint=1
logevery=100
nbody=2
impulse_scheme=1
energy_projection=0
impulse_pair_metric_correction=0
