cex1=-4.0
cey1=0.0
cez1=0.0
oriw1=-0.5280215630274019
orii1=-0.4622683826722658
orij1=0.6899709729532539
orik1=-0.17731674439151898
lvx1=0.5158981593509797
lvy1=0.2358071788541879
lvz1=5.789649544587737
avx1=4.294745517747252
avy1=1.808102874696519
avz1=-4.214776688824865
shx1=1.3
shy1=1.0
shz1=0.7692307692307692
req1=1.0
rhos1=1.0
cex2=4.0
cey2=0.0
cez2=0.0
oriw2=-0.09163897065962366
orii2=-0.3658554738264153
orij2=-0.6624916407180605
orik2=-0.6471915460714749
lvx2=0.5471373262187731
lvy2=0.25008600438463136
lvz2=6.140230032133872
avx2=-3.1226671337168304
avy2=-0.8945311061154761
avz2=-5.378399546013106
shx2=1.3
shy2=1.0
shz2=0.7692307692307692
req2=1.0
rhos2=1.0
rhof=1.0
ndiv=2
tend=100.0
dt=0.05
tprint=1
logevery=100
nbody=2
impulse_scheme=1
energy_projection=0
impulse_pair_metric_correction=0
