cex1=-4.0
cey1=0.0
cez1=0.0
oriw1=0.13683428358262387
orii1=-0.11787428820027605
orij1=-0.9118350503615296
orik1=0.3686988906274268
lvx1=1.913039003011741
lvy1=5.344629006372682
lvz1=-0.6532893093806655
avx1=0.30117021594755133
avy1=-2.783862576885927
avz1=5.624750950788629
shx1=1.0609
shy1=0.970873786407767
shz1=0.970873786407767
req1=1.0
rhos1=1.0
cex2=4.0
cey2=0.0
cez2=0.0
oriw2=-0.27651986924693994
orii2=0.6803168999032438
orij2=-0.6779919440912215
orik2=0.03213411528423739
lvx2=1.9060405375859282
lvy2=5.325076764491566
lvz2=-0.650899382861888
avx2=-1.8302793445962617
avy2=-3.886673668062012
avz2=-4.585004135559214
shx2=1.0609
shy2=0.970873786407767
shz2=0.970873786407767
req2=1.0
rhos2=1.0
rhof=1.0
ndiv=2
tend=100.0
dt=0.05
tprint=1
logevery=100
nbody=2
impulse_scheme=1
energy_projection=0
impulse_pair_metric_correction=0
