cex1=-4.0
cey1=0.0
cez1=0.0
oriw1=-0.879697011547309
orii1=0.2521769747517667
orij1=-0.19474287184307662
orik1=-0.35300871822958074
lvx1=1.2060544383473835
lvy1=4.955518639863497
lvz1=-2.354157086210364
avx1=-6.020397921861245
avy1=-1.797647484469978
avz1=0.041109468313282195
shx1=1.001
shy1=1.0
shz1=0.9990009990009991
req1=1.0
rhos1=1.0
cex2=4.0
cey2=0.0
cez2=0.0
oriw2=0.558024271388972
orii2=0.1907983743851331
orij2=-0.7992386078182334
orik2=-0.11585568887874902
lvx2=1.2071597037361084
lvy2=4.960060029589924
lvz2=-2.3563145081842634
avx2=1.0575808840153822
avy2=1.0589931759042606
avz2=-6.102333466102199
shx2=1.001
shy2=1.0
shz2=0.9990009990009991
req2=1.0
rhos2=1.0
rhof=1.0
ndiv=2
tend=100.0
dt=0.05
tprint=1
logevery=100
nbody=2
impulse_scheme=1
energy_projection=0
impulse_pair_metric_correction=0
