cex1=-1.5
cey1=0.0
cez1=0.0
oriw1=-0.1304508527758205
orii1=-0.543931485781628
orij1=0.7072396162299412
orik1=-0.43235776738758547
lvx1=1.9544281533132322
lvy1=-2.685346897996638
lvz1=-1.514243931215857
avx1=-2.332823784125791
avy1=-0.05017852470823411
avz1=-5.833852321770972
shx1=1.0
shy1=0.8
shz1=0.6
req1=1.0
rhos1=0.3
cex2=1.5
cey2=0.0
cez2=0.0
oriw2=-0.2352185460020245
orii2=-0.7198137535028749
orij2=0.30662397380541845
orik2=-0.5766473225226749
lvx2=1.8425590084812657
lvy2=-2.5316408328507825
lvz2=-1.4275704081370253
avx2=-0.3562414454676975
avy2=-6.039959055263023
avz2=-1.6942267403257245
shx2=1.0
shy2=0.8
shz2=0.6
req2=1.0
rhos2=0.3
rhof=1.0
ndiv=2
tend=100.0
dt=0.05
tprint=1
logevery=100
nbody=2
impulse_scheme=1
energy_projection=0
impulse_pair_metric_correction=0
