cex1=-2.5
cey1=0.0
cez1=0.0
oriw1=-0.6128773280562597
orii1=0.5475067779517484
orij1=0.3334276478833942
orik1=0.46199968882939974
lvx1=-2.5190853174184418
lvy1=-2.2280335001559974
lvz1=0.8969093083398493
avx1=-0.3934384234729234
avy1=-5.6522432063752515
avz1=2.7158369883476787
shx1=1.0
shy1=0.8
shz1=0.6
req1=1.0
rhos1=0.1
cex2=2.5
cey2=0.0
cez2=0.0
oriw2=-0.8411240954906207
orii2=0.06726121126236784
orij2=-0.13545483652887755
orik2=0.5192669570707723
lvx2=-2.3149172721454696
lvy2=-2.0474547633485747
lvz2=0.8242161688877319
avx2=4.7649207054961735
avy2=3.3682041565571237
avz2=-2.330053440254664
shx2=1.0
shy2=0.8
shz2=0.6
req2=1.0
rhos2=0.1
rhof=1.0
ndiv=2
tend=100.0
dt=0.05
tprint=1
logevery=100
nbody=2
impulse_scheme=1
energy_projection=0
impulse_pair_metric_correction=0
