cex1=-4.0
cey1=0.0
cez1=0.0
oriw1=0.39952991726287473
orii1=-0.8414206809506382
orij1=0.34214462208020713
orik1=0.12379071234174732
lvx1=-4.058329890410191
lvy1=-3.839310911068678
lvz1=-0.6102329983196156
avx1=-2.2944161702749293
avy1=3.5818655938545816
avz1=4.624317345241255
shx1=1.0
shy1=1.0
shz1=1.0
req1=1.0
rhos1=1.0
cex2=4.0
cey2=0.0
cez2=0.0
oriw2=-0.24762768618774952
orii2=-0.49517611980227866
orij2=-0.19856716594779314
orik2=-0.8087349504122611
lvx2=-4.058329890410192
lvy2=-3.839310911068679
lvz2=-0.6102329983196157
avx2=3.784794936830742
avy2=-5.006320983113318
avz2=0.3008240424851603
shx2=1.0
shy2=1.0
shz2=1.0
req2=1.0
rhos2=1.0
rhof=1.0
ndiv=2
tend=100.0
dt=0.05
tprint=1
logevery=100
nbody=2
impulse_scheme=1
energy_projection=0
impulse_pair_metric_correction=0
