cex1=-5.5
cey1=0.0
cez1=0.0
oriw1=-0.4134367422453088
orii1=0.18265954633296852
orij1=0.5915085172405393
orik1=0.6676999508214142
lvx1=-4.2386586426705675
lvy1=-3.7417833141480976
lvz1=-1.1941772607126062
avx1=-3.6328692811674084
avy1=-0.06124120785711175
avz1=5.126102603808066
shx1=1.0
shy1=0.8
shz1=0.6
req1=1.0
rhos1=0.3
cex2=5.5
cey2=0.0
cez2=0.0
oriw2=0.8582173063530928
orii2=-0.3556234214641925
orij2=-0.05808290907148865
orik2=0.3655426279600455
lvx2=-3.9804532847926275
lvy2=-3.5138459921837626
lvz2=-1.121431849259108
avx2=3.854236650704436
avy2=-4.468247399148233
avz2=-2.158249898581981
shx2=1.0
shy2=0.8
shz2=0.6
req2=1.0
rhos2=0.3
rhof=1.0
ndiv=2
tend=100.0
dt=0.05
tprint=1
logevery=100
nbody=2
impulse_scheme=1
energy_projection=0
impulse_pair_metric_correction=0
