cex1=-4.0
cey1=0.0
cez1=0.0
oriw1=1.0
orii1=1.0
orij1=1.0
orik1=0.0
lvx1=-1.310873321613379
lvy1=1.296749566374515
lvz1=0.3368379908846372
avx1=5.450107792978963
avy1=-0.866210997225952
avz1=-3.0040674355866637
shx1=1.0
shy1=0.7
shz1=0.7
req1=1.0
rhos1=0.03
cex2=4.0
cey2=0.0
cez2=0.0
oriw2=1.0
orii2=-1.0
orij2=0.0
orik2=1.0
lvx2=-1.5155228925200084
lvy2=1.4991941794094972
lvz2=0.38942411737224525
avx2=0.9371786846966765
avy2=-1.4153013706558064
avz2=6.0495483920312125
shx2=1.0
shy2=0.7
shz2=0.7
req2=1.0
rhos2=0.03
rhof=1.0
ndiv=2
tend=100.0
dt=0.05
tprint=1
logevery=100
nbody=2
impulse_scheme=1
energy_projection=0
impulse_pair_metric_correction=0
