cex1=-4.0
cey1=0.0
cez1=0.0
oriw1=0.24232646723659873
orii1=0.1305388668972539
orij1=-0.4145285438499425
orik1=-0.8674119977493147
lvx1=4.602737932956832
lvy1=2.107555451214292
lvz1=-2.2911284788849504
avx1=4.9346672053321985
avy1=-3.712453193855232
avz1=-1.1598139766404074
shx1=1.03
shy1=1.03
shz1=0.9425959091337544
req1=1.0
rhos1=1.0
cex2=4.0
cey2=0.0
cez2=0.0
oriw2=0.7221112831502657
orii2=-0.30800073438050773
orij2=0.5564726140399358
orik2=0.2720828406785429
lvx2=8.160612548195045
lvy2=3.7366766719537083
lvz2=-4.062149982609255
avx2=-2.470852082942351
avy2=3.5327021777163186
avz2=-4.570921451100999
shx2=2.0
shy2=2.0
shz2=0.25
req2=1.0
rhos2=1.0
rhof=1.0
ndiv=2
tend=100.0
dt=0.05
tprint=1
logevery=100
nbody=2
impulse_scheme=1
energy_projection=0
impulse_pair_metric_correction=0
