cex1=-1.5
cey1=0.0
cez1=0.0
oriw1=-0.6467132690274191
orii1=0.6734346953018672
orij1=0.34905926841941115
orik1=0.08003303041904629
lvx1=-1.0329300261722136
lvy1=1.3235850531199866
lvz1=1.2524612230702292
avx1=2.9174615279524
avy1=-4.43303507478322
avz1=3.363782969071699
shx1=1.0
shy1=0.8
shz1=0.6
req1=1.0
rhos1=0.1
cex2=1.5
cey2=0.0
cez2=0.0
oriw2=0.4456019383767781
orii2=0.1524475125371233
orij2=-0.8486524510999546
orik2=-0.24080632399947668
lvx2=-1.0179449551963426
lvy2=1.3043833497508777
lvz2=1.2342913375536042
avx2=-3.4182704065288863
avy2=-4.234764356679452
avz2=-3.140161759464557
shx2=1.0
shy2=0.8
shz2=0.6
req2=1.0
rhos2=0.1
rhof=1.0
ndiv=2
tend=100.0
dt=0.05
tprint=1
logevery=100
nbody=2
impulse_scheme=1
energy_projection=0
impulse_pair_metric_correction=0
