cex1=-1.5
cey1=0.0
cez1=0.0
oriw1=-0.9295434263350808
orii1=0.024558983470231957
orij1=-0.31627476992537384
orik1=-0.18792590241049514
lvx1=-1.7312872489257414
lvy1=1.146893191197579
lvz1=-0.34021521625753376
avx1=2.7203321659378106
avy1=-5.375415904315466
avz1=1.7841284614494186
shx1=1.0
shy1=0.7
shz1=0.7
req1=1.0
rhos1=0.1
cex2=1.5
cey2=0.0
cez2=0.0
oriw2=0.8581437002884322
orii2=-0.29507677591229686
orij2=0.17029285638891697
orik2=0.38408258101010695
lvx2=-1.4743689064371899
lvy2=0.9766973453743503
lvz2=-0.2897281988636809
avx2=-6.087596326231233
avy2=-1.5064755333311495
avz2=-0.3874532754901673
shx2=1.0
shy2=0.7
shz2=0.7
req2=1.0
rhos2=0.1
rhof=1.0
ndiv=2
tend=100.0
dt=0.05
tprint=1
logevery=100
nbody=2
impulse_scheme=1
energy_projection=0
impulse_pair_metric_correction=0
