cex1=-1.5
cey1=0.0
cez1=0.0
oriw1=-0.2634614978467532
orii1=0.1925315628780783
orij1=-0.8597317488462697
orik1=0.3929134210914721
lvx1=-1.1901054123115367
lvy1=-2.6228422024500557
lvz1=1.2374260390239753
avx1=5.051674576671393
avy1=0.36581846339287444
avz1=3.7182224822635637
shx1=1.0
shy1=0.7
shz1=0.7
req1=1.0
rhos1=4.0
cex2=1.5
cey2=0.0
cez2=0.0
oriw2=-0.9110655008334925
orii2=-0.20906999273941643
orij2=0.2143016579224678
orik2=0.2834152267233353
lvx2=-1.1836727035422556
lvy2=-2.608665323778972
lvz2=1.2307375547517247
avx2=5.146626963992226
avy2=2.3419527426957107
avz2=2.7396908308868784
shx2=1.0
shy2=0.7
shz2=0.7
req2=1.0
rhos2=4.0
rhof=1.0
ndiv=2
tend=100.0
dt=0.05
tprint=1
logevery=100
nbody=2
impulse_scheme=1
energy_projection=0
impulse_pair_metric_correction=0
