cex1=-4.0
cey1=0.0
cez1=0.0
oriw1=-0.3707365623744491
orii1=0.1018852784382484
orij1=0.9230149277024116
orik1=0.014738880379759556
lvx1=-2.7813999212763787
lvy1=3.002305855671589
lvz1=3.872213947567017
avx1=1.832257811897331
avy1=-0.7820935950634771
avz1=5.958991401542657
shx1=1.003
shy1=1.003
shz1=0.9940268924035474
req1=1.0
rhos1=1.0
cex2=4.0
cey2=0.0
cez2=0.0
oriw2=0.7081752398526298
orii2=-0.22089983430990692
orij2=-0.46387333589369606
orik2=-0.4842650318868587
lvx2=-2.7743229691201345
lvy2=2.9946668337760074
lvz2=3.862361544596826
avx2=-3.866347840270851
avy2=-4.734794454624847
avz2=1.4530978820589366
shx2=1.0
shy2=1.0
shz2=1.0
req2=1.0
rhos2=1.0
rhof=1.0
ndiv=2
tend=100.0
dt=0.05
tprint=1
logevery=100
nbody=2
impulse_scheme=1
energy_projection=0
impulse_pair_metric_correction=0
