cex1=-5.5
cey1=0.0
cez1=0.0
oriw1=-0.012666034267411922
orii1=0.23644023483835025
orij1=0.9332080832924118
orik1=-0.270292915562405
lvx1=2.4103339159344417
lvy1=-8.535867282461643
lvz1=2.9954531567657927
avx1=2.9203629005897214
avy1=4.60694687398972
avz1=-3.1186437169790615
shx1=1.0
shy1=0.7
shz1=0.7
req1=1.0
rhos1=0.1
cex2=5.5
cey2=0.0
cez2=0.0
oriw2=0.9898373294771847
orii2=0.12105121549375107
orij2=-0.07091148006420578
orik2=-0.02324277083448586
lvx2=2.4676474931633154
lvy2=-8.738835462710279
lvz2=3.066679858884039
avx2=-1.8408137307898522
avy2=-5.435554778239231
avz2=-2.558235068490314
shx2=1.0
shy2=0.7
shz2=0.7
req2=1.0
rhos2=0.1
rhof=1.0
ndiv=2
tend=100.0
dt=0.05
tprint=1
logevery=100
nbody=2
impulse_scheme=1
energy_projection=0
impulse_pair_metric_correction=0
