cex1=-1.5
cey1=0.0
cez1=0.0
oriw1=1.0
orii1=1.0
orij1=1.0
orik1=0.0
lvx1=0.09740075674618494
lvy1=-0.2888778444556876
lvz1=-0.7088548304888702
avx1=2.548580373205725
avy1=-5.384397776573666
avz1=-1.9978529148304593
shx1=1.0
shy1=0.7
shz1=0.7
req1=1.0
rhos1=0.1
cex2=1.5
cey2=0.0
cez2=0.0
oriw2=1.0
orii2=-1.0
orij2=0.0
orik2=1.0
lvx2=0.09990882417716794
lvy2=-0.29631644285487574
lvz2=-0.7271078274165738
avx2=0.904239351034633
avy2=0.6305372675758346
avz2=6.185724820471397
shx2=1.0
shy2=0.7
shz2=0.7
req2=1.0
rhos2=0.1
rhof=1.0
ndiv=2
tend=100.0
dt=0.05
tprint=1
logevery=100
nbody=2
impulse_scheme=1
energy_projection=0
impulse_pair_metric_correction=0
