cex1=-2.5
cey1=0.0
cez1=0.0
oriw1=-0.4187436816467748
orii1=0.550871376600609
orij1=0.4753721580326917
orik1=-0.5433376177759056
lvx1=1.1339376472569613
lvy1=1.4474656027599435
lvz1=-0.4299051976978938
avx1=5.426896446538937
avy1=-2.7876389660725334
avz1=1.502092393208404
shx1=1.0
shy1=0.8
shz1=0.6
req1=1.0
rhos1=0.3
cex2=2.5
cey2=0.0
cez2=0.0
oriw2=-0.15357105235887272
orii2=0.03514834008578117
orij2=0.37462051982568056
orik2=-0.9136957875530234
lvx2=1.1426523586431037
lvy2=1.4585898872388439
lvz2=-0.4332091710075397
avx2=5.391487462926481
avy2=2.4974522802171166
avz2=2.0427953028882597
shx2=1.0
shy2=0.8
shz2=0.6
req2=1.0
rhos2=0.3
rhof=1.0
ndiv=2
tend=100.0
dt=0.05
tprint=1
logevery=100
nbody=2
impulse_scheme=1
energy_projection=0
impulse_pair_metric_correction=0
