cex1=-4.0
cey1=0.0
cez1=0.0
oriw1=0.8723131383388739
orii1=0.08301005119255474
orij1=-0.1369203124110576
orik1=-0.461986956668316
lvx1=2.9184873496954813
lvy1=-4.568997582648503
lvz1=2.206262682419958
avx1=-0.718914026831126
avy1=-5.098837520332468
avz1=3.600477213874952
shx1=1.0
shy1=0.7
shz1=0.7
req1=1.0
rhos1=4.0
cex2=4.0
cey2=0.0
cez2=0.0
oriw2=0.13922857173919917
orii2=-0.24023988099917037
orij2=0.5617903656765694
orik2=0.779289284811458
lvx2=2.7864158552614464
lvy2=-4.362234877691484
lvz2=2.1064217803815612
avx2=-3.2670898582031986
avy2=5.111847529977672
avz2=-1.635101309718887
shx2=1.0
shy2=0.7
shz2=0.7
req2=1.0
rhos2=4.0
rhof=1.0
ndiv=2
tend=100.0
dt=0.05
tprint=1
logevery=100
nbody=2
impulse_scheme=1
energy_projection=0
impulse_pair_metric_correction=0
