cex1=-4.0
cey1=0.0
cez1=0.0
oriw1=0.7168097202147722
orii1=0.6607760103071304
orij1=-0.22141092416320424
orik1=-0.023153657797573078
lvx1=1.8840567132980142
lvy1=-5.173069479722475
lvz1=1.1280144247865285
avx1=2.4056953441177775
avy1=5.260667026753905
avz1=2.4528411993587595
shx1=1.0
shy1=1.0
shz1=1.0
req1=1.0
rhos1=1.0
cex2=4.0
cey2=0.0
cez2=0.0
oriw2=-0.2910415726813715
orii2=0.5797057719107277
orij2=0.7595207672019301
orik2=-0.04862329866980299
lvx2=4.053408836431752
lvy2=-11.129476831871647
lvz2=2.426839704335887
avx2=-4.186614833834274
avy2=4.6649560196538085
avz2=0.43457930481322626
shx2=4.0
shy2=0.5
shz2=0.5
req2=1.0
rhos2=1.0
rhof=1.0
ndiv=2
tend=100.0
dt=0.05
tprint=1
logevery=100
nbody=2
impulse_scheme=1
energy_projection=0
impulse_pair_metric_correction=0
