cex1=-4.0
cey1=0.0
cez1=0.0
oriw1=1.0
orii1=2.0
orij1=0.0
orik1=0.0
lvx1=0.58112096605201
lvy1=0.42948728009321446
lvz1=1.8595923569936665
avx1=-4.232776780350687
avy1=3.998448459210005
avz1=2.3610227129620447
shx1=1.0
shy1=0.8
shz1=0.6
req1=1.0
rhos1=0.1
cex2=4.0
cey2=0.0
cez2=0.0
oriw2=1.0
orii2=0.0
orij2=1.0
orik2=0.0
lvx2=0.6625957390466536
lvy2=0.48970258928677357
lvz2=2.120312368832085
avx2=-0.874366932387775
avy2=1.7010610746022248
avz2=5.9850055382077425
shx2=1.0
shy2=0.8
shz2=0.6
req2=1.0
rhos2=0.1
rhof=1.0
ndiv=2
tend=100.0
dt=0.05
tprint=1
logevery=100
nbody=2
impulse_scheme=1
energy_projection=0
impulse_pair_metric_correction=0
