cex1=-4.0
cey1=0.0
cez1=0.0
oriw1=-0.19003442156977104
orii1=-0.545167239970481
orij1=-0.5770108550976116
orik1=-0.5777006769782547
lvx1=1.800978652979242
lvy1=-0.9439768660393378
lvz1=-5.236269574905618
avx1=3.480430479853155
avy1=5.158430917764418
avz1=-0.8692593087903656
shx1=1.001
shy1=1.001
shz1=0.9980029960049943
req1=1.0
rhos1=1.0
cex2=4.0
cey2=0.0
cez2=0.0
oriw2=0.35383421867279485
orii2=0.5483818381117578
orij2=0.34809650605952963
orik2=-0.6729840472065668
lvx2=1.8014827106807423
lvy2=-0.9442410661777337
lvz2=-5.237735101441426
avx2=-2.41087231460406
avy2=5.053632186145762
avz2=-2.8507742832754577
shx2=1.001
shy2=1.001
shz2=0.9980029960049943
req2=1.0
rhos2=1.0
rhof=1.0
ndiv=2
tend=100.0
dt=0.05
tprint=1
logevery=100
nbody=2
impulse_scheme=1
energy_projection=0
impulse_pair_metric_correction=0
