cex1=-5.5
cey1=0.0
cez1=0.0
oriw1=-0.16176896548106026
orii1=0.6101481524101672
orij1=-0.19202820871744689
orik1=-0.7514487347613379
lvx1=-0.820501997345443
lvy1=-4.806377535797157
lvz1=8.506894694043838
avx1=-3.0016871925249813
avy1=-0.37159337619797705
avz1=5.507286987742215
shx1=1.0
shy1=0.8
shz1=0.6
req1=1.0
rhos1=1.0
cex2=5.5
cey2=0.0
cez2=0.0
oriw2=0.189473456709908
orii2=-0.3007446757750205
orij2=-0.9206902198252271
orik2=0.16118923138209734
lvx2=-0.7719812834853319
lvy2=-4.522150477395622
lvz2=8.003836073073753
avx2=-2.296127454553495
avy2=-5.730756898595278
avz2=-1.168178790256765
shx2=1.0
shy2=0.8
shz2=0.6
req2=1.0
rhos2=1.0
rhof=1.0
ndiv=2
tend=100.0
dt=0.05
tprint=1
logevery=100
nbody=2
impulse_scheme=1
energy_projection=0
impulse_pair_metric_correction=0
