cex1=-4.0
cey1=0.0
cez1=0.0
oriw1=0.7632712778269423
orii1=0.3432616613739372
orij1=0.4032097280159085
orik1=-0.37014902878241934
lvx1=-3.1206491641265752
lvy1=-0.13903039812444629
lvz1=-4.672982794942654
avx1=-2.2263588567414976
avy1=-2.227390585688427
avz1=-5.436954572566584
shx1=1.0003
shy1=1.0003
shz1=0.9994002698920407
req1=1.0
rhos1=1.0
cex2=4.0
cey2=0.0
cez2=0.0
oriw2=0.6642027853980262
orii2=-0.09131011077418096
orij2=0.7369263833289571
orik2=-0.08623589214250268
lvx2=-3.119804570908523
lvy2=-0.13899277001401694
lvz2=-4.6717180678397
avx2=5.4763430610545045
avy2=-1.9203495985847057
avz2=2.4083898565666586
shx2=1.0003
shy2=1.0003
shz2=0.9994002698920407
req2=1.0
rhos2=1.0
rhof=1.0
ndiv=2
tend=100.0
dt=0.05
tprint=1
logevery=100
nbody=2
impulse_scheme=1
energy_projection=0
impulse_pair_metric_correction=0
