cex1=-4.0
cey1=0.0
cez1=0.0
oriw1=0.10154391301903315
orii1=0.9908992071429833
orij1=-0.07639473760882072
orik1=-0.044400890507617724
lvx1=4.775470293171548
lvy1=0.011155480175436572
lvz1=3.0428076901897625
avx1=-2.285264277905669
avy1=1.128728920571464
avz1=5.742991886495339
shx1=1.01
shy1=1.01
shz1=0.9802960494069208
req1=1.0
rhos1=1.0
cex2=4.0
cey2=0.0
cez2=0.0
oriw2=-0.102581278957029
orii2=-0.5746159330419897
orij2=0.18867452117981745
orik2=0.7897439684856039
lvx2=4.785006095258994
lvy2=0.011177755772312444
lvz2=3.0488836597053304
avx2=0.7819398279539598
avy2=0.6816587685484577
avz2=-6.196961274130875
shx2=1.01
shy2=1.01
shz2=0.9802960494069208
req2=1.0
rhos2=1.0
rhof=1.0
ndiv=2
tend=100.0
dt=0.05
tprint=1
logevery=100
nbody=2
impulse_scheme=1
energy_projection=0
impulse_pair_metric_correction=0
