cex1=-4.0
cey1=0.0
cez1=0.0
oriw1=-0.5020219317854613
orii1=-0.5617441377487394
orij1=0.5946779048841163
orik1=-0.28067007883626777
lvx1=-2.197747586469607
lvy1=-3.9509445098737634
lvz1=-3.3896271515269643
avx1=-1.43575270635499
avy1=4.560469253292507
avz1=-4.076659411862295
shx1=1.03
shy1=1.03
shz1=0.9425959091337544
req1=1.0
rhos1=1.0
cex2=4.0
cey2=0.0
cez2=0.0
oriw2=0.11771973166000897
orii2=-0.10145965377656938
orij2=0.5316407750630295
orik2=0.8325899889644455
lvx2=-2.2172379834734985
lvy2=-3.985982872564669
lvz2=-3.4196875548622514
avx2=1.9528678641749326
avy2=3.28593801594926
avz2=4.986715959904846
shx2=1.03
shy2=1.03
shz2=0.9425959091337544
req2=1.0
rhos2=1.0
rhof=1.0
ndiv=2
tend=100.0
dt=0.05
tprint=1
logevery=100
nbody=2
impulse_scheme=1
energy_projection=0
impulse_pair_metric_correction=0
