cex1=-5.5
cey1=0.0
cez1=0.0
oriw1=-0.19808011655744032
orii1=0.19520596383292418
orij1=0.9493876127123544
orik1=0.14602075173408283
lvx1=0.5784858903527076
lvy1=-0.9184354697989299
lvz1=-0.0703910850380273
avx1=6.205200631842069
avy1=-0.8651537853498835
avz1=0.47477536861024433
shx1=1.0
shy1=0.8
shz1=0.6
req1=1.0
rhos1=1.0
cex2=5.5
cey2=0.0
cez2=0.0
oriw2=-0.1830079653237694
orii2=-0.12548660103216133
orij2=0.9130581201106922
orik2=-0.34217841382731584
lvx2=0.7097179124629991
lvy2=-1.12678652189813
lvz2=-0.08635960662538285
avx2=2.079506471110073
avy2=-2.6271338447413775
avz2=-5.315283454603635
shx2=1.0
shy2=0.8
shz2=0.6
req2=1.0
rhos2=1.0
rhof=1.0
ndiv=2
tend=100.0
dt=0.05
tprint=1
logevery=100
nbody=2
impulse_scheme=1
energy_projection=0
impulse_pair_metric_correction=0
