cex1=-4.0
cey1=0.0
cez1=0.0
oriw1=-0.7649785648347988
orii1=0.42262951166100154
orij1=0.03852246259293225
orik1=0.48446683177721384
lvx1=0.9319972489899178
lvy1=8.098705907908041
lvz1=-9.309088323938754
avx1=4.05307903240732
avy1=-3.112968986064828
avz1=-3.6551870065998124
shx1=4.0
shy1=0.5
shz1=0.5
req1=1.0
rhos1=1.0
cex2=4.0
cey2=0.0
cez2=0.0
oriw2=-0.10360954484823505
orii2=0.8018197924695702
orij2=-0.25992341675374886
orik2=0.5280055871328011
lvx2=0.42328033884360516
lvy2=3.6781471024826025
lvz2=-4.227860183441884
avx2=3.982145145721243
avy2=-4.02056131448584
avz2=2.730572167005676
shx2=1.0
shy2=1.0
shz2=1.0
req2=1.0
rhos2=1.0
rhof=1.0
ndiv=2
tend=100.0
dt=0.05
tprint=1
logevery=100
nbody=2
impulse_scheme=1
energy_projection=0
impulse_pair_metric_correction=0
