cex1=-1.5
cey1=0.0
cez1=0.0
oriw1=1.0
orii1=2.0
orij1=0.0
orik1=0.0
lvx1=-0.7126015995445215
lvy1=1.3342365843761064
lvz1=1.4338677553294648
avx1=-3.0756816571872454
avy1=-3.4284749888075656
avz1=-4.273658760256874
shx1=1.0
shy1=0.7
shz1=0.7
req1=1.0
rhos1=1.0
cex2=1.5
cey2=0.0
cez2=0.0
oriw2=1.0
orii2=0.0
orij2=1.0
orik2=0.0
lvx2=-0.7220945873137059
lvy2=1.3520107397874561
lvz2=1.4529691565509475
avx2=-2.5729500192948835
avy2=5.5342357956332915
avz2=-1.4935126249546886
shx2=1.0
shy2=0.7
shz2=0.7
req2=1.0
rhos2=1.0
rhof=1.0
ndiv=2
tend=100.0
dt=0.05
tprint=1
logevery=100
nbody=2
impulse_scheme=1
energy_projection=1
