cex1=-4.0
cey1=0.0
cez1=0.0
oriw1=0.013488730419365443
orii1=0.8225331353015987
orij1=-0.48209930673933404
orik1=-0.30139269056174706
lvx1=3.9816432634057612
lvy1=1.7220722700593978
lvz1=3.5103833462570995
avx1=-4.136695882495194
avy1=4.037604868514342
avz1=2.4625011077873693
shx1=1.1
shy1=1.0
shz1=0.9090909090909091
req1=1.0
rhos1=1.0
cex2=4.0
cey2=0.0
cez2=0.0
oriw2=-0.4932283326278707
orii2=-0.4949351499818568
orij2=-0.7140202660703607
orik2=-0.04404621262241095
lvx2=4.112745510832485
lvy2=1.7787743726588436
lvz2=3.62596857466101
avx2=-0.9379263330215128
avy2=4.706236981528135
avz2=-4.055865539176467
shx2=1.1
shy2=1.0
shz2=0.9090909090909091
req2=1.0
rhos2=1.0
rhof=1.0
ndiv=2
tend=100.0
dt=0.05
tprint=1
logevery=100
nbody=2
impulse_scheme=1
energy_projection=0
impulse_pair_metric_correction=0
