cex1=-4.0
cey1=0.0
cez1=0.0
oriw1=-0.34934810475980843
orii1=-0.5571271356949015
orij1=0.2785815521377335
orik1=-0.6999696959023698
lvx1=-2.0239788956855556
lvy1=-2.5872608119012344
lvz1=4.732613351327938
avx1=-4.517212725744299
avy1=-1.8555265733795376
avz1=-3.9535083065820897
shx1=1.1
shy1=1.1
shz1=0.8264462809917354
req1=1.0
rhos1=1.0
cex2=4.0
cey2=0.0
cez2=0.0
oriw2=-0.11785095094978679
orii2=-0.07123834922564798
orij2=-0.671250319410129
orik2=0.7283263414511625
lvx2=-2.152802267903939
lvy2=-2.75193627532038
lvz2=5.033837446412835
avx2=0.6686817114641136
avy2=-1.649620279955314
avz2=-6.025780887575569
shx2=1.1
shy2=1.1
shz2=0.8264462809917354
req2=1.0
rhos2=1.0
rhof=1.0
ndiv=2
tend=100.0
dt=0.05
tprint=1
logevery=100
nbody=2
impulse_scheme=1
energy_projection=0
impulse_pair_metric_correction=0
