cex1=-4.0
cey1=0.0
cez1=0.0
oriw1=0.4627996894926828
orii1=-0.47309204769601515
orij1=0.6057609201045522
orik1=-0.44164926071075233
lvx1=-1.6062416523532743
lvy1=3.2809426729363858
lvz1=-4.270613189535714
avx1=-6.108443312875137
avy1=-1.0208175890472728
avz1=-1.0598440204294985
shx1=1.0
shy1=1.0
shz1=1.0
req1=1.0
rhos1=1.0
cex2=4.0
cey2=0.0
cez2=0.0
oriw2=-0.8590229176829903
orii2=0.24317268372259174
orij2=0.34131476141905814
orik2=0.2940253499683427
lvx2=-1.6062416523532748
lvy2=3.2809426729363866
lvz2=-4.270613189535715
avx2=-5.009380452931322
avy2=0.640791769840722
avz2=-3.738169470456284
shx2=1.0
shy2=1.0
shz2=1.0
req2=1.0
rhos2=1.0
rhof=1.0
ndiv=2
tend=100.0
dt=0.05
tprint=1
logevery=100
nbody=2
impulse_scheme=1
energy_projection=0
impulse_pair_metric_correction=0
