cex1=-4.0
cey1=0.0
cez1=0.0
oriw1=0.6657195435022807
orii1=0.37077279485595444
orij1=0.5555498126398404
orik1=-0.3327302656351803
lvx1=1.9389241243789272
lvy1=4.854525103594933
lvz1=-2.0592778943390453
avx1=-4.47067780299411
avy1=-2.543644433481777
avz1=3.6085080826001152
shx1=1.0020009999999997
shy1=0.9990009990009991
shz1=0.9990009990009991
req1=1.0
rhos1=1.0
cex2=4.0
cey2=0.0
cez2=0.0
oriw2=-0.5831890961152786
orii2=-0.7639574679135698
orij2=0.27534430127376053
orik2=-0.02109457625542661
lvx2=1.939310833287264
lvy2=4.855493314820788
lvz2=-2.059688607216599
avx2=-3.839607436523553
avy2=0.43194497140969385
avz2=4.954720565221044
shx2=1.0020009999999997
shy2=0.9990009990009991
shz2=0.9990009990009991
req2=1.0
rhos2=1.0
rhof=1.0
ndiv=2
tend=100.0
dt=0.05
tprint=1
logevery=100
nbody=2
impulse_scheme=1
energy_projection=0
impulse_pair_metric_correction=0
