cex1=-5.5
cey1=0.0
cez1=0.0
oriw1=-0.7198616201848911
orii1=-0.6811675070333657
orij1=0.11442871646085731
orik1=0.06867418726023633
lvx1=0.3213322695054933
lvy1=-0.32472753168927715
lvz1=-0.6102729682810067
avx1=3.5111923224568535
avy1=-3.492251583214706
avz1=-3.867056368688186
shx1=1.0
shy1=0.8
shz1=0.6
req1=1.0
rhos1=0.3
cex2=5.5
cey2=0.0
cez2=0.0
oriw2=0.7001009318947223
orii2=0.623998088227382
orij2=-0.3397158230410136
orik2=-0.07126170517381987
lvx2=0.3376551348168567
lvy2=-0.3412228677189034
lvz2=-0.641273289163023
avx2=0.9964973221043558
avy2=-4.268842644598603
avz2=-4.501376807939176
shx2=1.0
shy2=0.8
shz2=0.6
req2=1.0
rhos2=0.3
rhof=1.0
ndiv=2
tend=100.0
dt=0.05
tprint=1
logevery=100
nbody=2
impulse_scheme=1
energy_projection=0
impulse_pair_metric_correction=0
