cex1=-4.0
cey1=0.0
cez1=0.0
oriw1=-0.6061613560472051
orii1=0.561504888263297
orij1=-0.5629273098251104
orik1=0.019837206065875846
lvx1=-5.247664809006585
lvy1=1.631435472415965
lvz1=-1.17629188386657
avx1=-0.9087736887215612
avy1=5.624185950276837
avz1=-2.6497321343398985
shx1=1.0001
shy1=1.0
shz1=0.9999000099990001
req1=1.0
rhos1=1.0
cex2=4.0
cey2=0.0
cez2=0.0
oriw2=-0.5963560637991326
orii2=0.20236295830755646
orij2=0.31930964565324754
orik2=-0.7081313638498272
lvx2=-5.247623589404595
lvy2=1.6314226577406203
lvz2=-1.1762826442742864
avx2=-4.089321349708575
avy2=2.3764796901207315
avz2=-4.136207536574869
shx2=1.0
shy2=1.0
shz2=1.0
req2=1.0
rhos2=1.0
rhof=1.0
ndiv=2
tend=100.0
dt=0.05
tprint=1
logevery=100
nbody=2
impulse_scheme=1
energy_projection=0
impulse_pair_metric_correction=0
