cex1=-4.0
cey1=0.0
cez1=0.0
oriw1=-0.17893205909630527
orii1=-0.5698665437931684
orij1=-0.26312651173532436
orik1=-0.7576277973482661
lvx1=-4.334969031965417
lvy1=-2.0886069774156484
lvz1=-2.90355403382808
avx1=1.9848780559617774
avy1=-2.237761971149695
avz1=-5.525495278053819
shx1=1.0001
shy1=1.0
shz1=0.9999000099990001
req1=1.0
rhos1=1.0
cex2=4.0
cey2=0.0
cez2=0.0
oriw2=0.7337222700479308
orii2=-0.17369670595746234
orij2=0.615401097863823
orik2=0.2297010525079055
lvx2=-4.334823027626023
lvy2=-2.0885366318884393
lvz2=-2.9034562403985364
avx2=-0.39298681047144496
avy2=-5.474433699135606
avz2=-3.058521643690194
shx2=1.0
shy2=1.0
shz2=1.0
req2=1.0
rhos2=1.0
rhof=1.0
ndiv=2
tend=100.0
dt=0.05
tprint=1
logevery=100
nbody=2
impulse_scheme=1
energy_projection=0
impulse_pair_metric_correction=0
