cex1=-4.0
cey1=0.0
cez1=0.0
oriw1=0.6235020638774124
orii1=0.18408390454028525
orij1=0.7593472815858201
orik1=-0.027386098262362556
lvx1=4.73125693255535
lvy1=0.9640613387479154
lvz1=-3.173034083404516
avx1=-2.3775478822147793
avy1=3.058313214933052
avz1=4.946959061029241
shx1=1.1
shy1=1.0
shz1=0.9090909090909091
req1=1.0
rhos1=1.0
cex2=4.0
cey2=0.0
cez2=0.0
oriw2=0.7824392595228045
orii2=-0.5318104897306899
orij2=0.15115256173943656
orik2=-0.2865646720191011
lvx2=4.613172637859628
lvy2=0.9399999730575139
lvz2=-3.0938404363197143
avx2=-5.470022253107456
avy2=2.7918390910096433
avz2=1.327745700342168
shx2=2.0
shy2=1.0
shz2=0.5
req2=1.0
rhos2=1.0
rhof=1.0
ndiv=2
tend=100.0
dt=0.05
tprint=1
logevery=100
nbody=2
impulse_scheme=1
energy_projection=0
impulse_pair_metric_correction=0
