cex1=-4.0
cey1=0.0
cez1=0.0
oriw1=0.8313590037526434
orii1=-0.4817817032025496
orij1=0.2767086205208567
orik1=-0.012686081668791318
lvx1=-2.2745028968458345
lvy1=4.8197276110248595
lvz1=1.7829170366847826
avx1=-4.063428350729181
avy1=0.36005921282389797
avz1=4.778841387418963
shx1=1.00020001
shy1=0.9999000099990001
shz1=0.9999000099990001
req1=1.0
rhos1=1.0
cex2=4.0
cey2=0.0
cez2=0.0
oriw2=-0.2680336130662097
orii2=0.6027375438911556
orij2=-0.46769938240584924
orik2=-0.5883219553509097
lvx2=-2.2744492745295632
lvy2=4.819613984017104
lvz2=1.7828750037019454
avx2=4.7660995975474645
avy2=-3.8792680199742087
avz2=1.3091951190791662
shx2=1.00020001
shy2=0.9999000099990001
shz2=0.9999000099990001
req2=1.0
rhos2=1.0
rhof=1.0
ndiv=2
tend=100.0
dt=0.05
tprint=1
logevery=100
nbody=2
impulse_scheme=1
energy_projection=0
impulse_pair_metric_correction=0
