cex1=-5.5
cey1=0.0
cez1=0.0
oriw1=-0.07018154432717139
orii1=0.03924153767817422
orij1=-0.2212224821348511
orik1=0.9719029097366677
lvx1=0.0079003714890437
lvy1=0.6552524001049577
lvz1=-0.03839641541843807
avx1=6.047325998780509
avy1=-1.7047787990179866
avz1=-0.044666712992499066
shx1=1.0
shy1=0.7
shz1=0.7
req1=1.0
rhos1=0.03
cex2=5.5
cey2=0.0
cez2=0.0
oriw2=0.5004976049419035
orii2=0.3014195362375732
orij2=-0.7536310500792531
orik2=0.3011455644338577
lvx2=0.009549331584567633
lvy2=0.792016229725854
lvz2=-0.04641048879764169
avx2=0.5075124861258787
avy2=-5.267698630334345
avz2=-3.3870635985699207
shx2=1.0
shy2=0.7
shz2=0.7
req2=1.0
rhos2=0.03
rhof=1.0
ndiv=2
tend=100.0
dt=0.05
tprint=1
logevery=100
nbody=2
impulse_scheme=1
energy_projection=0
impulse_pair_metric_correction=0
