cex1=-4.0
cey1=0.0
cez1=0.0
oriw1=-0.9142775891000633
orii1=-0.282406041710207
orij1=-0.18047278993008253
orik1=0.2275365679837003
lvx1=-3.5985110781419
lvy1=-0.47433181408149794
lvz1=4.684379720414092
avx1=2.032015465433313
avy1=5.781394596512112
avz1=1.3873742364689556
shx1=1.2100000000000002
shy1=0.9090909090909091
shz1=0.9090909090909091
req1=1.0
rhos1=1.0
cex2=4.0
cey2=0.0
cez2=0.0
oriw2=-0.0901594641986502
orii2=-0.03814899120006462
orij2=0.018743356730474486
orik2=0.9950199053608445
lvx2=-3.577679345068508
lvy2=-0.4715859134785559
lvz2=4.65726190812144
avx2=2.3913522121067574
avy2=1.5540616047946514
avz2=-5.598637756679086
shx2=1.2100000000000002
shy2=0.9090909090909091
shz2=0.9090909090909091
req2=1.0
rhos2=1.0
rhof=1.0
ndiv=2
tend=100.0
dt=0.05
tprint=1
logevery=100
nbody=2
impulse_scheme=1
energy_projection=0
impulse_pair_metric_correction=0
