cex1=-2.5
cey1=0.0
cez1=0.0
oriw1=-0.8782122517159725
orii1=0.08927160525646441
orij1=-0.46492370958983964
orik1=-0.06796885825227435
lvx1=1.7973064828734029
lvy1=-0.30517843849308335
lvz1=-0.32996549950305537
avx1=5.732263175262825
avy1=-2.4138133858380386
avz1=-0.8905511957390716
shx1=1.0
shy1=0.8
shz1=0.6
req1=1.0
rhos1=1.0
cex2=2.5
cey2=0.0
cez2=0.0
oriw2=0.4848100213614504
orii2=0.6620372062164143
orij2=0.06461758217115211
orik2=0.567882513242862
lvx2=1.8715699439919322
lvy2=-0.317788200554928
lvz2=-0.34359944578673285
avx2=5.423249904593196
avy2=-1.0142810468169263
avz2=3.0063286637949767
shx2=1.0
shy2=0.8
shz2=0.6
req2=1.0
rhos2=1.0
rhof=1.0
ndiv=2
tend=100.0
dt=0.05
tprint=1
logevery=100
nbody=2
impulse_scheme=1
energy_projection=0
impulse_pair_metric_correction=0
