cex1=-5.5
cey1=0.0
cez1=0.0
oriw1=0.007942906603076184
orii1=0.7044128817141572
orij1=0.34658756750855724
orik1=0.6193677908628709
lvx1=1.1938281309528584
lvy1=1.099394653736186
lvz1=-0.7839986037923954
avx1=6.013262987244915
avy1=0.5559900325054287
avz1=1.734923898717869
shx1=1.0
shy1=0.7
shz1=0.7
req1=1.0
rhos1=4.0
cex2=5.5
cey2=0.0
cez2=0.0
oriw2=-0.08938568382313437
orii2=0.07786704927520591
orij2=0.9296239951989269
orik2=-0.3489214090809401
lvx2=1.4402313844298362
lvy2=1.326307064754325
lvz2=-0.9458140290510271
avx2=-0.31833503445832306
avy2=-5.808783773348047
avz2=-2.3738389761486105
shx2=1.0
shy2=0.7
shz2=0.7
req2=1.0
rhos2=4.0
rhof=1.0
ndiv=2
tend=100.0
dt=0.05
tprint=1
logevery=100
nbody=2
impulse_scheme=1
energy_projection=0
impulse_pair_metric_correction=0
