cex1=-1.5
cey1=0.0
cez1=0.0
oriw1=1.0
orii1=1.0
orij1=1.0
orik1=0.0
lvx1=-0.7272260749218596
lvy1=-0.7744456516235189
lvz1=0.8086392584902555
avx1=2.2712712418591536
avy1=2.1881888829575264
avz1=5.434296087145244
shx1=1.0
shy1=0.8
shz1=0.6
req1=1.0
rhos1=0.3
cex2=1.5
cey2=0.0
cez2=0.0
oriw2=1.0
orii2=-1.0
orij2=0.0
orik2=1.0
lvx2=-0.6165039022972715
lvy2=-0.6565341684074715
lvz2=0.6855217044625105
avx2=5.399945211839698
avy2=-3.2118596036863676
avz2=0.054472008358439565
shx2=1.0
shy2=0.8
shz2=0.6
req2=1.0
rhos2=0.3
rhof=1.0
ndiv=2
tend=100.0
dt=0.05
tprint=1
logevery=100
nbody=2
impulse_scheme=1
energy_projection=0
impulse_pair_metric_correction=0
