cex1=-2.5
cey1=0.0
cez1=0.0
oriw1=0.839433799860779
orii1=-0.11377253388282718
orij1=0.5112076124197745
orik1=0.1451670871418454
lvx1=-1.2227151261383544
lvy1=2.4355509163326
lvz1=-2.089706110681678
avx1=-0.8072267893927262
avy1=-6.006340142327868
avz1=1.6585175939690813
shx1=1.0
shy1=0.8
shz1=0.6
req1=1.0
rhos1=1.0
cex2=2.5
cey2=0.0
cez2=0.0
oriw2=0.6519363078789997
orii2=0.3861355775808775
orij2=0.44598461809690354
orik2=-0.4764200736916312
lvx2=-1.2218528725959206
lvy2=2.4338333761137116
lvz2=-2.0882324587589514
avx2=1.1810414547195558
avy2=5.886452779639728
avz2=-1.8528983673324004
shx2=1.0
shy2=0.8
shz2=0.6
req2=1.0
rhos2=1.0
rhof=1.0
ndiv=2
tend=100.0
dt=0.05
tprint=1
logevery=100
nbody=2
impulse_scheme=1
energy_projection=0
impulse_pair_metric_correction=0
