cex1=-5.5
cey1=0.0
cez1=0.0
oriw1=0.29256459107347343
orii1=0.5602454040630392
orij1=-0.7323460565749959
orik1=-0.2533777825605594
lvx1=0.986090920560433
lvy1=1.3009367717963833
lvz1=-1.3228286074019941
avx1=0.34195247693181996
avy1=-6.135815307514756
avz1=1.3089142905267852
shx1=1.0
shy1=0.8
shz1=0.6
req1=1.0
rhos1=1.0
cex2=5.5
cey2=0.0
cez2=0.0
oriw2=0.021015657450101657
orii2=-0.824384623452448
orij2=-0.3785069027597429
orik2=-0.4203342233512898
lvx2=1.0164257373748047
lvy2=1.3409570963290285
lvz2=-1.3635223838537072
avx2=2.5059091364207497
avy2=-3.389016940974873
avz2=4.659764068935869
shx2=1.0
shy2=0.8
shz2=0.6
req2=1.0
rhos2=1.0
rhof=1.0
ndiv=2
tend=100.0
dt=0.05
tprint=1
logevery=100
nbody=2
impulse_scheme=1
energy_projection=0
impulse_pair_metric_correction=0
