cex1=-5.5
cey1=0.0
cez1=0.0
oriw1=1.0
orii1=1.0
orij1=1.0
orik1=0.0
lvx1=-0.43019500429244995
lvy1=3.1227684847450985
lvz1=-1.2598529615119556
avx1=-3.1634723886547698
avy1=1.6296157039983852
avz1=5.1783407292160835
shx1=1.0
shy1=0.7
shz1=0.7
req1=1.0
rhos1=1.0
cex2=5.5
cey2=0.0
cez2=0.0
oriw2=1.0
orii2=-1.0
orij2=0.0
orik2=1.0
lvx2=-0.4458442468486154
lvy2=3.236365716179483
lvz2=-1.3056827465700849
avx2=1.4848829440341524
avy2=0.6357360762042713
avz2=-6.072016130436932
shx2=1.0
shy2=0.7
shz2=0.7
req2=1.0
rhos2=1.0
rhof=1.0
ndiv=2
tend=100.0
dt=0.05
tprint=1
logevery=100
nbody=2
impulse_scheme=1
energy_projection=0
impulse_pair_metric_correction=0
