cex1=-4.0
cey1=0.0
cez1=0.0
oriw1=-0.8587091656324003
orii1=0.40306756375040687
orij1=0.1660999004647495
orik1=-0.26938064328533134
lvx1=1.0926313952268514
lvy1=-0.497057857989752
lvz1=5.209982634108967
avx1=5.453618823642979
avy1=3.1017025064363186
avz1=-0.3404422011605889
shx1=1.2100000000000002
shy1=0.9090909090909091
shz1=0.9090909090909091
req1=1.0
rhos1=1.0
cex2=4.0
cey2=0.0
cez2=0.0
oriw2=0.7457895517641553
orii2=-0.6033373883690673
orij2=0.15349549549560426
orik2=0.2371098334906688
lvx2=1.1217665570867068
lvy2=-0.5103119720574132
lvz2=5.348907515816475
avx2=-4.866778357228469
avy2=1.9413461569937405
avz2=3.4675728002012645
shx2=1.2100000000000002
shy2=0.9090909090909091
shz2=0.9090909090909091
req2=1.0
rhos2=1.0
rhof=1.0
ndiv=2
tend=100.0
dt=0.05
tprint=1
logevery=100
nbody=2
impulse_scheme=1
energy_projection=0
impulse_pair_metric_correction=0
