cex1=-2.5
cey1=0.0
cez1=0.0
oriw1=-0.06664080031778427
orii1=-0.2888002763851086
orij1=-0.910011410804289
orik1=0.28988383242063936
lvx1=0.6811790924004354
lvy1=0.8671997836887716
lvz1=0.01652698116972668
avx1=-5.814790066000851
avy1=-0.6574216975393833
avz1=2.2878878478412523
shx1=1.0
shy1=0.7
shz1=0.7
req1=1.0
rhos1=4.0
cex2=2.5
cey2=0.0
cez2=0.0
oriw2=0.8394755864125524
orii2=0.2755330806163313
orij2=0.45204459458500945
orik2=-0.12254772870131103
lvx2=0.7810632047405395
lvy2=0.9943608806479299
lvz2=0.01895040088741429
avx2=2.8547333806766195
avy2=-5.115316253619669
avz2=-2.2721035528915716
shx2=1.0
shy2=0.7
shz2=0.7
req2=1.0
rhos2=4.0
rhof=1.0
ndiv=2
tend=100.0
dt=0.05
tprint=1
logevery=100
nbody=2
impulse_scheme=1
energy_projection=0
impulse_pair_metric_correction=0
