cex1=-5.5
cey1=0.0
cez1=0.0
oriw1=-0.04211881116887292
orii1=-0.3724367727314918
orij1=0.47580613192765364
orik1=0.7956917624828828
lvx1=-1.5935843471123279
lvy1=0.4713477375197541
lvz1=1.277207238301089
avx1=2.8750924588154096
avy1=-5.308015469835833
avz1=-1.7427658275292381
shx1=1.0
shy1=0.7
shz1=0.7
req1=1.0
rhos1=1.0
cex2=5.5
cey2=0.0
cez2=0.0
oriw2=0.8878947872596792
orii2=0.28242991917338783
orij2=0.1575713659581092
orik2=0.32718106935288666
lvx2=-1.4905568828687437
lvy2=0.4408744448687516
lvz2=1.1946339980994287
avx2=-4.654397982603268
avy2=-1.4023871548319025
avz2=-3.9809932544351976
shx2=1.0
shy2=0.7
shz2=0.7
req2=1.0
rhos2=1.0
rhof=1.0
ndiv=2
tend=100.0
dt=0.05
tprint=1
logevery=100
nbody=2
impulse_scheme=1
energy_projection=0
impulse_pair_metric_correction=0
