cex1=-2.5
cey1=0.0
cez1=0.0
oriw1=-0.7105343296122806
orii1=0.12376076522028176
orij1=-0.07913914434006881
orik1=0.6881578563582915
lvx1=-0.06875982858096372
lvy1=-0.22667887610016624
lvz1=-0.7090844416112557
avx1=3.0745722768693136
avy1=-5.105580395314481
avz1=1.9895908488039709
shx1=1.0
shy1=0.8
shz1=0.6
req1=1.0
rhos1=0.3
cex2=2.5
cey2=0.0
cez2=0.0
oriw2=0.0014995997632995326
orii2=0.45296035694810083
orij2=-0.7740705073738468
orik2=-0.44231155970423647
lvx2=-0.07333495964702248
lvy2=-0.24176160084611295
lvz2=-0.7562653948542477
avx2=-3.0039394143253024
avy2=-1.3448716550171376
avz2=5.352203829354022
shx2=1.0
shy2=0.8
shz2=0.6
req2=1.0
rhos2=0.3
rhof=1.0
ndiv=2
tend=100.0
dt=0.05
tprint=1
logevery=100
nbody=2
impulse_scheme=1
energy_projection=0
impulse_pair_metric_correction=0
