cex1=-4.0
cey1=0.0
cez1=0.0
oriw1=0.8378445754813965
orii1=0.11496864826695152
orij1=-0.22192875561830597
orik1=-0.48533112890250374
lvx1=1.8086688246502
lvy1=-2.035368494321793
lvz1=-5.024359813422474
avx1=-0.004281052402388998
avy1=-1.6326068938375495
avz1=-6.067371260038557
shx1=1.0609
shy1=0.970873786407767
shz1=0.970873786407767
req1=1.0
rhos1=1.0
cex2=4.0
cey2=0.0
cez2=0.0
oriw2=0.46509420071964575
orii2=0.10793156469513704
orij2=-0.8724441235038207
orik2=-0.10430442542415658
lvx2=1.7786389427091078
lvy2=-2.001574648395951
lvz2=-4.940938830006216
avx2=-6.1586408269897825
avy2=-0.454442559478076
avz2=1.1588972036496838
shx2=1.0
shy2=1.0
shz2=1.0
req2=1.0
rhos2=1.0
rhof=1.0
ndiv=2
tend=100.0
dt=0.05
tprint=1
logevery=100
nbody=2
impulse_scheme=1
energy_projection=0
impulse_pair_metric_correction=0
