cex1=-4.0
cey1=0.0
cez1=0.0
oriw1=0.6436920531909945
orii1=-0.5222791277801251
orij1=-0.5542054436852726
orik1=0.07577189144797483
lvx1=4.142465432534551
lvy1=-2.0840563786952564
lvz1=-3.0291888787111483
avx1=3.5383952514375725
avy1=-3.0792620804756416
avz1=4.180469075200329
shx1=1.0
shy1=0.7
shz1=0.7
req1=1.0
rhos1=0.1
cex2=4.0
cey2=0.0
cez2=0.0
oriw2=0.3954286945206614
orii2=0.4416112810980101
orij2=0.6193835555222168
orik2=0.514761726535022
lvx2=4.298522817029421
lvy2=-2.1625681714659786
lvz2=-3.1433062566957304
avx2=-2.1511458055140946
avy2=5.9034714833250925
avz2=0.0037112456107497712
shx2=1.0
shy2=0.7
shz2=0.7
req2=1.0
rhos2=0.1
rhof=1.0
ndiv=2
tend=100.0
dt=0.05
tprint=1
logevery=100
nbody=2
impulse_scheme=1
energy_projection=0
impulse_pair_metric_correction=0
