cex1=-4.0
cey1=0.0
cez1=0.0
oriw1=-0.16482754813506006
orii1=-0.4135858219570428
orij1=-0.1810689465577004
orik1=-0.8769222792496416
lvx1=0.7269254022304406
lvy1=0.29816685505632157
lvz1=-0.11666687752020646
avx1=0.039761587813369886
avy1=6.118573346068537
avz1=-1.4282495682728786
shx1=1.0
shy1=0.7
shz1=0.7
req1=1.0
rhos1=1.0
cex2=4.0
cey2=0.0
cez2=0.0
oriw2=-0.03628074464932568
orii2=-0.5121764993013473
orij2=-0.0698372401350283
orik2=-0.8552670349203397
lvx2=0.5896928184043522
lvy2=0.24187743690539767
lvz2=-0.09464192557892834
avx2=-6.280039106764737
avy2=-0.17670575159828514
avz2=-0.09111256343165718
shx2=1.0
shy2=0.7
shz2=0.7
req2=1.0
rhos2=1.0
rhof=1.0
ndiv=2
tend=100.0
dt=0.05
tprint=1
logevery=100
nbody=2
impulse_scheme=1
energy_projection=0
impulse_pair_metric_correction=0
