cex1=-5.5
cey1=0.0
cez1=0.0
oriw1=-0.4014003218295358
orii1=0.6961718499885207
orij1=-0.29628355968220255
orik1=-0.5161768971784271
lvx1=8.546294901235095
lvy1=-3.2960255246939174
lvz1=-1.8875262076388475
avx1=-1.255924642000586
avy1=-6.010250976768774
avz1=1.333399450361043
shx1=1.0
shy1=0.8
shz1=0.6
req1=1.0
rhos1=0.3
cex2=5.5
cey2=0.0
cez2=0.0
oriw2=-0.690194097960817
orii2=0.6229891786077021
orij2=-0.315892914780184
orik2=-0.18901919709234338
lvx2=8.401473982093556
lvy2=-3.240172848005782
lvz2=-1.8555412032067518
avx2=3.2589788047099923
avy2=-4.678379920514684
avz2=-2.6401204658374
shx2=1.0
shy2=0.8
shz2=0.6
req2=1.0
rhos2=0.3
rhof=1.0
ndiv=2
tend=100.0
dt=0.05
tprint=1
logevery=100
nbody=2
impulse_scheme=1
energy_projection=0
impulse_pair_metric_correction=0
