cex1=-4.0
cey1=0.0
cez1=0.0
oriw1=0.3739188131096718
orii1=-0.18859546504533428
orij1=0.4355802300865433
orik1=-0.7967975495223002
lvx1=-4.498063041745316
lvy1=-0.8446908157986944
lvz1=4.128735188513272
avx1=-0.03158352715290841
avy1=1.5733209660317742
avz1=6.082933603370569
shx1=1.0
shy1=0.8
shz1=0.6
req1=1.0
rhos1=0.03
cex2=4.0
cey2=0.0
cez2=0.0
oriw2=0.9446654733796832
orii2=-0.2851803880829507
orij2=-0.16193520590230437
orik2=0.007501916193532017
lvx2=-4.205860399439106
lvy2=-0.789818110365825
lvz2=3.860524778772529
avx2=2.0819542748659874
avy2=4.617924907378126
avz2=-3.7173449599870882
shx2=1.0
shy2=0.8
shz2=0.6
req2=1.0
rhos2=0.03
rhof=1.0
ndiv=2
tend=100.0
dt=0.05
tprint=1
logevery=100
nbody=2
impulse_scheme=1
energy_projection=0
impulse_pair_metric_correction=0
