cex1=-4.0
cey1=0.0
cez1=0.0
oriw1=-0.1373371183914989
orii1=0.8341812711538632
orij1=-0.25160443098489105
orik1=0.4711425825340069
lvx1=1.0191976376624674
lvy1=5.482237533738685
lvz1=0.697467587462005
avx1=-5.7811674155348465
avy1=2.2138793923308913
avz1=1.0748297326219538
shx1=1.0001
shy1=1.0
shz1=0.9999000099990001
req1=1.0
rhos1=1.0
cex2=4.0
cey2=0.0
cez2=0.0
oriw2=-0.5021213244278523
orii2=0.6431331072961557
orij2=-0.025886651982525776
orik2=-0.5775671935831765
lvx2=1.0192268441232673
lvy2=5.482394634530237
lvz2=0.6974875743212751
avx2=3.29005369324013
avy2=-5.241437834332159
avz2=-1.08687337293073
shx2=1.0001
shy2=1.0
shz2=0.9999000099990001
req2=1.0
rhos2=1.0
rhof=1.0
ndiv=2
tend=100.0
dt=0.05
tprint=1
logevery=100
nbody=2
impulse_scheme=1
energy_projection=0
impulse_pair_metric_correction=0
