cex1=-1.5
cey1=0.0
cez1=0.0
oriw1=-0.3893984415470393
orii1=0.6310225990458114
orij1=-0.5786607326483997
orik1=-0.33960431343701086
lvx1=-1.2279286313026794
lvy1=1.1032119505492315
lvz1=-1.1482779163423975
avx1=-4.0969586428047515
avy1=-4.761992263537842
avz1=0.1295266980611135
shx1=1.0
shy1=0.7
shz1=0.7
req1=1.0
rhos1=0.03
cex2=1.5
cey2=0.0
cez2=0.0
oriw2=-0.3603690581575592
orii2=0.3016584495173855
orij2=0.25697006576080356
orik2=-0.844454088189695
lvx2=-1.2181086589967967
lvy2=1.0943893605991792
lvz2=-1.1390949255312977
avx2=4.284282158630669
avy2=1.0492065671638373
avz2=4.4746518936132516
shx2=1.0
shy2=0.7
shz2=0.7
req2=1.0
rhos2=0.03
rhof=1.0
ndiv=2
tend=100.0
dt=0.05
tprint=1
logevery=100
nbody=2
impulse_scheme=1
energy_projection=0
impulse_pair_metric_correction=0
