cex1=-4.0
cey1=0.0
cez1=0.0
oriw1=-0.5241353961619675
orii1=-0.827344869060297
orij1=-0.15820652829042803
orik1=0.12551194579014113
lvx1=2.8434533249575833
lvy1=-5.029077499372817
lvz1=0.7034246408002384
avx1=-1.9173937136798866
avy1=2.5831578763479675
avz1=5.397157987029817
shx1=1.1
shy1=1.0
shz1=0.9090909090909091
req1=1.0
rhos1=1.0
cex2=4.0
cey2=0.0
cez2=0.0
oriw2=-0.12320007327596881
orii2=-0.925526921637994
orij2=0.35371725438613266
orik2=0.05572937481822646
lvx2=2.7456979939685073
lvy2=-4.856182403397138
lvz2=0.6792415434433212
avx2=-3.59938624018495
avy2=5.076964767153641
avz2=0.8644449383305179
shx2=1.0
shy2=1.0
shz2=1.0
req2=1.0
rhos2=1.0
rhof=1.0
ndiv=2
tend=100.0
dt=0.05
tprint=1
logevery=100
nbody=2
impulse_scheme=1
energy_projection=0
impulse_pair_metric_correction=0
