cex1=-4.0
cey1=0.0
cez1=0.0
oriw1=-0.8476978595959936
orii1=0.4565578136670267
orij1=-0.15438803032120166
orik1=-0.2216475529066252
lvx1=-2.0848872882554983
lvy1=4.839422081560914
lvz1=-1.8279223412527779
avx1=-5.775682414986857
avy1=-2.4359367934438434
avz1=-0.43141880338663097
shx1=1.0201
shy1=0.9900990099009901
shz1=0.9900990099009901
req1=1.0
rhos1=1.0
cex2=4.0
cey2=0.0
cez2=0.0
oriw2=-0.6014226526866775
orii2=0.34003354083144083
orij2=-0.39413441875335964
orik2=0.6060742890924382
lvx2=-2.1007335483761014
lvy2=4.876204281524334
lvz2=-1.8418155301378183
avx2=3.4465082618385425
avy2=-5.24879477224359
avz2=-0.22394607454577017
shx2=1.0
shy2=1.0
shz2=1.0
req2=1.0
rhos2=1.0
rhof=1.0
ndiv=2
tend=100.0
dt=0.05
tprint=1
logevery=100
nbody=2
impulse_scheme=1
energy_projection=0
impulse_pair_metric_correction=0
