cex1=-5.5
cey1=0.0
cez1=0.0
oriw1=0.06401188722493287
orii1=-0.5004087308397223
orij1=-0.7956222453757268
orik1=0.3353786264158284
lvx1=1.031118053523627
lvy1=-0.15902774583687002
lvz1=0.5805302383789949
avx1=-4.448570571078898
avy1=4.375882267653247
avz1=-0.7350454803113059
shx1=1.0
shy1=0.7
shz1=0.7
req1=1.0
rhos1=0.3
cex2=5.5
cey2=0.0
cez2=0.0
oriw2=-0.592895196556565
orii2=-0.7636626652284257
orij2=-0.09782866515218483
orik2=-0.23605967870627798
lvx2=1.112272015446103
lvy2=-0.17154399612087962
lvz2=0.6262207669263891
avx2=2.039007646664959
avy2=-3.037003874391261
avz2=-5.1085685752597785
shx2=1.0
shy2=0.7
shz2=0.7
req2=1.0
rhos2=0.3
rhof=1.0
ndiv=2
tend=100.0
dt=0.05
tprint=1
logevery=100
nbody=2
impulse_scheme=1
energy_projection=0
impulse_pair_metric_correction=0
