cex1=-4.0
cey1=0.0
cez1=0.0
oriw1=-0.28049629213168437
orii1=0.2774511309749043
orij1=-0.8642985462632552
orik1=-0.31197872194806325
lvx1=1.8828800231931364
lvy1=-0.3784882555790595
lvz1=-0.7625328551542553
avx1=-3.3561769558722863
avy1=-3.6019618512870752
avz1=3.9038909650631712
shx1=1.0
shy1=0.7
shz1=0.7
req1=1.0
rhos1=1.0
cex2=4.0
cey2=0.0
cez2=0.0
oriw2=-0.7091223649271975
orii2=-0.5437769058141602
orij2=-0.29190844669051824
orik2=-0.3409422341306006
lvx2=1.9191198748893787
lvy2=-0.38577303107298255
lvz2=-0.7772093492717289
avx2=2.6868383586844193
avy2=5.678887825680567
avz2=-0.09772564656469318
shx2=1.0
shy2=0.7
shz2=0.7
req2=1.0
rhos2=1.0
rhof=1.0
ndiv=2
tend=100.0
dt=0.05
tprint=1
logevery=100
nbody=2
impulse_scheme=1
energy_projection=0
impulse_pair_metric_correction=0
