cex1=-1.5
cey1=0.0
cez1=0.0
oriw1=0.023242896230529962
orii1=-0.8551369504085498
orij1=0.24054034158756746
orik1=0.45862937966261913
lvx1=-0.3972303967348107
lvy1=-1.0686646410874812
lvz1=1.6419408718186974
avx1=-4.236247224157613
avy1=4.57199088927933
avz1=0.7934269774346961
shx1=1.0
shy1=0.7
shz1=0.7
req1=1.0
rhos1=10.0
cex2=1.5
cey2=0.0
cez2=0.0
oriw2=-0.029593313159769295
orii2=0.0058650202949111245
orij2=-0.7065142730399794
orik2=0.7070554570498396
lvx2=-0.431996747948015
lvy2=-1.162196179828168
lvz2=1.7856466241734776
avx2=0.3894795223917156
avy2=4.896167620838445
avz2=3.9184519819245147
shx2=1.0
shy2=0.7
shz2=0.7
req2=1.0
rhos2=10.0
rhof=1.0
ndiv=2
tend=100.0
dt=0.05
tprint=1
logevery=100
nbody=2
impulse_scheme=1
energy_projection=0
impulse_pair_metric_correction=0
