cex1=-2.5
cey1=0.0
cez1=0.0
oriw1=-0.8212832735327183
orii1=-0.2778518215983725
orij1=-0.23192544317277627
orik1=-0.4410246463169147
lvx1=-0.8925063142006723
lvy1=1.4080751499759163
lvz1=0.9012399734136495
avx1=-5.272650767109046
avy1=2.214376255920991
avz1=-2.6027119106184524
shx1=1.0
shy1=0.7
shz1=0.7
req1=1.0
rhos1=4.0
cex2=2.5
cey2=0.0
cez2=0.0
oriw2=-0.3099204739785433
orii2=0.35268013217262995
orij2=-0.17675957414558496
orik2=0.8650561121265388
lvx2=-1.0182873998687925
lvy2=1.6065154503393828
lvz2=1.0282518953461017
avx2=-1.1784369421513525
avy2=4.421346447834843
avz2=4.305972545888863
shx2=1.0
shy2=0.7
shz2=0.7
req2=1.0
rhos2=4.0
rhof=1.0
ndiv=2
tend=100.0
dt=0.05
tprint=1
logevery=100
nbody=2
impulse_scheme=1
energy_projection=0
impulse_pair_metric_correction=0
