cex1=-4.0
cey1=0.0
cez1=0.0
oriw1=-0.1817199790738422
orii1=0.9281205918309445
orij1=-0.27130381558820316
orik1=-0.178785502410184
lvx1=2.4937654795176414
lvy1=-3.070536913738966
lvz1=-4.037064137394894
avx1=2.8972078673726096
avy1=1.770177415948099
avz1=5.2868777263767885
shx1=1.01
shy1=1.01
shz1=0.9802960494069208
req1=1.0
rhos1=1.0
cex2=4.0
cey2=0.0
cez2=0.0
oriw2=0.3698211547289672
orii2=0.6987677142038959
orij2=0.4457636751839295
orik2=0.41982227309626163
lvx2=3.61636892031779
lvy2=-4.452782089870753
lvz2=-5.854405073659278
avx2=4.1476387371139785
avy2=-4.51149546791543
avz2=-1.3863329880398634
shx2=2.0
shy2=2.0
shz2=0.25
req2=1.0
rhos2=1.0
rhof=1.0
ndiv=2
tend=100.0
dt=0.05
tprint=1
logevery=100
nbody=2
impulse_scheme=1
energy_projection=0
impulse_pair_metric_correction=0
