cex1=-2.5
cey1=0.0
cez1=0.0
oriw1=0.8456904578912136
orii1=0.4662840889025502
orij1=-0.13122048530124703
orik1=-0.22398210219875514
lvx1=-0.17656444568029372
lvy1=1.097468943299858
lvz1=0.721278628434978
avx1=-2.786365833522772
avy1=1.4298800729228922
avz1=5.447019921314076
shx1=1.0
shy1=0.8
shz1=0.6
req1=1.0
rhos1=0.3
cex2=2.5
cey2=0.0
cez2=0.0
oriw2=-0.743756703149129
orii2=-0.12640167880620395
orij2=-0.22909097162904274
orik2=0.615114549359526
lvx2=-0.16417913427107989
lvy2=1.0204857512855292
lvz2=0.6706837286998788
avx2=2.7227220965377685
avy2=-5.609725002387367
avz2=0.7721317160772949
shx2=1.0
shy2=0.8
shz2=0.6
req2=1.0
rhos2=0.3
rhof=1.0
ndiv=2
tend=100.0
dt=0.05
tprint=1
logevery=100
nbody=2
impulse_scheme=1
energy_projection=0
impulse_pair_metric_correction=0
