cex1=-4.0
cey1=0.0
cez1=0.0
oriw1=-0.6684541529160583
orii1=-0.6979134729036931
orij1=0.2116379750423647
orik1=-0.14592874051655652
lvx1=-6.45515538229959
lvy1=-4.372819663964427
lvz1=2.4840465811784407
avx1=1.52867148432685
avy1=5.319934275149822
avz1=-2.9731936373955734
shx1=2.0
shy1=1.0
shz1=0.5
req1=1.0
rhos1=1.0
cex2=4.0
cey2=0.0
cez2=0.0
oriw2=-0.23478160738178647
orii2=0.8098823687334457
orij2=0.5069515087359819
orik2=0.17879684963734555
lvx2=-6.454993095816919
lvy2=-4.37270972865217
lvz2=2.483984130755705
avx2=1.7227711765038975
avy2=-5.015715641490033
avz2=3.369432249129968
shx2=2.0
shy2=1.0
shz2=0.5
req2=1.0
rhos2=1.0
rhof=1.0
ndiv=2
tend=100.0
dt=0.05
tprint=1
logevery=100
nbody=2
impulse_scheme=1
energy_projection=0
impulse_pair_metric_correction=0
