cex1=-1.5
cey1=0.0
cez1=0.0
oriw1=-0.38329571119858485
orii1=0.638390095295999
orij1=0.3483156287016671
orik1=-0.5694020607680471
lvx1=0.4937571758504471
lvy1=3.3042714132671414
lvz1=-3.7759610190806296
avx1=5.827930788248092
avy1=0.737390797617423
avz1=-2.2293261635159065
shx1=1.0
shy1=0.8
shz1=0.6
req1=1.0
rhos1=0.03
cex2=1.5
cey2=0.0
cez2=0.0
oriw2=0.9696181621374896
orii2=-0.0845602191242727
orij2=-0.19200153543413334
orik2=-0.12579983857583882
lvx2=0.5435460703160999
lvy2=3.6374635747737947
lvz2=-4.156716851867488
avx2=-3.19751013437908
avy2=4.73129684671488
avz2=-2.6209114241359512
shx2=1.0
shy2=0.8
shz2=0.6
req2=1.0
rhos2=0.03
rhof=1.0
ndiv=2
tend=100.0
dt=0.05
tprint=1
logevery=100
nbody=2
impulse_scheme=1
energy_projection=0
impulse_pair_metric_correction=0
