cex1=-4.0
cey1=0.0
cez1=0.0
oriw1=-0.8213438866943338
orii1=0.13977659687221908
orij1=0.5036423557334463
orik1=0.228475601034183
lvx1=5.694366409127752
lvy1=-0.4733077102817451
lvz1=-0.09134429278409249
avx1=-0.01953841076123318
avy1=-5.730023838325425
avz1=-2.577763113066195
shx1=1.0609
shy1=0.970873786407767
shz1=0.970873786407767
req1=1.0
rhos1=1.0
cex2=4.0
cey2=0.0
cez2=0.0
oriw2=-0.11402718863345841
orii2=0.19340756969153036
orij2=-0.9092830267724563
orik2=0.3504221589196178
lvx2=5.669408125337955
lvy2=-0.471233212909364
lvz2=-0.09094393274083479
avx2=1.9760060175777887
avy2=5.304179884267388
avz2=2.7275435061950897
shx2=1.0609
shy2=0.970873786407767
shz2=0.970873786407767
req2=1.0
rhos2=1.0
rhof=1.0
ndiv=2
tend=100.0
dt=0.05
tprint=1
logevery=100
nbody=2
impulse_scheme=1
energy_projection=0
impulse_pair_metric_correction=0
