cex1=-2.5
cey1=0.0
cez1=0.0
oriw1=-0.3097217117986149
orii1=0.841779942368609
orij1=0.4335292778685038
orik1=0.08678338030550996
lvx1=2.6896366959383506
lvy1=-1.975954562859168
lvz1=5.148799063964667
avx1=1.1836811406666885
avy1=-1.1599349545358584
avz1=-6.060682095509823
shx1=1.0
shy1=0.8
shz1=0.6
req1=1.0
rhos1=10.0
cex2=2.5
cey2=0.0
cez2=0.0
oriw2=-0.37024883448443463
orii2=-0.585627479327807
orij2=0.7062715132187849
orik2=0.14538502548311055
lvx2=2.4704587020123028
lvy2=-1.814934393172124
lvz2=4.72922438621274
avx2=2.601531675820312
avy2=-4.95153434321725
avz2=-2.8622994588269615
shx2=1.0
shy2=0.8
shz2=0.6
req2=1.0
rhos2=10.0
rhof=1.0
ndiv=2
tend=100.0
dt=0.05
tprint=1
logevery=100
nbody=2
impulse_scheme=1
energy_projection=0
impulse_pair_metric_correction=0
