cex1=-5.5
cey1=0.0
cez1=0.0
oriw1=0.42504546252312503
orii1=-0.16474536635160122
orij1=-0.8894301667835502
orik1=-0.03330611759970693
lvx1=3.411673043421594
lvy1=-0.6460326464674983
lvz1=-0.7371114586715692
avx1=-0.4131171039944187
avy1=-2.6170716020557427
avz1=-5.697252679358542
shx1=1.0
shy1=0.7
shz1=0.7
req1=1.0
rhos1=4.0
cex2=5.5
cey2=0.0
cez2=0.0
oriw2=0.6227098544810633
orii2=0.3179588413293453
orij2=-0.555064736354938
orik2=-0.45059710474868364
lvx2=3.0078485883787147
lvy2=-0.5695646561063809
lvz2=-0.6498628773112115
avx2=5.081437836683542
avy2=2.4349194224377273
avz2=-2.7800313887641357
shx2=1.0
shy2=0.7
shz2=0.7
req2=1.0
rhos2=4.0
rhof=1.0
ndiv=2
tend=100.0
dt=0.05
tprint=1
logevery=100
nbody=2
impulse_scheme=1
energy_projection=0
impulse_pair_metric_correction=0
