cex1=-5.5
cey1=0.0
cez1=0.0
oriw1=1.0
orii1=1.0
orij1=1.0
orik1=0.0
lvx1=0.029050715859713867
lvy1=-0.934131068730913
lvz1=-0.5907996540503409
avx1=-5.779087645675031
avy1=0.5352484805768583
avz1=-2.4070880025466077
shx1=1.0
shy1=0.7
shz1=0.7
req1=1.0
rhos1=0.03
cex2=5.5
cey2=0.0
cez2=0.0
oriw2=1.0
orii2=-1.0
orij2=0.0
orik2=1.0
lvx2=0.034067679336334485
lvy2=-1.0954524446595038
lvz2=-0.6928288192070251
avx2=1.6285356537329563
avy2=5.101273094602903
avz2=3.2868376965038193
shx2=1.0
shy2=0.7
shz2=0.7
req2=1.0
rhos2=0.03
rhof=1.0
ndiv=2
tend=100.0
dt=0.05
tprint=1
logevery=100
nbody=2
impulse_scheme=1
energy_projection=0
impulse_pair_metric_correction=0
