cex1=-1.5
cey1=0.0
cez1=0.0
oriw1=-0.013288555128994281
orii1=0.8750454241197744
orij1=0.3699663550597489
orik1=0.31183940763385215
lvx1=0.12043172029183351
lvy1=-1.1774558114982845
lvz1=-0.351732536210646
avx1=3.6258084296440147
avy1=5.016197783177344
avz1=1.0815223695913714
shx1=1.0
shy1=0.7
shz1=0.7
req1=1.0
rhos1=0.3
cex2=1.5
cey2=0.0
cez2=0.0
oriw2=-0.38753770696917034
orii2=0.3025284680349198
orij2=-0.7685724341269985
orik2=-0.4093744804034841
lvx2=0.1279437985253862
lvy2=-1.250901081158907
lvz2=-0.3736722903127839
avx2=-0.010889488399464452
avy2=3.8343946332852665
avz2=-4.97752115210302
shx2=1.0
shy2=0.7
shz2=0.7
req2=1.0
rhos2=0.3
rhof=1.0
ndiv=2
tend=100.0
dt=0.05
tprint=1
logevery=100
nbody=2
impulse_scheme=1
energy_projection=0
impulse_pair_metric_correction=0
