cex1=-4.0
cey1=0.0
cez1=0.0
oriw1=0.3288012218257438
orii1=-0.711543452914181
orij1=-0.545287030145049
orik1=0.2970820188036548
lvx1=4.339082972531611
lvy1=-2.6970483487577743
lvz1=-2.3408221069175434
avx1=4.138416265936898
avy1=3.4358057097834167
avz1=-3.2476403031749093
shx1=1.0003
shy1=1.0
shz1=0.9997000899730081
req1=1.0
rhos1=1.0
cex2=4.0
cey2=0.0
cez2=0.0
oriw2=0.07372925440873176
orii2=0.12486845791347623
orij2=-0.9307535892291491
orik2=0.33566295803930934
lvx2=4.339151520969103
lvy2=-2.697090956481876
lvz2=-2.34085908701193
avx2=-3.874624859300338
avy2=-3.4458718229716863
avz2=3.548473923209676
shx2=1.0003
shy2=1.0
shz2=0.9997000899730081
req2=1.0
rhos2=1.0
rhof=1.0
ndiv=2
tend=100.0
dt=0.05
tprint=1
logevery=100
nbody=2
impulse_scheme=1
energy_projection=0
impulse_pair_metric_correction=0
