cex1=-4.0
cey1=0.0
cez1=0.0
oriw1=0.13201415172507616
orii1=-0.6460822611571634
orij1=0.5207421204504502
orik1=0.5421970301939364
lvx1=2.30540353420006
lvy1=-5.197605989245169
lvz1=5.9827931860589985
avx1=-2.0135405245860065
avy1=-3.9797442381792965
avz1=-4.425574308367901
shx1=2.0
shy1=1.0
shz1=0.5
req1=1.0
rhos1=1.0
cex2=4.0
cey2=0.0
cez2=0.0
oriw2=-0.12087915287353919
orii2=0.4996027575322744
orij2=0.48698305650635076
orik2=0.7061393755785436
lvx2=2.1018045319268093
lvy2=-4.7385855280021545
lvz2=5.45442984080566
avx2=3.130840766402105
avy2=5.043480731590071
avz2=-2.0590181664744467
shx2=2.0
shy2=1.0
shz2=0.5
req2=1.0
rhos2=1.0
rhof=1.0
ndiv=2
tend=100.0
dt=0.05
tprint=1
logevery=100
nbody=2
impulse_scheme=1
energy_projection=0
impulse_pair_metric_correction=0
