cex1=-4.0
cey1=0.0
cez1=0.0
oriw1=0.02714144522703949
orii1=0.12078332141177175
orij1=0.04611779426967101
orik1=-0.9912355321876979
lvx1=-5.485004639549875
lvy1=1.1777463247804874
lvz1=-0.33222248880583605
avx1=2.5528910263506823
avy1=-1.7375042736148927
avz1=5.471950649549535
shx1=1.0
shy1=1.0
shz1=1.0
req1=1.0
rhos1=1.0
cex2=4.0
cey2=0.0
cez2=0.0
oriw2=0.007539347184347644
orii2=-0.1566615571564387
orij2=-0.497654059336199
orik2=-0.8530772250972104
lvx2=-5.485004639549876
lvy2=1.1777463247804876
lvz2=-0.3322224888058361
avx2=-1.6603298879889012
avy2=-5.85764678169498
avz2=-1.552319699129869
shx2=1.0
shy2=1.0
shz2=1.0
req2=1.0
rhos2=1.0
rhof=1.0
ndiv=2
tend=100.0
dt=0.05
tprint=1
logevery=100
nbody=2
impulse_scheme=1
energy_projection=0
impulse_pair_metric_correction=0
