cex1=-4.0
cey1=0.0
cez1=0.0
oriw1=-0.913608385198393
orii1=0.09821224568951556
orij1=0.1409470066587929
orik1=0.36852138961766256
lvx1=-3.010390188461733
lvy1=-1.7808687650615078
lvz1=-0.20009382942129966
avx1=1.7755046663615688
avy1=-2.5781211984213415
avz1=5.447870397718381
shx1=1.0
shy1=0.7
shz1=0.7
req1=1.0
rhos1=4.0
cex2=4.0
cey2=0.0
cez2=0.0
oriw2=-0.7634018266488526
orii2=-0.18968221026142223
orij2=-0.5809920329861528
orik2=-0.20901331963813669
lvx2=-3.0390248965393547
lvy2=-1.7978083157574754
lvz2=-0.20199711372496665
avx2=1.0040119037486688
avy2=-0.003980733739549605
avz2=6.202448053409823
shx2=1.0
shy2=0.7
shz2=0.7
req2=1.0
rhos2=4.0
rhof=1.0
ndiv=2
tend=100.0
dt=0.05
tprint=1
logevery=100
nbody=2
impulse_scheme=1
energy_projection=0
impulse_pair_metric_correction=0
