cex1=-4.0
cey1=0.0
cez1=0.0
oriw1=0.4383321519466247
orii1=-0.27798279800739917
orij1=-0.777075536441195
orik1=-0.3560113751644009
lvx1=2.730907618284954
lvy1=-4.658828899785843
lvz1=-1.5617231834237437
avx1=2.321100582767715
avy1=-2.088750712729639
avz1=-5.4523417124300115
shx1=1.0020009999999997
shy1=0.9990009990009991
shz1=0.9990009990009991
req1=1.0
rhos1=1.0
cex2=4.0
cey2=0.0
cez2=0.0
oriw2=-0.24234635599296117
orii2=0.7816979342700491
orij2=-0.39496511165908904
orik2=-0.4173956682417707
lvx2=2.7300956812780526
lvy2=-4.6574437648339195
lvz2=-1.5612588612919118
avx2=2.26035830573597
avy2=4.608395472012408
avz2=3.6237948489923357
shx2=1.0
shy2=1.0
shz2=1.0
req2=1.0
rhos2=1.0
rhof=1.0
ndiv=2
tend=100.0
dt=0.05
tprint=1
logevery=100
nbody=2
impulse_scheme=1
energy_projection=0
impulse_pair_metric_correction=0
