cex1=-4.0
cey1=0.0
cez1=0.0
oriw1=-0.3098918108095281
orii1=0.5588817849945839
orij1=0.7684729713192663
orik1=-0.032672746229807946
lvx1=-0.4574835742315899
lvy1=2.8428934110921347
lvz1=4.833532723082649
avx1=1.9102059997745389
avy1=-4.879696541996161
avz1=-3.4667120302692425
shx1=1.01
shy1=1.0
shz1=0.9900990099009901
req1=1.0
rhos1=1.0
cex2=4.0
cey2=0.0
cez2=0.0
oriw2=-0.0799202634448073
orii2=0.36862467102283386
orij2=0.910767693136489
orik2=-0.16802027420242568
lvx2=-0.693930547328995
lvy2=4.312221666254823
lvz2=7.331708059016345
avx2=0.3498001957619638
avy2=-4.450676569243202
avz2=4.421259492881172
shx2=2.0
shy2=1.0
shz2=0.5
req2=1.0
rhos2=1.0
rhof=1.0
ndiv=2
tend=100.0
dt=0.05
tprint=1
logevery=100
nbody=2
impulse_scheme=1
energy_projection=0
impulse_pair_metric_correction=0
