cex1=-4.0
cey1=0.0
cez1=0.0
oriw1=-0.7806512841029192
orii1=0.0399384149529699
orij1=0.6222019517469252
orik1=-0.043049121731169405
lvx1=-2.870140294934331
lvy1=1.448703688955283
lvz1=-4.609369413757979
avx1=-3.0926451611927104
avy1=-4.630785545818282
avz1=2.910290147038474
shx1=1.0
shy1=1.0
shz1=1.0
req1=1.0
rhos1=1.0
cex2=4.0
cey2=0.0
cez2=0.0
oriw2=0.7709949697247006
orii2=-0.5130688154037475
orij2=-0.1931873166443118
orik2=-0.32404599674610013
lvx2=-4.3244636799197185
lvy2=2.182773607586376
lvz2=-6.944974310945763
avx2=0.09015524846645315
avy2=-4.914769691063443
avz2=3.913480358879489
shx2=2.0
shy2=1.0
shz2=0.5
req2=1.0
rhos2=1.0
rhof=1.0
ndiv=2
tend=100.0
dt=0.05
tprint=1
logevery=100
nbody=2
impulse_scheme=1
energy_projection=0
impulse_pair_metric_correction=0
