cex1=-4.0
cey1=0.0
cez1=0.0
oriw1=-0.0945258415689983
orii1=0.313849696237116
orij1=0.9406796427473643
orik1=-0.08766437798920222
lvx1=-3.570350565714628
lvy1=-3.7835511809374736
lvz1=2.178546015418526
avx1=-4.529786977107378
avy1=-3.1841338897929354
avz1=2.969972881737802
shx1=1.3
shy1=1.0
shz1=0.7692307692307692
req1=1.0
rhos1=1.0
cex2=4.0
cey2=0.0
cez2=0.0
oriw2=0.38395518718170485
orii2=-0.2704747516469458
orij2=0.8612044775342511
orik2=-0.19429017173481128
lvx2=-3.9719200394241794
lvy2=-4.209100053104906
lvz2=2.423574496729171
avx2=2.61124348091566
avy2=0.8460191480853521
avz2=-5.6519091189443085
shx2=1.3
shy2=1.0
shz2=0.7692307692307692
req2=1.0
rhos2=1.0
rhof=1.0
ndiv=2
tend=100.0
dt=0.05
tprint=1
logevery=100
nbody=2
impulse_scheme=1
energy_projection=0
impulse_pair_metric_correction=0
