cex1=-5.5
cey1=0.0
cez1=0.0
oriw1=0.0725430579849561
orii1=0.3426559948118345
orij1=-0.26655095615523045
orik1=0.8979281495367186
lvx1=-0.6524577865532989
lvy1=-0.24279108558824125
lvz1=-0.44734998686831323
avx1=-0.2771486026020826
avy1=2.4827241623870533
avz1=-5.7652135250945085
shx1=1.0
shy1=0.8
shz1=0.6
req1=1.0
rhos1=0.1
cex2=5.5
cey2=0.0
cez2=0.0
oriw2=0.5271554432527026
orii2=-0.25303271373927777
orij2=0.32800501873215204
orik2=-0.7419530255436013
lvx2=-0.5240938253664762
lvy2=-0.19502458462947056
lvz2=-0.3593387506860642
avx2=-6.059908184198119
avy2=-1.479011880220162
avz2=0.7539590583139858
shx2=1.0
shy2=0.8
shz2=0.6
req2=1.0
rhos2=0.1
rhof=1.0
ndiv=2
tend=100.0
dt=0.05
tprint=1
logevery=100
nbody=2
impulse_scheme=1
energy_projection=0
impulse_pair_metric_correction=0
