cex1=-2.5
cey1=0.0
cez1=0.0
oriw1=-0.02529905048238796
orii1=0.779487005886679
orij1=0.6254836119332735
orik1=-0.02302643918229843
lvx1=1.4927124698240029
lvy1=-0.24312841734776444
lvz1=-1.5106734034978753
avx1=3.159550853414439
avy1=2.8846923496910404
avz1=-4.601543877513231
shx1=1.0
shy1=0.8
shz1=0.6
req1=1.0
rhos1=1.0
cex2=2.5
cey2=0.0
cez2=0.0
oriw2=-0.2988230472812036
orii2=-0.23447602677531174
orij2=-0.9061422064278708
orik2=-0.18609696669013387
lvx2=1.3980361334567972
lvy2=-0.2277078267875762
lvz2=-1.4148578823028124
avx2=3.5976653844925726
avy2=5.11191773918095
avz2=-0.6352309921819573
shx2=1.0
shy2=0.8
shz2=0.6
req2=1.0
rhos2=1.0
rhof=1.0
ndiv=2
tend=100.0
dt=0.05
tprint=1
logevery=100
nbody=2
impulse_scheme=1
energy_projection=0
impulse_pair_metric_correction=0
