cex1=-4.0
cey1=0.0
cez1=0.0
oriw1=0.27826239318181917
orii1=0.923986898792654
orij1=-0.2406144591552071
orik1=0.10451283866447943
lvx1=-5.224521390998111
lvy1=0.20294862250700824
lvz1=2.0691894626915492
avx1=-2.894277415604208
avy1=-1.7747918624684518
avz1=5.286935756257742
shx1=1.0060089999999997
shy1=0.9970089730807579
shz1=0.9970089730807579
req1=1.0
rhos1=1.0
cex2=4.0
cey2=0.0
cez2=0.0
oriw2=0.2260478866937825
orii2=-0.2468625729194927
orij2=0.9375898196682118
orik2=0.09426851578004734
lvx2=-13.479927190681607
lvy2=0.5236331617968462
lvz2=5.338771001850372
avx2=2.7058024031820485
avy2=4.761794819069767
avz2=3.0793442581777066
shx2=4.0
shy2=0.5
shz2=0.5
req2=1.0
rhos2=1.0
rhof=1.0
ndiv=2
tend=100.0
dt=0.05
tprint=1
logevery=100
nbody=2
impulse_scheme=1
energy_projection=0
impulse_pair_metric_correction=0
