cex1=-1.5
cey1=0.0
cez1=0.0
oriw1=-0.09853945446312296
orii1=0.6713316123516636
orij1=-0.4225164250609663
orik1=-0.6009024153097795
lvx1=0.1448293388742837
lvy1=-0.2520069067174866
lvz1=0.7767100657961903
avx1=-0.7837975307470725
avy1=1.9882234623310109
avz1=-5.908557057267765
shx1=1.0
shy1=0.8
shz1=0.6
req1=1.0
rhos1=0.03
cex2=1.5
cey2=0.0
cez2=0.0
oriw2=0.501029025870515
orii2=-0.48660349124871594
orij2=0.44529649373723945
orik2=0.5602659995083802
lvx2=0.13713418736886565
lvy2=-0.2386171381617789
lvz2=0.7354414825205803
avx2=-3.115753844041064
avy2=2.5558776811790214
avz2=4.820579308190221
shx2=1.0
shy2=0.8
shz2=0.6
req2=1.0
rhos2=0.03
rhof=1.0
ndiv=2
tend=100.0
dt=0.05
tprint=1
logevery=100
nbody=2
impulse_scheme=1
energy_projection=0
impulse_pair_metric_correction=0
