cex1=-4.0
cey1=0.0
cez1=0.0
oriw1=-0.4691852004140945
orii1=0.323092304914776
orij1=0.16431486429427544
orik1=-0.8052808426811091
lvx1=2.7349807491898335
lvy1=-3.1969648652454214
lvz1=3.727066081017396
avx1=3.0769254405067534
avy1=3.6754373152303015
avz1=4.062278668399354
shx1=1.0020009999999997
shy1=0.9990009990009991
shz1=0.9990009990009991
req1=1.0
rhos1=1.0
cex2=4.0
cey2=0.0
cez2=0.0
oriw2=0.3287088595400995
orii2=0.588935338002588
orij2=-0.0026835942161433325
orik2=0.7383078298607618
lvx2=7.222473676673274
lvy2=-8.442470606538706
lvz2=9.842349592165835
avx2=2.4003449812047686
avy2=-4.474066107479936
avz2=-3.7012827562159916
shx2=4.0
shy2=0.5
shz2=0.5
req2=1.0
rhos2=1.0
rhof=1.0
ndiv=2
tend=100.0
dt=0.05
tprint=1
logevery=100
nbody=2
impulse_scheme=1
energy_projection=0
impulse_pair_metric_correction=0
