cex1=-4.0
cey1=0.0
cez1=0.0
oriw1=0.23933651166129216
orii1=0.44633575085557425
orij1=-0.7844244237980426
orik1=0.35802340013343253
lvx1=-2.305382045376189
lvy1=-1.9421764870887626
lvz1=-0.2946229388267516
avx1=5.611606093178442
avy1=0.7775742859241963
avz1=2.7172914619579354
shx1=1.0
shy1=0.7
shz1=0.7
req1=1.0
rhos1=4.0
cex2=4.0
cey2=0.0
cez2=0.0
oriw2=-0.25085564458814746
orii2=-0.46494757927790564
orij2=0.7015283716469936
orik2=-0.47828144211980295
lvx2=-2.5865675410562696
lvy2=-2.1790621084180195
lvz2=-0.3305578491635778
avx2=3.12870875498118
avy2=4.634164353866802
avz2=-2.866028588868548
shx2=1.0
shy2=0.7
shz2=0.7
req2=1.0
rhos2=4.0
rhof=1.0
ndiv=2
tend=100.0
dt=0.05
tprint=1
logevery=100
nbody=2
impulse_scheme=1
energy_projection=0
impulse_pair_metric_correction=0
