cex1=-5.5
cey1=0.0
cez1=0.0
oriw1=-0.5511974176577664
orii1=0.5675384327133964
orij1=0.510341543448708
orik1=-0.33709500617929933
lvx1=-0.773404764001156
lvy1=0.7859439195022002
lvz1=3.5498042668276875
avx1=-0.21939331968383224
avy1=2.0575111226282035
avz1=5.932700241533931
shx1=1.0
shy1=0.8
shz1=0.6
req1=1.0
rhos1=10.0
cex2=5.5
cey2=0.0
cez2=0.0
oriw2=0.4937693984160454
orii2=-0.4108995664735024
orij2=-0.7482385820653557
orik2=-0.16580817762875988
lvx2=-0.6924379521015844
lvy2=0.703664398537352
lvz2=3.1781795397370436
avx2=-4.636340439069258
avy2=0.478489097184559
avz2=-4.213527396527049
shx2=1.0
shy2=0.8
shz2=0.6
req2=1.0
rhos2=10.0
rhof=1.0
ndiv=2
tend=100.0
dt=0.05
tprint=1
logevery=100
nbody=2
impulse_scheme=1
energy_projection=0
impulse_pair_metric_correction=0
