cex1=-4.0
cey1=0.0
cez1=0.0
oriw1=0.12029022952015068
orii1=0.42307859408973225
orij1=0.20258229985405557
orik1=0.8749258115354047
lvx1=-1.4721675489465942
lvy1=4.970268785355381
lvz1=2.17530031500918
avx1=3.2460688736523653
avy1=2.621733987843965
avz1=-4.697655305452549
shx1=1.0060089999999997
shy1=0.9970089730807579
shz1=0.9970089730807579
req1=1.0
rhos1=1.0
cex2=4.0
cey2=0.0
cez2=0.0
oriw2=0.3042271852781204
orii2=0.09168126681262789
orij2=-0.3528484191648669
orik2=-0.880078609072075
lvx2=-1.4733378713935374
lvy2=4.974219977684681
lvz2=2.177029603763928
avx2=-1.8884078910467788
avy2=1.0494010641862277
avz2=5.900092427062011
shx2=1.0060089999999997
shy2=0.9970089730807579
shz2=0.9970089730807579
req2=1.0
rhos2=1.0
rhof=1.0
ndiv=2
tend=100.0
dt=0.05
tprint=1
logevery=100
nbody=2
impulse_scheme=1
energy_projection=0
impulse_pair_metric_correction=0
