cex1=-4.0
cey1=0.0
cez1=0.0
oriw1=0.6918559982280169
orii1=0.4758171225823424
orij1=0.5185669617490363
orik1=0.16131227403935527
lvx1=1.9405098644714573
lvy1=4.693327600624658
lvz1=2.3893175860386964
avx1=-4.270133686505349
avy1=-2.7984705492503164
avz1=3.6623678800344877
shx1=1.03
shy1=1.0
shz1=0.970873786407767
req1=1.0
rhos1=1.0
cex2=4.0
cey2=0.0
cez2=0.0
oriw2=-0.7064613974592818
orii2=-0.6811145318013407
orij2=-0.11163693925303492
orik2=0.15662848483955014
lvx2=1.943002852568897
lvy2=4.699357155052575
lvz2=2.392387160902527
avx2=-1.0829672665062202
avy2=3.786286071224123
avz2=-4.895879623815079
shx2=1.0
shy2=1.0
shz2=1.0
req2=1.0
rhos2=1.0
rhof=1.0
ndiv=2
tend=100.0
dt=0.05
tprint=1
logevery=100
nbody=2
impulse_scheme=1
energy_projection=0
impulse_pair_metric_correction=0
