cex1=-4.0
cey1=0.0
cez1=0.0
oriw1=-0.8169465688464699
orii1=0.016681734524527807
orij1=-0.18983310760002423
orik1=-0.5443192212683204
lvx1=0.35319858106012036
lvy1=-4.644788293195718
lvz1=3.1427075166413276
avx1=5.553630984001645
avy1=-2.8801230895504157
avz1=-0.5835164838570769
shx1=1.0003
shy1=1.0
shz1=0.9997000899730081
req1=1.0
rhos1=1.0
cex2=4.0
cey2=0.0
cez2=0.0
oriw2=0.06108442977445786
orii2=-0.1706477245087382
orij2=0.921460087162533
orik2=0.34359766344597886
lvx2=0.3805895037211432
lvy2=-5.004996526575036
lvz2=3.386427800783367
avx2=-5.258039062273909
avy2=-1.6569461737667464
avz2=3.0142946440583556
shx2=2.0
shy2=1.0
shz2=0.5
req2=1.0
rhos2=1.0
rhof=1.0
ndiv=2
tend=100.0
dt=0.05
tprint=1
logevery=100
nbody=2
impulse_scheme=1
energy_projection=0
impulse_pair_metric_correction=0
