cex1=-2.5
cey1=0.0
cez1=0.0
oriw1=0.93535167109034
orii1=0.13387358277691652
orij1=-0.13337691344282482
orik1=-0.29900788314598964
lvx1=-1.8869631675054608
lvy1=8.295682419958847
lvz1=4.556276282807629
avx1=1.3533751509555239
avy1=-3.7100559276966574
avz1=4.886949797010037
shx1=1.0
shy1=0.7
shz1=0.7
req1=1.0
rhos1=1.0
cex2=2.5
cey2=0.0
cez2=0.0
oriw2=0.8879900988706897
orii2=0.22477913589741597
orij2=0.3837657195449945
orik2=-0.11692645925942578
lvx2=-1.8501386858293816
lvy2=8.133790438957334
lvz2=4.467359596262439
avx2=2.493718627692366
avy2=-5.067766766160238
avz2=-2.7527304652034754
shx2=1.0
shy2=0.7
shz2=0.7
req2=1.0
rhos2=1.0
rhof=1.0
ndiv=2
tend=100.0
dt=0.05
tprint=1
logevery=100
nbody=2
impulse_scheme=1
energy_projection=0
impulse_pair_metric_correction=0
