cex1=-4.0
cey1=0.0
cez1=0.0
oriw1=0.000733047565739947
orii1=-0.5752499103973435
orij1=0.7851393124236262
orik1=0.2294411979485597
lvx1=1.1149302461329165
lvy1=0.28308199386609556
lvz1=0.05659725435563518
avx1=-5.14124113364771
avy1=-2.5122487471332295
avz1=-2.5951230110678307
shx1=1.0
shy1=0.7
shz1=0.7
req1=1.0
rhos1=0.3
cex2=4.0
cey2=0.0
cez2=0.0
oriw2=-0.5802401970785981
orii2=-0.5354360734348322
orij2=-0.07004995995736636
orik2=-0.6096905182704171
lvx2=1.262639462465756
lvy2=0.3205855234518503
lvz2=0.06409542396441323
avx2=-1.1466033713922135
avy2=4.214025649899189
avz2=4.517267551857113
shx2=1.0
shy2=0.7
shz2=0.7
req2=1.0
rhos2=0.3
rhof=1.0
ndiv=2
tend=100.0
dt=0.05
tprint=1
logevery=100
nbody=2
impulse_scheme=1
energy_projection=0
impulse_pair_metric_correction=0
