cex1=-2.5
cey1=0.0
cez1=0.0
oriw1=-0.40766552075710716
orii1=-0.31865666251105546
orij1=0.8387316691363874
orik1=-0.16969367050907128
lvx1=0.28946894754659463
lvy1=-0.4734175151300437
lvz1=-1.1766019599470505
avx1=-1.3808571537014955
avy1=5.697360061975629
avz1=2.260915621962459
shx1=1.0
shy1=0.7
shz1=0.7
req1=1.0
rhos1=0.3
cex2=2.5
cey2=0.0
cez2=0.0
oriw2=0.04426696625494646
orii2=0.05549626239520211
orij2=0.6436847031122522
orik2=-0.761991209619926
lvx2=0.2869005539813448
lvy2=-0.4692169868528583
lvz2=-1.1661622325483043
avx2=-1.9775623066724533
avy2=-1.89005376618764
avz2=-5.65644426194634
shx2=1.0
shy2=0.7
shz2=0.7
req2=1.0
rhos2=0.3
rhof=1.0
ndiv=2
tend=100.0
dt=0.05
tprint=1
logevery=100
nbody=2
impulse_scheme=1
energy_projection=0
impulse_pair_metric_correction=0
