cex1=-5.5
cey1=0.0
cez1=0.0
oriw1=0.2834278386039723
orii1=0.8806584599291325
orij1=0.009806623749227037
orik1=-0.3794906683835194
lvx1=0.7727590793442912
lvy1=-1.3045664614578196
lvz1=1.4439323025496846
avx1=0.8489946568150457
avy1=-6.132874742758981
avz1=-1.0702677546697859
shx1=1.0
shy1=0.8
shz1=0.6
req1=1.0
rhos1=0.1
cex2=5.5
cey2=0.0
cez2=0.0
oriw2=-0.10825019714630496
orii2=0.6645329321660307
orij2=-0.7051118237028993
orik2=0.22247515132925552
lvx2=0.7653245388963901
lvy2=-1.2920155223825864
lvz2=1.4300405562159557
avx2=3.0279963102118446
avy2=4.688129592056087
avz2=-2.8863639544916913
shx2=1.0
shy2=0.8
shz2=0.6
req2=1.0
rhos2=0.1
rhof=1.0
ndiv=2
tend=100.0
dt=0.05
tprint=1
logevery=100
nbody=2
impulse_scheme=1
energy_projection=0
impulse_pair_metric_correction=0
