cex1=-5.5
cey1=0.0
cez1=0.0
oriw1=0.06694901170077805
orii1=0.4421757659259815
orij1=-0.5614193697022434
orik1=-0.6962806281832035
lvx1=0.7586358385962314
lvy1=-0.04558356795207168
lvz1=-0.17793866483030954
avx1=1.990566539319809
avy1=5.285169320052975
avz1=-2.75373341397975
shx1=1.0
shy1=0.7
shz1=0.7
req1=1.0
rhos1=0.1
cex2=5.5
cey2=0.0
cez2=0.0
oriw2=-0.18351645526437527
orii2=0.21034026064029526
orij2=-0.41609228404193416
orik2=0.8654166028923512
lvx2=0.6879569735894018
lvy2=-0.04133674136953679
lvz2=-0.16136087845218597
avx2=-4.873251409389389
avy2=2.9056239967770106
avz2=-2.699479115421226
shx2=1.0
shy2=0.7
shz2=0.7
req2=1.0
rhos2=0.1
rhof=1.0
ndiv=2
tend=100.0
dt=0.05
tprint=1
logevery=100
nbody=2
impulse_scheme=1
energy_projection=0
impulse_pair_metric_correction=0
