cex1=-1.5
cey1=0.0
cez1=0.0
oriw1=1.0
orii1=1.0
orij1=1.0
orik1=0.0
lvx1=-0.1882375548094336
lvy1=-1.9743769634296615
lvz1=0.009686615327383047
avx1=4.411321225970937
avy1=-2.0521853388058786
avz1=3.9758267040762605
shx1=1.0
shy1=0.7
shz1=0.7
req1=1.0
rhos1=1.0
cex2=1.5
cey2=0.0
cez2=0.0
oriw2=1.0
orii2=-1.0
orij2=0.0
orik2=1.0
lvx2=-0.1963735776804164
lvy2=-2.059713686734783
lvz2=0.010105291207048965
avx2=3.315485079123782
avy2=3.021758451856664
avz2=-4.399426343638204
shx2=1.0
shy2=0.7
shz2=0.7
req2=1.0
rhos2=1.0
rhof=1.0
ndiv=2
tend=100.0
dt=0.05
tprint=1
logevery=100
nbody=2
impulse_scheme=1
energy_projection=1
