cex1=-1.5
cey1=0.0
cez1=0.0
oriw1=-0.28077119940300255
orii1=-0.35469292866746244
orij1=-0.10658693365024523
orik1=0.8854375672593386
lvx1=0.007839889637465767
lvy1=2.960638766306927
lvz1=-1.961594153800557
avx1=-0.22586634961804705
avy1=-1.7566791767846306
avz1=-6.028389525098633
shx1=1.0
shy1=0.7
shz1=0.7
req1=1.0
rhos1=4.0
cex2=1.5
cey2=0.0
cez2=0.0
oriw2=-0.8225725377783539
orii2=0.4582755393852549
orij2=-0.30351262625705766
orik2=-0.14573275471415423
lvx2=0.006859511507031315
lvy2=2.5904109145355347
lvz2=-1.7162968220646753
avx2=5.204008131284893
avy2=-2.213043366334453
avz2=2.7384586965300803
shx2=1.0
shy2=0.7
shz2=0.7
req2=1.0
rhos2=4.0
rhof=1.0
ndiv=2
tend=100.0
dt=0.05
tprint=1
logevery=100
nbody=2
impulse_scheme=1
energy_projection=0
impulse_pair_metric_correction=0
