cex1=-4.0
cey1=0.0
cez1=0.0
oriw1=0.6651281394172652
orii1=0.31437369964574324
orij1=0.11526335624206036
orik1=-0.6674489447397388
lvx1=2.8179995359848045
lvy1=-1.2414634396698987
lvz1=-1.4189556302201456
avx1=-2.359642673036657
avy1=5.452769881790582
avz1=-2.043967875525293
shx1=1.0
shy1=0.8
shz1=0.6
req1=1.0
rhos1=10.0
cex2=4.0
cey2=0.0
cez2=0.0
oriw2=0.7764262179239186
orii2=0.4656981199267353
orij2=-0.20275587467537864
orik2=-0.37306520140812627
lvx2=2.816424702982725
lvy2=-1.2407696504869334
lvz2=-1.418162649906834
avx2=-2.2817874259222695
avy2=-5.547034737794975
avz2=-1.8714351084011134
shx2=1.0
shy2=0.8
shz2=0.6
req2=1.0
rhos2=10.0
rhof=1.0
ndiv=2
tend=100.0
dt=0.05
tprint=1
logevery=100
nbody=2
impulse_scheme=1
energy_projection=0
impulse_pair_metric_correction=0
