cex1=-5.5
cey1=0.0
cez1=0.0
oriw1=0.21109812661130847
orii1=0.5659254413721392
orij1=0.6155327118178266
orik1=-0.5062464384379783
lvx1=-0.297030892596792
lvy1=-3.821273925256341
lvz1=-4.432756773093895
avx1=-0.5027659390344053
avy1=-0.08188257154298759
avz1=-6.26250263547903
shx1=1.0
shy1=0.7
shz1=0.7
req1=1.0
rhos1=0.3
cex2=5.5
cey2=0.0
cez2=0.0
oriw2=-0.0391244988162691
orii2=-0.8765295923005099
orij2=-0.04370469068044713
orik2=-0.4777604498348563
lvx2=-0.29336875490743913
lvy2=-3.774160875362171
lvz2=-4.378104660969931
avx2=1.7530280671286418
avy2=-5.8597232511618405
avz2=1.4383857688429615
shx2=1.0
shy2=0.7
shz2=0.7
req2=1.0
rhos2=0.3
rhof=1.0
ndiv=2
tend=100.0
dt=0.05
tprint=1
logevery=100
nbody=2
impulse_scheme=1
energy_projection=0
impulse_pair_metric_correction=0
