cex1=-4.0
cey1=0.0
cez1=0.0
oriw1=0.9303199567287532
orii1=0.05824294368615579
orij1=0.36101971332949667
orik1=0.027880175940441922
lvx1=2.433917805050714
lvy1=-0.6607302204350782
lvz1=-1.8671693756475105
avx1=5.0442308082953256
avy1=-3.373165743822383
avz1=-1.629695070160339
shx1=1.0
shy1=0.8
shz1=0.6
req1=1.0
rhos1=10.0
cex2=4.0
cey2=0.0
cez2=0.0
oriw2=0.6155375650543864
orii2=0.658913819269466
orij2=0.051278007949616525
orik2=0.4293211509853219
lvx2=2.6250087013812515
lvy2=-0.7126052384794866
lvz2=-2.0137639191661973
avx2=1.8587774349558017
avy2=-5.937411421923783
avz2=-0.8777867955634584
shx2=1.0
shy2=0.8
shz2=0.6
req2=1.0
rhos2=10.0
rhof=1.0
ndiv=2
tend=100.0
dt=0.05
tprint=1
logevery=100
nbody=2
impulse_scheme=1
energy_projection=0
impulse_pair_metric_correction=0
