cex1=-4.0
cey1=0.0
cez1=0.0
oriw1=-0.07012114365916959
orii1=-0.9677031475915715
orij1=0.23144551196255214
orik1=-0.07118018225382257
lvx1=1.014903720032323
lvy1=4.74336812940525
lvz1=-2.895088374899038
avx1=0.2628853680666181
avy1=-2.4226644232883916
avz1=-5.791373410491387
shx1=1.0201
shy1=0.9900990099009901
shz1=0.9900990099009901
req1=1.0
rhos1=1.0
cex2=4.0
cey2=0.0
cez2=0.0
oriw2=-0.4194744181313902
orii2=-0.6563279201430379
orij2=-0.3276002045255376
orik2=-0.5347457150542411
lvx2=1.0096684087302175
lvy2=4.718899789908839
lvz2=-2.8801542598785312
avx2=2.7085283485995766
avy2=2.42647732376597
avz2=-5.123914478837388
shx2=1.0
shy2=1.0
shz2=1.0
req2=1.0
rhos2=1.0
rhof=1.0
ndiv=2
tend=100.0
dt=0.05
tprint=1
logevery=100
nbody=2
impulse_scheme=1
energy_projection=0
impulse_pair_metric_correction=0
