cex1=-4.0
cey1=0.0
cez1=0.0
oriw1=0.28542686836810727
orii1=-0.44624925291357476
orij1=-0.8480618326884698
orik1=0.013573320327958433
lvx1=2.5974650692051933
lvy1=-2.479330868253045
lvz1=-4.333274128544986
avx1=-1.0259766210286008
avy1=4.6863818233707715
avz1=4.057538044558574
shx1=1.0060089999999997
shy1=0.9970089730807579
shz1=0.9970089730807579
req1=1.0
rhos1=1.0
cex2=4.0
cey2=0.0
cez2=0.0
oriw2=-0.10048382144728632
orii2=0.9029519229564835
orij2=0.373103515886756
orik2=-0.1880813464687015
lvx2=7.067557727613196
lvy2=-6.746121149029968
lvz2=-11.790597462177114
avx2=1.8742618916582743
avy2=-5.045252444377384
avz2=-3.2420653507199706
shx2=4.0
shy2=0.5
shz2=0.5
req2=1.0
rhos2=1.0
rhof=1.0
ndiv=2
tend=100.0
dt=0.05
tprint=1
logevery=100
nbody=2
impulse_scheme=1
energy_projection=0
impulse_pair_metric_correction=0
