cex1=-5.5
cey1=0.0
cez1=0.0
oriw1=0.6162062640906082
orii1=-0.5028475648417119
orij1=-0.6036492681724883
orik1=-0.05515186001464828
lvx1=-3.146353114768303
lvy1=0.8396704713690528
lvz1=4.361315829080849
avx1=4.663847233799993
avy1=1.7711307626587098
avz1=-3.8196914018932944
shx1=1.0
shy1=0.8
shz1=0.6
req1=1.0
rhos1=1.0
cex2=5.5
cey2=0.0
cez2=0.0
oriw2=-0.03749049189763952
orii2=-0.23703737361247915
orij2=0.18935028185567024
orik2=0.952131407574264
lvx2=-3.1886706483823177
lvy2=0.8509637948139238
lvz2=4.419974257574517
avx2=3.5590739385009047
avy2=4.367025302353187
avz2=-2.7821754641373997
shx2=1.0
shy2=0.8
shz2=0.6
req2=1.0
rhos2=1.0
rhof=1.0
ndiv=2
tend=100.0
dt=0.05
tprint=1
logevery=100
nbody=2
impulse_scheme=1
energy_projection=0
impulse_pair_metric_correction=0
