cex1=-4.0
cey1=0.0
cez1=0.0
oriw1=1.0
orii1=2.0
orij1=0.0
orik1=0.0
lvx1=-1.5498751592767979
lvy1=-1.064515276388336
lvz1=-0.25214196993959537
avx1=5.460423733769553
avy1=2.3425502729955823
avz1=2.043195651554673
shx1=1.0
shy1=0.8
shz1=0.6
req1=1.0
rhos1=0.1
cex2=4.0
cey2=0.0
cez2=0.0
oriw2=1.0
orii2=0.0
orij2=1.0
orik2=0.0
lvx2=-1.6617306131709726
lvy2=-1.141342005757469
lvz2=-0.2703392126817302
avx2=-3.0426372322302897
avy2=5.376873141427885
avz2=1.1445573373120574
shx2=1.0
shy2=0.8
shz2=0.6
req2=1.0
rhos2=0.1
rhof=1.0
ndiv=2
tend=100.0
dt=0.05
tprint=1
logevery=100
nbody=2
impulse_scheme=1
energy_projection=1
