cex1=-1.5
cey1=0.0
cez1=0.0
oriw1=-0.05226291239884009
orii1=0.4509069920099774
orij1=-0.8100736058358328
orik1=-0.37112292528519075
lvx1=2.4745111598400062
lvy1=-0.23859894261436812
lvz1=2.520771146177291
avx1=-0.878594690932601
avy1=-5.194454287095918
avz1=-3.4240522240020415
shx1=1.0
shy1=0.7
shz1=0.7
req1=1.0
rhos1=10.0
cex2=1.5
cey2=0.0
cez2=0.0
oriw2=-0.027826570769721205
orii2=-0.7147808078688461
orij2=0.6019663864403575
orik2=0.3548951228989989
lvx2=2.1507076586799667
lvy2=-0.2073769484502314
lvz2=2.190914269391903
avx2=-5.36596930339726
avy2=0.6477616923593479
avz2=3.203934429614237
shx2=1.0
shy2=0.7
shz2=0.7
req2=1.0
rhos2=10.0
rhof=1.0
ndiv=2
tend=100.0
dt=0.05
tprint=1
logevery=100
nbody=2
impulse_scheme=1
energy_projection=0
impulse_pair_metric_correction=0
