cex1=-2.5
cey1=0.0
cez1=0.0
oriw1=-0.5656681162601793
orii1=0.3042711322317385
orij1=-0.7576922561197408
orik1=-0.11550370276858375
lvx1=-3.035149614089855
lvy1=1.8026217715599135
lvz1=-0.16546624750096936
avx1=-1.0897172127548787
avy1=-6.168359580755345
avz1=-0.4922134527691397
shx1=1.0
shy1=0.7
shz1=0.7
req1=1.0
rhos1=0.03
cex2=2.5
cey2=0.0
cez2=0.0
oriw2=0.06623543942087251
orii2=-0.42083694589931486
orij2=-0.2308662581151284
orik2=-0.8747627692093325
lvx2=-3.045144919504705
lvy2=1.8085581363013936
lvz2=-0.1660111582598801
avx2=-0.6590921043782288
avy2=5.339473284084721
avz2=-3.2456186237525255
shx2=1.0
shy2=0.7
shz2=0.7
req2=1.0
rhos2=0.03
rhof=1.0
ndiv=2
tend=100.0
dt=0.05
tprint=1
logevery=100
nbody=2
impulse_scheme=1
energy_projection=0
impulse_pair_metric_correction=0
