cex1=-4.0
cey1=0.0
cez1=0.0
oriw1=-0.29753337456069967
orii1=-0.6144827004625362
orij1=-0.48663407028861894
orik1=-0.5450432858857386
lvx1=5.892479731210869
lvy1=-2.8642648157206825
lvz1=-0.41686885951060687
avx1=-2.593637210765916
avy1=-3.5278855550487127
avz1=-4.506161019511671
shx1=1.3
shy1=1.3
shz1=0.5917159763313609
req1=1.0
rhos1=1.0
cex2=4.0
cey2=0.0
cez2=0.0
oriw2=-0.10309289941430516
orii2=-0.05256636010557877
orij2=-0.9884739998067011
orik2=-0.09761036615925907
lvx2=5.044159471175093
lvy2=-2.4519063547465314
lvz2=-0.35685366804075264
avx2=4.888047351161138
avy2=2.5609540293511244
avz2=3.0044841748150817
shx2=1.0
shy2=1.0
shz2=1.0
req2=1.0
rhos2=1.0
rhof=1.0
ndiv=2
tend=100.0
dt=0.05
tprint=1
logevery=100
nbody=2
impulse_scheme=1
energy_projection=0
impulse_pair_metric_correction=0
