cex1=-5.5
cey1=0.0
cez1=0.0
oriw1=0.43221361037517536
orii1=-0.4991451729186889
orij1=-0.05599703206713181
orik1=0.7489391322117579
lvx1=-2.4388307770311064
lvy1=4.460294435368847
lvz1=0.187853392822394
avx1=5.741004180055621
avy1=0.29600539589872366
avz1=2.5360736216719255
shx1=1.0
shy1=0.8
shz1=0.6
req1=1.0
rhos1=1.0
cex2=5.5
cey2=0.0
cez2=0.0
oriw2=0.9605675022821082
orii2=-0.20720152032780334
orij2=0.14374132474964468
orik2=0.117115477596158
lvx2=-2.4990933069055883
lvy2=4.570506521091173
lvz2=0.19249517477938702
avx2=-5.4355038350999685
avy2=-0.3114301680156917
avz2=3.136355673934429
shx2=1.0
shy2=0.8
shz2=0.6
req2=1.0
rhos2=1.0
rhof=1.0
ndiv=2
tend=100.0
dt=0.05
tprint=1
logevery=100
nbody=2
impulse_scheme=1
energy_projection=0
impulse_pair_metric_correction=0
