cex1=-4.0
cey1=0.0
cez1=0.0
oriw1=-0.5996913511913856
orii1=-0.744677525236371
orij1=-0.26192720746365933
orik1=-0.13122425349139333
lvx1=0.44406350373113834
lvy1=2.5084835752062804
lvz1=-5.5885702525162015
avx1=-1.351629764636686
avy1=-0.7164705356756019
avz1=6.094110645140464
shx1=1.1
shy1=1.1
shz1=0.8264462809917354
req1=1.0
rhos1=1.0
cex2=4.0
cey2=0.0
cez2=0.0
oriw2=-0.17467683798482397
orii2=-0.5156805046227263
orij2=-0.015108463537463873
orik2=0.8386497205348674
lvx2=0.4440016177526535
lvy2=2.508133985656001
lvz2=-5.587791413148628
avx2=1.4650543797070608
avy2=-0.49368345791988155
avz2=6.090017234149248
shx2=1.1
shy2=1.1
shz2=0.8264462809917354
req2=1.0
rhos2=1.0
rhof=1.0
ndiv=2
tend=100.0
dt=0.05
tprint=1
logevery=100
nbody=2
impulse_scheme=1
energy_projection=0
impulse_pair_metric_correction=0
