cex1=-4.0
cey1=0.0
cez1=0.0
oriw1=-0.2655458877352137
orii1=-0.6364457781249951
orij1=0.6999612830625481
orik1=0.1856780957119555
lvx1=0.4614308164331519
lvy1=-4.986888427013777
lvz1=2.5495177216716844
avx1=-4.019944646225164
avy1=2.267664320907625
avz1=4.263350932462122
shx1=1.00020001
shy1=0.9999000099990001
shz1=0.9999000099990001
req1=1.0
rhos1=1.0
cex2=4.0
cey2=0.0
cez2=0.0
oriw2=0.8706860994142487
orii2=-0.21708707417489184
orij2=-0.17998599633508022
orik2=-0.4029689313535901
lvx2=0.4614360680839974
lvy2=-4.986945183944374
lvz2=2.5495467383225487
avx2=-5.171483297632438
avy2=3.558739769470239
avz2=-0.26372212621823915
shx2=1.0
shy2=1.0
shz2=1.0
req2=1.0
rhos2=1.0
rhof=1.0
ndiv=2
tend=100.0
dt=0.05
tprint=1
logevery=100
nbody=2
impulse_scheme=1
energy_projection=0
impulse_pair_metric_correction=0
