cex1=-4.0
cey1=0.0
cez1=0.0
oriw1=-0.7497080820642604
orii1=-0.16688917253362748
orij1=0.638172905579547
orik1=-0.05311438941311347
lvx1=-5.234816682766763
lvy1=-2.150154030423041
lvz1=-1.8877195349307718
avx1=-2.7164224815308
avy1=2.2527016011704486
avz1=-5.198538448667624
shx1=1.1
shy1=1.1
shz1=0.8264462809917354
req1=1.0
rhos1=1.0
cex2=4.0
cey2=0.0
cez2=0.0
oriw2=0.4963017178158319
orii2=0.5733310504701294
orij2=0.6217544969480329
orik2=-0.1959526906800997
lvx2=-4.931313714003314
lvy2=-2.025492906437477
lvz2=-1.7782737763179919
avx2=-2.572779282070614
avy2=-4.060358008991821
avz2=4.046321441620972
shx2=1.0
shy2=1.0
shz2=1.0
req2=1.0
rhos2=1.0
rhof=1.0
ndiv=2
tend=100.0
dt=0.05
tprint=1
logevery=100
nbody=2
impulse_scheme=1
energy_projection=0
impulse_pair_metric_correction=0
