cex1=-1.5
cey1=0.0
cez1=0.0
oriw1=0.1802477702108372
orii1=-0.8092843667111882
orij1=-0.22382028825249597
orik1=-0.5123221971547414
lvx1=-3.559211720589298
lvy1=-8.083462946600566
lvz1=-1.5324085897127542
avx1=4.172109365789227
avy1=-2.761848151131407
avz1=-3.8005415185659106
shx1=1.0
shy1=0.7
shz1=0.7
req1=1.0
rhos1=1.0
cex2=1.5
cey2=0.0
cez2=0.0
oriw2=0.33599635418703117
orii2=0.6102349888820614
orij2=0.15754706754518008
orik2=0.6999275889869238
lvx2=-3.7910680063703825
lvy2=-8.61004069532115
lvz2=-1.6322336610493373
avx2=2.0571271774390985
avy2=-5.121787391308495
avz2=3.002322317545569
shx2=1.0
shy2=0.7
shz2=0.7
req2=1.0
rhos2=1.0
rhof=1.0
ndiv=2
tend=100.0
dt=0.05
tprint=1
logevery=100
nbody=2
impulse_scheme=1
energy_projection=0
impulse_pair_metric_correction=0
