cex1=-4.0
cey1=0.0
cez1=0.0
oriw1=1.0
orii1=1.0
orij1=1.0
orik1=0.0
lvx1=-1.0502326723346072
lvy1=0.057607085122278065
lvz1=-0.005339618716709349
avx1=-2.734286807901898
avy1=4.643745521220498
avz1=-3.230746166233993
shx1=1.0
shy1=0.7
shz1=0.7
req1=1.0
rhos1=0.03
cex2=4.0
cey2=0.0
cez2=0.0
oriw2=1.0
orii2=-1.0
orij2=0.0
orik2=1.0
lvx2=-1.0375822007594735
lvy2=0.05691318479708089
lvz2=-0.005275300878789085
avx2=3.171619469994615
avy2=-5.055191886045137
avz2=1.9657778453253376
shx2=1.0
shy2=0.7
shz2=0.7
req2=1.0
rhos2=0.03
rhof=1.0
ndiv=2
tend=100.0
dt=0.05
tprint=1
logevery=100
nbody=2
impulse_scheme=1
energy_projection=1
