cex1=-4.0
cey1=0.0
cez1=0.0
oriw1=0.2056734770107305
orii1=0.8748648658953758
orij1=0.14862465158869376
orik1=-0.4125779928890074
lvx1=-3.581636010867024
lvy1=-1.3394700669436677
lvz1=-4.121294168022191
avx1=2.188354193906826
avy1=3.3623780179705154
avz1=-4.835694116736139
shx1=1.001
shy1=1.001
shz1=0.9980029960049943
req1=1.0
rhos1=1.0
cex2=4.0
cey2=0.0
cez2=0.0
oriw2=-0.48124283846959165
orii2=0.7752072683422382
orij2=0.32688012122050975
orik2=-0.24618774925239598
lvx2=-3.5800795795961977
lvy2=-1.3388879885045961
lvz2=-4.119503223576713
avx2=-1.3191645181939278
avy2=5.080846136001292
avz2=3.4530023342848115
shx2=1.001
shy2=1.001
shz2=0.9980029960049943
req2=1.0
rhos2=1.0
rhof=1.0
ndiv=2
tend=100.0
dt=0.05
tprint=1
logevery=100
nbody=2
impulse_scheme=1
energy_projection=0
impulse_pair_metric_correction=0
