cex1=-4.0
cey1=0.0
cez1=0.0
oriw1=0.7084947700924282
orii1=0.15939641603219207
orij1=0.4080707241427837
orik1=-0.5532686756046775
lvx1=0.8600059785657308
lvy1=5.276501463109209
lvz1=-0.3016343765298874
avx1=-5.415635255283038
avy1=2.376095691671264
avz1=2.1221408176919154
shx1=1.3
shy1=1.0
shz1=0.7692307692307692
req1=1.0
rhos1=1.0
cex2=4.0
cey2=0.0
cez2=0.0
oriw2=-0.18206925915809485
orii2=0.9745489794667972
orij2=0.007209496060886459
orik2=-0.1305874980861293
lvx2=1.3669845955882889
lvy2=8.387030321229414
lvz2=-0.4794496276687444
avx2=0.4107222418423212
avy2=-4.569098973732837
avz2=4.293373896208783
shx2=2.0
shy2=1.0
shz2=0.5
req2=1.0
rhos2=1.0
rhof=1.0
ndiv=2
tend=100.0
dt=0.05
tprint=1
logevery=100
nbody=2
impulse_scheme=1
energy_projection=0
impulse_pair_metric_correction=0
