cex1=-4.0
cey1=0.0
cez1=0.0
oriw1=0.8564447283533314
orii1=0.2698790722219303
orij1=0.1943678985816339
orik1=0.39482759991340316
lvx1=-2.8438798583338407
lvy1=-3.481429004225302
lvz1=3.3725414196353083
avx1=2.471208277338249
avy1=5.26852027017942
avz1=-2.369439051142894
shx1=1.003
shy1=1.0
shz1=0.9970089730807579
req1=1.0
rhos1=1.0
cex2=4.0
cey2=0.0
cez2=0.0
oriw2=0.5988852397395975
orii2=0.09276210785871643
orij2=-0.22280720589109315
orik2=-0.7636023899718076
lvx2=-2.847637978898378
lvy2=-3.4860296310402554
lvz2=3.3769981540598457
avx2=1.3850799104160456
avy2=1.095698065896748
avz2=6.029877029799981
shx2=1.003
shy2=1.0
shz2=0.9970089730807579
req2=1.0
rhos2=1.0
rhof=1.0
ndiv=2
tend=100.0
dt=0.05
tprint=1
logevery=100
nbody=2
impulse_scheme=1
energy_projection=0
impulse_pair_metric_correction=0
