cex1=-4.0
cey1=0.0
cez1=0.0
oriw1=-0.2825204795803205
orii1=-0.5025993885335532
orij1=0.7780829527123261
orik1=-0.24932499265391003
lvx1=3.782243766652405
lvy1=-4.1349660611006875
lvz1=-0.8976526430231421
avx1=0.5704520400127706
avy1=0.17917136233403508
avz1=6.254670230901231
shx1=1.01
shy1=1.01
shz1=0.9802960494069208
req1=1.0
rhos1=1.0
cex2=4.0
cey2=0.0
cez2=0.0
oriw2=0.10092793726815595
orii2=0.9376255576295985
orij2=0.15407807538571036
orik2=-0.29484201166729057
lvx2=5.350559993669451
lvy2=-5.8495394127619065
lvz2=-1.2698664116570857
avx2=0.994839061601459
avy2=-6.1882626763467465
avz2=-0.4405881233115189
shx2=2.0
shy2=2.0
shz2=0.25
req2=1.0
rhos2=1.0
rhof=1.0
ndiv=2
tend=100.0
dt=0.05
tprint=1
logevery=100
nbody=2
impulse_scheme=1
energy_projection=0
impulse_pair_metric_correction=0
