cex1=-1.5
cey1=0.0
cez1=0.0
oriw1=0.40687937729391893
orii1=0.682004036350982
orij1=0.0623176228327873
orik1=0.6045131765465099
lvx1=-0.8789985033638834
lvy1=5.577350091038785
lvz1=0.7568616981116354
avx1=3.543363681787845
avy1=-2.6715457789989747
avz1=4.44812708605061
shx1=1.0
shy1=0.8
shz1=0.6
req1=1.0
rhos1=0.1
cex2=1.5
cey2=0.0
cez2=0.0
oriw2=0.042345105652156836
orii2=0.49895501264442926
orij2=-0.3931851487443158
orik2=-0.7711395633678869
lvx2=-0.7789669387567004
lvy2=4.942637911400793
lvz2=0.6707295152198356
avx2=-5.483796232368748
avy2=3.0068886521637355
avz2=0.6041664668820346
shx2=1.0
shy2=0.8
shz2=0.6
req2=1.0
rhos2=0.1
rhof=1.0
ndiv=2
tend=100.0
dt=0.05
tprint=1
logevery=100
nbody=2
impulse_scheme=1
energy_projection=0
impulse_pair_metric_correction=0
