cex1=-5.5
cey1=0.0
cez1=0.0
oriw1=0.5311252083767026
orii1=0.25689594504729785
orij1=-0.7758419158212192
orik1=-0.2235616427295171
lvx1=0.34015889265048616
lvy1=1.1094874615215342
lvz1=0.0594355248462151
avx1=-4.983716534404678
avy1=2.8491789412409134
avz1=-2.554049034346868
shx1=1.0
shy1=0.7
shz1=0.7
req1=1.0
rhos1=0.1
cex2=5.5
cey2=0.0
cez2=0.0
oriw2=0.1562407164460195
orii2=0.7816459781420635
orij2=0.1848670874937829
orik2=0.5748413375361392
lvx2=0.38374627804983713
lvy2=1.2516553090361848
lvz2=0.06705149251267434
avx2=-0.3975373874322401
avy2=-5.997867520084649
avz2=-1.8291984150071317
shx2=1.0
shy2=0.7
shz2=0.7
req2=1.0
rhos2=0.1
rhof=1.0
ndiv=2
tend=100.0
dt=0.05
tprint=1
logevery=100
nbody=2
impulse_scheme=1
energy_projection=0
impulse_pair_metric_correction=0
