cex1=-4.0
cey1=0.0
cez1=0.0
oriw1=0.23883935738732412
orii1=0.4860639015259711
orij1=-0.10587573393908209
orik1=0.8339592160046088
lvx1=0.5825610523288454
lvy1=2.658540986017572
lvz1=-4.920014037302363
avx1=-0.5411816929594384
avy1=-5.05271082263288
avz1=-3.695355642209767
shx1=1.0020009999999997
shy1=0.9990009990009991
shz1=0.9990009990009991
req1=1.0
rhos1=1.0
cex2=4.0
cey2=0.0
cez2=0.0
oriw2=0.6984315144346757
orii2=0.5802891233413339
orij2=0.39025489263070623
orik2=0.15218104926050308
lvx2=0.5822751576319217
lvy2=2.657236293974707
lvz2=-4.917599516255287
avx2=-3.996058119194596
avy2=4.484771562369954
avz2=-1.8430304245275353
shx2=1.0
shy2=1.0
shz2=1.0
req2=1.0
rhos2=1.0
rhof=1.0
ndiv=2
tend=100.0
dt=0.05
tprint=1
logevery=100
nbody=2
impulse_scheme=1
energy_projection=0
impulse_pair_metric_correction=0
