cex1=-4.0
cey1=0.0
cez1=0.0
oriw1=-0.03496237130555917
orii1=-0.30969490909195985
orij1=-0.7384168117862436
orik1=0.5980027658352879
lvx1=0.7533554173177394
lvy1=-1.38462892868326
lvz1=5.394727197591602
avx1=-3.105212645952074
avy1=3.821725861138222
avz1=3.902625202358544
shx1=1.001
shy1=1.001
shz1=0.9980029960049943
req1=1.0
rhos1=1.0
cex2=4.0
cey2=0.0
cez2=0.0
oriw2=-0.561371653684296
orii2=0.6269786167883239
orij2=-0.2661444875574225
orik2=-0.47002850155363546
lvx2=0.7536591188901182
lvy2=-1.3851871167219145
lvz2=5.396901984013524
avx2=-0.31071799035292663
avy2=-3.6771762588449226
avz2=-5.08529710992541
shx2=1.001
shy2=1.001
shz2=0.9980029960049943
req2=1.0
rhos2=1.0
rhof=1.0
ndiv=2
tend=100.0
dt=0.05
tprint=1
logevery=100
nbody=2
impulse_scheme=1
energy_projection=0
impulse_pair_metric_correction=0
