cex1=-1.5
cey1=0.0
cez1=0.0
oriw1=-0.2415647396151013
orii1=0.8021780899086077
orij1=0.5459706766496614
orik1=-0.008532812196276373
lvx1=-3.224181792577588
lvy1=8.92178552079783
lvz1=-2.1408928184796276
avx1=-0.28046740366658873
avy1=-6.0604591848452145
avz1=-1.6341940241792672
shx1=1.0
shy1=0.7
shz1=0.7
req1=1.0
rhos1=1.0
cex2=1.5
cey2=0.0
cez2=0.0
oriw2=0.3277566251271917
orii2=0.44476930648954877
orij2=0.8298262748890964
orik2=0.07838502531558747
lvx2=-3.2201635489461884
lvy2=8.910666449307447
lvz2=-2.1382246597073244
avx2=-0.6047948034470954
avy2=2.3023280927237257
avz2=-5.814802335723542
shx2=1.0
shy2=0.7
shz2=0.7
req2=1.0
rhos2=1.0
rhof=1.0
ndiv=2
tend=100.0
dt=0.05
tprint=1
logevery=100
nbody=2
impulse_scheme=1
energy_projection=0
impulse_pair_metric_correction=0
