cex1=-4.0
cey1=0.0
cez1=0.0
oriw1=-0.18789650910605074
orii1=0.779304022149241
orij1=0.3151252324326212
orik1=-0.5080120380582154
lvx1=-0.7877442567101226
lvy1=-1.8749079839816114
lvz1=0.23008218692717636
avx1=-2.6469955544515162
avy1=-5.638586582977099
avz1=0.8235128932457547
shx1=1.0
shy1=0.8
shz1=0.6
req1=1.0
rhos1=0.03
cex2=4.0
cey2=0.0
cez2=0.0
oriw2=-0.3469879436679182
orii2=-0.758242524181099
orij2=0.45145051674228004
orik2=0.3175847483833464
lvx2=-0.781770592246179
lvy2=-1.8606900812782003
lvz2=0.22833741535680221
avx2=4.669429370570566
avy2=-0.8621495304591958
avz2=-4.114795881297077
shx2=1.0
shy2=0.8
shz2=0.6
req2=1.0
rhos2=0.03
rhof=1.0
ndiv=2
tend=100.0
dt=0.05
tprint=1
logevery=100
nbody=2
impulse_scheme=1
energy_projection=0
impulse_pair_metric_correction=0
