cex1=-4.0
cey1=0.0
cez1=0.0
oriw1=-0.1185244493615221
orii1=-0.6246471229926238
orij1=-0.22056686290481378
orik1=0.7396743781076339
lvx1=1.6942236690299999
lvy1=-2.626798557054245
lvz1=3.1402295832748917
avx1=-6.13315486402616
avy1=-1.0103614882775442
avz1=0.9176048611658926
shx1=4.0
shy1=0.5
shz1=0.5
req1=1.0
rhos1=1.0
cex2=4.0
cey2=0.0
cez2=0.0
oriw2=-0.6707658171572267
orii2=-0.42198131036605485
orij2=-0.5304294944959769
orik2=0.30108062641738925
lvx2=5.911034777685904
lvy2=-9.164727130516702
lvz2=10.956054159769455
avx2=-1.6734166245956534
avy2=6.055954714862372
avz2=0.05921905453936256
shx2=4.0
shy2=0.5
shz2=0.5
req2=1.0
rhos2=1.0
rhof=1.0
ndiv=2
tend=100.0
dt=0.05
tprint=1
logevery=100
nbody=2
impulse_scheme=1
energy_projection=0
impulse_pair_metric_correction=0
