cex1=-4.0
cey1=0.0
cez1=0.0
oriw1=-0.011589581142959108
orii1=0.8387938405284087
orij1=0.18776405873976565
orik1=0.5109160723113955
lvx1=4.42684845301006
lvy1=-3.436832468959295
lvz1=-0.410417404375946
avx1=-6.002171226676445
avy1=-1.324579277783269
avz1=-1.303014929646607
shx1=1.00020001
shy1=0.9999000099990001
shz1=0.9999000099990001
req1=1.0
rhos1=1.0
cex2=4.0
cey2=0.0
cez2=0.0
oriw2=0.7605813953898476
orii2=0.015028256756692943
orij2=-0.6470849186970506
orik2=-0.05070700622713395
lvx2=11.583051497496358
lvy2=-8.992629383812472
lvz2=-1.0738759143929895
avx2=-2.5330212752836605
avy2=3.3943212439055457
avz2=-4.641207183103259
shx2=4.0
shy2=0.5
shz2=0.5
req2=1.0
rhos2=1.0
rhof=1.0
ndiv=2
tend=100.0
dt=0.05
tprint=1
logevery=100
nbody=2
impulse_scheme=1
energy_projection=0
impulse_pair_metric_correction=0
