cex1=-4.0
cey1=0.0
cez1=0.0
oriw1=0.9106944895913432
orii1=-0.09872495116569431
orij1=-0.04411616596027726
orik1=-0.39867617755047674
lvx1=0.19266655289452683
lvy1=-4.584857501970385
lvz1=-3.168397014544983
avx1=-5.81603164895538
avy1=0.38388549083624973
avz1=2.346236431528634
shx1=1.0201
shy1=0.9900990099009901
shz1=0.9900990099009901
req1=1.0
rhos1=1.0
cex2=4.0
cey2=0.0
cez2=0.0
oriw2=-0.02625375552145454
orii2=0.2378492023372768
orij2=0.7184104880482711
orik2=-0.6531652684664011
lvx2=0.19416613688084242
lvy2=-4.6205428806009845
lvz2=-3.193057638581283
avx2=-5.326824601807784
avy2=1.6119728978158872
avz2=2.916316279596544
shx2=1.0
shy2=1.0
shz2=1.0
req2=1.0
rhos2=1.0
rhof=1.0
ndiv=2
tend=100.0
dt=0.05
tprint=1
logevery=100
nbody=2
impulse_scheme=1
energy_projection=0
impulse_pair_metric_correction=0
