cex1=-2.5
cey1=0.0
cez1=0.0
oriw1=-0.025540544337794385
orii1=0.6829655799474221
orij1=0.2684815285586764
orik1=-0.6788397204236116
lvx1=0.8210202549667035
lvy1=0.011632619914826565
lvz1=0.0748486832584564
avx1=-0.948273842126959
avy1=2.431599425211337
avz1=5.715463109845702
shx1=1.0
shy1=0.8
shz1=0.6
req1=1.0
rhos1=0.1
cex2=2.5
cey2=0.0
cez2=0.0
oriw2=-0.5110650174140845
orii2=-0.7346612972474467
orij2=-0.33414921398100694
orik2=0.2956850166953267
lvx2=0.7396778903862551
lvy2=0.010480121173883833
lvz2=0.0674330697639723
avx2=-2.929363471038748
avy2=-5.5137845981107265
avz2=-0.7038655159461835
shx2=1.0
shy2=0.8
shz2=0.6
req2=1.0
rhos2=0.1
rhof=1.0
ndiv=2
tend=100.0
dt=0.05
tprint=1
logevery=100
nbody=2
impulse_scheme=1
energy_projection=0
impulse_pair_metric_correction=0
