cex1=-5.5
cey1=0.0
cez1=0.0
oriw1=0.3960548678803165
orii1=-0.8767386207934298
orij1=-0.18948553568118456
orik1=-0.19638015226889405
lvx1=-0.3493164483784846
lvy1=0.39038751900847296
lvz1=-0.5742798568834462
avx1=-2.210179964856409
avy1=5.332223105623897
avz1=-2.4821198357765493
shx1=1.0
shy1=0.7
shz1=0.7
req1=1.0
rhos1=0.3
cex2=5.5
cey2=0.0
cez2=0.0
oriw2=0.49133169789948505
orii2=0.7878246421715226
orij2=-0.2284873776458273
orik2=-0.292778097000193
lvx2=-0.3546104203174972
lvy2=0.39630393256576507
lvz2=-0.5829832015487023
avx2=-1.2294770777674435
avy2=-4.19888692769602
avz2=-4.50956231668056
shx2=1.0
shy2=0.7
shz2=0.7
req2=1.0
rhos2=0.3
rhof=1.0
ndiv=2
tend=100.0
dt=0.05
tprint=1
logevery=100
nbody=2
impulse_scheme=1
energy_projection=0
impulse_pair_metric_correction=0
