cex1=-1.5
cey1=0.0
cez1=0.0
oriw1=1.0
orii1=2.0
orij1=0.0
orik1=0.0
lvx1=1.4550728533983266
lvy1=1.1974032291121905
lvz1=0.49471719008416837
avx1=-5.2225799572400815
avy1=-1.635325436277294
avz1=-3.086873322968744
shx1=1.0
shy1=0.8
shz1=0.6
req1=1.0
rhos1=0.1
cex2=1.5
cey2=0.0
cez2=0.0
oriw2=1.0
orii2=0.0
orij2=1.0
orik2=0.0
lvx2=1.5563720040377205
lvy2=1.2807639555518637
lvz2=0.5291583735927408
avx2=-1.2541729088729736
avy2=6.1216220378740545
avz2=-0.6566669965981553
shx2=1.0
shy2=0.8
shz2=0.6
req2=1.0
rhos2=0.1
rhof=1.0
ndiv=2
tend=100.0
dt=0.05
tprint=1
logevery=100
nbody=2
impulse_scheme=1
energy_projection=1
