cex1=-5.5
cey1=0.0
cez1=0.0
oriw1=0.3512740606643057
orii1=0.9021344019293065
orij1=0.24965026808949656
orik1=0.02085182972558305
lvx1=-0.10088720425896953
lvy1=0.16774167062249942
lvz1=-2.2224943828460715
avx1=-2.335265904744206
avy1=0.8901527067641513
avz1=-5.764770499953759
shx1=1.0
shy1=0.8
shz1=0.6
req1=1.0
rhos1=4.0
cex2=5.5
cey2=0.0
cez2=0.0
oriw2=0.5220987162182942
orii2=-0.629998195398505
orij2=0.4579355676619593
orik2=-0.34757764627195925
lvx2=-0.09471006766975214
lvy2=0.15747115892828156
lvz2=-2.086415169704549
avx2=0.21438693322633923
avy2=-6.247193621138836
avz2=0.6364178715446888
shx2=1.0
shy2=0.8
shz2=0.6
req2=1.0
rhos2=4.0
rhof=1.0
ndiv=2
tend=100.0
dt=0.05
tprint=1
logevery=100
nbody=2
impulse_scheme=1
energy_projection=0
impulse_pair_metric_correction=0
