cex1=-4.0
cey1=0.0
cez1=0.0
oriw1=-0.7463681868427368
orii1=0.0028918364922445885
orij1=-0.14549833316850141
orik1=0.6494277496349963
lvx1=-0.11963080483875804
lvy1=-0.0907283598166866
lvz1=-0.7326609284307163
avx1=-3.6180555132043923
avy1=-0.6343576190226721
avz1=-5.097615356116683
shx1=1.0
shy1=0.7
shz1=0.7
req1=1.0
rhos1=10.0
cex2=4.0
cey2=0.0
cez2=0.0
oriw2=-0.9148484959291573
orii2=0.013305869075928168
orij2=-0.28110892317776615
orik2=0.289573749939682
lvx2=-0.11549314481416255
lvy2=-0.08759034609173842
lvz2=-0.7073204499541506
avx2=4.476710347849399
avy2=3.435931582050297
avz2=-2.7625814430139233
shx2=1.0
shy2=0.7
shz2=0.7
req2=1.0
rhos2=10.0
rhof=1.0
ndiv=2
tend=100.0
dt=0.05
tprint=1
logevery=100
nbody=2
impulse_scheme=1
energy_projection=0
impulse_pair_metric_correction=0
