cex1=-2.5
cey1=0.0
cez1=0.0
oriw1=-0.318766754576929
orii1=-0.6699163511917646
orij1=-0.22763625952797786
orik1=0.6306992721816914
lvx1=-1.2288182887444346
lvy1=1.1589934843951888
lvz1=1.2866914981954174
avx1=-2.332658840525771
avy1=5.2572917738798575
avz1=-2.5294275127723247
shx1=1.0
shy1=0.7
shz1=0.7
req1=1.0
rhos1=0.3
cex2=2.5
cey2=0.0
cez2=0.0
oriw2=-0.02556015977895357
orii2=-0.6236134141191944
orij2=0.48932354561165514
orik2=0.6091103805327202
lvx2=-1.2177508621127362
lvy2=1.148554939109322
lvz2=1.2751028329840148
avx2=-2.7224954679423057
avy2=-2.317836143978354
avz2=-5.166630588793686
shx2=1.0
shy2=0.7
shz2=0.7
req2=1.0
rhos2=0.3
rhof=1.0
ndiv=2
tend=100.0
dt=0.05
tprint=1
logevery=100
nbody=2
impulse_scheme=1
energy_projection=0
impulse_pair_metric_correction=0
