cex1=-4.0
cey1=0.0
cez1=0.0
oriw1=0.11694897504866919
orii1=0.27800612950178377
orij1=-0.7955824804341188
orik1=0.5254370048072347
lvx1=4.141231365480449
lvy1=-2.157392771760786
lvz1=3.1205151393176846
avx1=3.463581213027279
avy1=-4.071962944833581
avz1=3.3016875323119463
shx1=1.01
shy1=1.01
shz1=0.9802960494069208
req1=1.0
rhos1=1.0
cex2=4.0
cey2=0.0
cez2=0.0
oriw2=0.132155433604874
orii2=0.014290641422253713
orij2=-0.34189237972214326
orik2=0.930290449066515
lvx2=4.124556496030323
lvy2=-2.1487059248674627
lvz2=3.1079502333819766
avx2=1.8967098565651097
avy2=5.97490128471728
avz2=-0.4259858709511202
shx2=1.01
shy2=1.01
shz2=0.9802960494069208
req2=1.0
rhos2=1.0
rhof=1.0
ndiv=2
tend=100.0
dt=0.05
tprint=1
logevery=100
nbody=2
impulse_scheme=1
energy_projection=0
impulse_pair_metric_correction=0
