cex1=-4.0
cey1=0.0
cez1=0.0
oriw1=0.32298982770508966
orii1=0.10784439203642929
orij1=-0.07609415790252738
orik1=-0.9371535826311687
lvx1=-6.027271691632442
lvy1=6.171612628421711
lvz1=7.03575169082158
avx1=-4.589344215929111
avy1=-4.031411088652379
avz1=-1.4710750852237613
shx1=4.0
shy1=0.5
shz1=0.5
req1=1.0
rhos1=1.0
cex2=4.0
cey2=0.0
cez2=0.0
oriw2=0.8211631407511651
orii2=-0.049271805451721495
orij2=-0.24867683889420925
orik2=-0.5112956241322563
lvx2=-8.633518228475504
lvy2=8.840273485686726
lvz2=10.078074057631138
avx2=-0.6112783137300624
avy2=3.8455726695550774
avz2=4.931158816210628
shx2=4.0
shy2=0.5
shz2=0.5
req2=1.0
rhos2=1.0
rhof=1.0
ndiv=2
tend=100.0
dt=0.05
tprint=1
logevery=100
nbody=2
impulse_scheme=1
energy_projection=0
impulse_pair_metric_correction=0
