cex1=-4.0
cey1=0.0
cez1=0.0
oriw1=0.5090839980011787
orii1=-0.15778515492898293
orij1=0.733508594994258
orik1=0.42178486095724477
lvx1=-5.033746580512674
lvy1=-0.5823650811133807
lvz1=2.4247771791910084
avx1=-4.879045521336043
avy1=3.9400831143355335
avz1=0.3861055001112103
shx1=1.0020009999999997
shy1=0.9990009990009991
shz1=0.9990009990009991
req1=1.0
rhos1=1.0
cex2=4.0
cey2=0.0
cez2=0.0
oriw2=-0.882240244114338
orii2=0.24828835125115856
orij2=-0.04019279923076425
orik2=-0.3979818905277603
lvx2=-5.035774836200948
lvy2=-0.5825997344217123
lvz2=2.4257541985994804
avx2=-3.8325840050985516
avy2=-0.2839329912548423
avz2=-4.970824831423579
shx2=1.0
shy2=1.0
shz2=1.0
req2=1.0
rhos2=1.0
rhof=1.0
ndiv=2
tend=100.0
dt=0.05
tprint=1
logevery=100
nbody=2
impulse_scheme=1
energy_projection=0
impulse_pair_metric_correction=0
