cex1=-2.5
cey1=0.0
cez1=0.0
oriw1=0.04075057338386412
orii1=0.35784109742787623
orij1=0.6902566440102832
orik1=-0.6275626703048554
lvx1=-3.370206248314635
lvy1=3.170124576318882
lvz1=2.3645723371544456
avx1=-4.9853568569628095
avy1=-3.5375312780878336
avz1=-1.4527584347170686
shx1=1.0
shy1=0.7
shz1=0.7
req1=1.0
rhos1=4.0
cex2=2.5
cey2=0.0
cez2=0.0
oriw2=0.03307413986613489
orii2=-0.6203759898241616
orij2=-0.3986606304870339
orik2=0.6746179913265637
lvx2=-3.8002192504954326
lvy2=3.574608660054622
lvz2=2.6662740060306236
avx2=-0.5387534196197646
avy2=2.1191239724342994
avz2=5.8904563445169265
shx2=1.0
shy2=0.7
shz2=0.7
req2=1.0
rhos2=4.0
rhof=1.0
ndiv=2
tend=100.0
dt=0.05
tprint=1
logevery=100
nbody=2
impulse_scheme=1
energy_projection=0
impulse_pair_metric_correction=0
