cex1=-4.0
cey1=0.0
cez1=0.0
oriw1=-0.023252888081806207
orii1=-0.03946588922899585
orij1=0.6780800787652976
orik1=0.7335592365752526
lvx1=-0.5590407161813329
lvy1=2.1086014788089145
lvz1=4.5252954290288
avx1=-6.254775690471634
avy1=0.579419026016548
avz1=-0.14308130042937006
shx1=1.3
shy1=1.0
shz1=0.7692307692307692
req1=1.0
rhos1=1.0
cex2=4.0
cey2=0.0
cez2=0.0
oriw2=0.321190125097879
orii2=0.649366866453652
orij2=0.4161298289227654
orik2=-0.5495412102585971
lvx2=-0.8089787892101308
lvy2=3.0513231360061113
lvz2=6.548481910227095
avx2=-3.6429498087875345
avy2=4.547004638370045
avz2=2.352038076573932
shx2=2.0
shy2=1.0
shz2=0.5
req2=1.0
rhos2=1.0
rhof=1.0
ndiv=2
tend=100.0
dt=0.05
tprint=1
logevery=100
nbody=2
impulse_scheme=1
energy_projection=0
impulse_pair_metric_correction=0
