cex1=-4.0
cey1=0.0
cez1=0.0
oriw1=-0.19451787298032994
orii1=0.4569997853282228
orij1=0.7537005802402119
orik1=0.4304061205962741
lvx1=0.6243371521967792
lvy1=-0.5024312020387091
lvz1=-0.9682130625558172
avx1=3.075170842745905
avy1=-0.4318685838695652
avz1=5.462163620631422
shx1=1.0
shy1=0.7
shz1=0.7
req1=1.0
rhos1=0.3
cex2=4.0
cey2=0.0
cez2=0.0
oriw2=-0.0892216898701507
orii2=0.1907669607809525
orij2=-0.08670800131366072
orik2=-0.9737192507285164
lvx2=0.6388674110664694
lvy2=-0.5141243319512008
lvz2=-0.9907463787143236
avx2=2.1144529333194813
avy2=-5.01503584819241
avz2=-3.1395735121954247
shx2=1.0
shy2=0.7
shz2=0.7
req2=1.0
rhos2=0.3
rhof=1.0
ndiv=2
tend=100.0
dt=0.05
tprint=1
logevery=100
nbody=2
impulse_scheme=1
energy_projection=0
impulse_pair_metric_correction=0
