cex1=-5.5
cey1=0.0
cez1=0.0
oriw1=-0.00945135317033547
orii1=-0.07761111869287389
orij1=-0.9086571860226303
orik1=0.4101576580632443
lvx1=0.37675694325056386
lvy1=-1.3387096450268676
lvz1=-5.378318900081399
avx1=-3.3766115808314208
avy1=4.399951681787433
avz1=2.9525136806606835
shx1=1.0
shy1=0.8
shz1=0.6
req1=1.0
rhos1=0.1
cex2=5.5
cey2=0.0
cez2=0.0
oriw2=-0.05399068581197566
orii2=-0.662343136800604
orij2=0.743160995728179
orik2=-0.0780916730963723
lvx2=0.3523728622094029
lvy2=-1.2520670361520805
lvz2=-5.030228795109999
avx2=-5.458295310863462
avy2=0.771533821143645
avz2=3.0149901271139954
shx2=1.0
shy2=0.8
shz2=0.6
req2=1.0
rhos2=0.1
rhof=1.0
ndiv=2
tend=100.0
dt=0.05
tprint=1
logevery=100
nbody=2
impulse_scheme=1
energy_projection=0
impulse_pair_metric_correction=0
