cex1=-2.5
cey1=0.0
cez1=0.0
oriw1=0.22379208228612074
orii1=0.18186329982446203
orij1=0.7403079044162056
orik1=-0.6072783964063649
lvx1=0.6311841306257554
lvy1=-0.8768943132115511
lvz1=1.734670914645098
avx1=4.50567904481589
avy1=1.3951312458143112
avz1=-4.151009847786079
shx1=1.0
shy1=0.8
shz1=0.6
req1=1.0
rhos1=1.0
cex2=2.5
cey2=0.0
cez2=0.0
oriw2=0.36108383235654506
orii2=-0.18012252088899347
orij2=-0.08296700228284817
orik2=0.9112029521525391
lvx2=0.581275200616886
lvy2=-0.8075566116127125
lvz2=1.597507185288321
avx2=-5.347112459932359
avy2=3.2825171228281658
avz2=-0.33449556579042655
shx2=1.0
shy2=0.8
shz2=0.6
req2=1.0
rhos2=1.0
rhof=1.0
ndiv=2
tend=100.0
dt=0.05
tprint=1
logevery=100
nbody=2
impulse_scheme=1
energy_projection=0
impulse_pair_metric_correction=0
