cex1=-5.5
cey1=0.0
cez1=0.0
oriw1=-0.6921843160371949
orii1=-0.029507845150782894
orij1=-0.23852565818794058
orik1=-0.6805260245521019
lvx1=-0.11270236249648057
lvy1=-0.8489883001236105
lvz1=0.9911964261817687
avx1=0.5673683039112625
avy1=-0.6402051952688143
avz1=6.224680563693619
shx1=1.0
shy1=0.7
shz1=0.7
req1=1.0
rhos1=4.0
cex2=5.5
cey2=0.0
cez2=0.0
oriw2=0.6823820836788661
orii2=0.4058893521724231
orij2=0.5134407146289376
orik2=0.32555668973078367
lvx2=-0.09766899087284552
lvy2=-0.7357417244781798
lvz2=0.8589807041974598
avx2=5.381418311296724
avy2=-2.4292587564058614
avz2=-2.148826763055409
shx2=1.0
shy2=0.7
shz2=0.7
req2=1.0
rhos2=4.0
rhof=1.0
ndiv=2
tend=100.0
dt=0.05
tprint=1
logevery=100
nbody=2
impulse_scheme=1
energy_projection=0
impulse_pair_metric_correction=0
