cex1=-5.5
cey1=0.0
cez1=0.0
oriw1=-0.7551655502413682
orii1=-0.5001659102116364
orij1=-0.3126588601939063
orik1=-0.28601309608663766
lvx1=0.6343740136473974
lvy1=-3.0883032197793976
lvz1=-1.3198188486786686
avx1=0.550021244693476
avy1=-6.221785428627818
avz1=-0.6821145907087968
shx1=1.0
shy1=0.8
shz1=0.6
req1=1.0
rhos1=0.1
cex2=5.5
cey2=0.0
cez2=0.0
oriw2=-0.28927865248101176
orii2=0.4676938030399117
orij2=0.826976353091146
orik2=-0.11700632138864353
lvx2=0.6639016660601348
lvy2=-3.232051768832464
lvz2=-1.38125130236241
avx2=2.3152062239256677
avy2=-2.979411348996784
avz2=5.024076607549137
shx2=1.0
shy2=0.8
shz2=0.6
req2=1.0
rhos2=0.1
rhof=1.0
ndiv=2
tend=100.0
dt=0.05
tprint=1
logevery=100
nbody=2
impulse_scheme=1
energy_projection=0
impulse_pair_metric_correction=0
