cex1=-1.5
cey1=0.0
cez1=0.0
oriw1=0.6078289751890373
orii1=0.5747599157411858
orij1=0.4192006315655385
orik1=-0.35279711828880245
lvx1=5.0122953549708384
lvy1=-0.45191745466671185
lvz1=-0.5057206132377791
avx1=-5.440559409727167
avy1=-1.6023301217621095
avz1=-2.7039358525084203
shx1=1.0
shy1=0.7
shz1=0.7
req1=1.0
rhos1=0.3
cex2=1.5
cey2=0.0
cez2=0.0
oriw2=-0.7070998228258426
orii2=-0.682010987583197
orij2=0.011927758006198753
orik2=-0.1863560623226407
lvx2=5.795257304534304
lvy2=-0.5225106951461861
lvz2=-0.5847183516456719
avx2=0.8492426452097895
avy2=-5.606919043076798
avz2=2.7054876414977915
shx2=1.0
shy2=0.7
shz2=0.7
req2=1.0
rhos2=0.3
rhof=1.0
ndiv=2
tend=100.0
dt=0.05
tprint=1
logevery=100
nbody=2
impulse_scheme=1
energy_projection=0
impulse_pair_metric_correction=0
