cex1=-2.5
cey1=0.0
cez1=0.0
oriw1=-0.13695411466912197
orii1=0.23062249759947812
orij1=-0.9457714479763009
orik1=-0.18322991641374176
lvx1=1.6546617315126433
lvy1=-2.2576061544512265
lvz1=1.934966577007826
avx1=3.5366962071562327
avy1=3.5364143893044044
avz1=3.803152746047008
shx1=1.0
shy1=0.8
shz1=0.6
req1=1.0
rhos1=1.0
cex2=2.5
cey2=0.0
cez2=0.0
oriw2=-0.27647240160788783
orii2=0.7114532456146379
orij2=-0.582641942503256
orik2=-0.2791516743449646
lvx2=1.682691177719001
lvy2=-2.2958492884140123
lvz2=1.9677442986100293
avx2=1.9822405501290912
avy2=5.061526365070868
avz2=-3.151204668293357
shx2=1.0
shy2=0.8
shz2=0.6
req2=1.0
rhos2=1.0
rhof=1.0
ndiv=2
tend=100.0
dt=0.05
tprint=1
logevery=100
nbody=2
impulse_scheme=1
energy_projection=0
impulse_pair_metric_correction=0
