cex1=-4.0
cey1=0.0
cez1=0.0
oriw1=0.5772143557642917
orii1=0.4585979320842797
orij1=-0.6588783817498478
orik1=0.14963556479105491
lvx1=3.6045633101227534
lvy1=-2.5178834881009076
lvz1=3.4917516526579075
avx1=5.459525708032398
avy1=2.027685257324776
avz1=-2.358068944055395
shx1=1.003
shy1=1.0
shz1=0.9970089730807579
req1=1.0
rhos1=1.0
cex2=4.0
cey2=0.0
cez2=0.0
oriw2=0.02843983080085656
orii2=0.06497954439305816
orij2=0.9420246734040707
orik2=-0.3279608963465662
lvx2=3.610702707317363
lvy2=-2.522172020578556
lvz2=3.49769890575245
avx2=-1.551756065881988
avy2=3.7534242920431957
avz2=-4.793983395909494
shx2=1.003
shy2=1.0
shz2=0.9970089730807579
req2=1.0
rhos2=1.0
rhof=1.0
ndiv=2
tend=100.0
dt=0.05
tprint=1
logevery=100
nbody=2
impulse_scheme=1
energy_projection=0
impulse_pair_metric_correction=0
