cex1=-2.5
cey1=0.0
cez1=0.0
oriw1=0.1694595781918528
orii1=0.02695997436006294
orij1=0.8496185266161
orik1=0.49870328891258725
lvx1=-2.5570471845905534
lvy1=0.22820037909617374
lvz1=1.9506689751666648
avx1=-4.136028156676852
avy1=-4.6285120809115465
avz1=-0.9739428157697818
shx1=1.0
shy1=0.8
shz1=0.6
req1=1.0
rhos1=0.3
cex2=2.5
cey2=0.0
cez2=0.0
oriw2=0.19347672654877554
orii2=-0.43172198592115024
orij2=-0.7451626752568464
orik2=-0.47001645775475576
lvx2=-2.7200405908826344
lvy2=0.24274651548746815
lvz2=2.075010122536461
avx2=-1.3000079320132902
avy2=5.848510803030847
avz2=1.8929654956949005
shx2=1.0
shy2=0.8
shz2=0.6
req2=1.0
rhos2=0.3
rhof=1.0
ndiv=2
tend=100.0
dt=0.05
tprint=1
logevery=100
nbody=2
impulse_scheme=1
energy_projection=0
impulse_pair_metric_correction=0
