cex1=-2.5
cey1=0.0
cez1=0.0
oriw1=-0.7419345884535651
orii1=-0.3538472932090163
orij1=-0.5672721190274844
orik1=-0.05027427293317126
lvx1=-2.1009809717610968
lvy1=-0.24626193518436598
lvz1=0.591188018134947
avx1=-1.0547482911019415
avy1=-4.175814787474792
avz1=4.574767153362215
shx1=1.0
shy1=0.8
shz1=0.6
req1=1.0
rhos1=4.0
cex2=2.5
cey2=0.0
cez2=0.0
oriw2=-0.9007671979352929
orii2=-0.1397761449820724
orij2=-0.4063632884668062
orik2=0.06284872476188072
lvx2=-2.053355674289217
lvy2=-0.2406796390680308
lvz2=0.577786894753098
avx2=-2.4142718855727563
avy2=-4.015751879596578
avz2=-4.186101492845934
shx2=1.0
shy2=0.8
shz2=0.6
req2=1.0
rhos2=4.0
rhof=1.0
ndiv=2
tend=100.0
dt=0.05
tprint=1
logevery=100
nbody=2
impulse_scheme=1
energy_projection=0
impulse_pair_metric_correction=0
