cex1=-4.0
cey1=0.0
cez1=0.0
oriw1=-0.7805017114346615
orii1=-0.6213215689395308
orij1=-0.06319327622323563
orik1=0.027985643788520063
lvx1=-4.595935589517013
lvy1=0.9854331184761055
lvz1=3.0811329876035756
avx1=2.7009676141165695
avy1=-2.6036928543346796
avz1=5.040235616728389
shx1=1.0003
shy1=1.0
shz1=0.9997000899730081
req1=1.0
rhos1=1.0
cex2=4.0
cey2=0.0
cez2=0.0
oriw2=0.16759055090429603
orii2=0.3496941349254025
orij2=-0.7784242526746813
orik2=0.4936426866613469
lvx2=-4.595342409161859
lvy2=0.9853059322795603
lvz2=3.08073531720018
avx2=5.148180414073054
avy2=1.52881566040571
avz2=-3.261499456539934
shx2=1.0003
shy2=1.0
shz2=0.9997000899730081
req2=1.0
rhos2=1.0
rhof=1.0
ndiv=2
tend=100.0
dt=0.05
tprint=1
logevery=100
nbody=2
impulse_scheme=1
energy_projection=0
impulse_pair_metric_correction=0
