cex1=-4.0
cey1=0.0
cez1=0.0
oriw1=0.10720413359368566
orii1=0.587788268189159
orij1=0.5012083712732295
orik1=-0.6259412065723531
lvx1=-4.743279600524188
lvy1=-1.0419402285799664
lvz1=-2.8562426605237476
avx1=-2.8670590282316692
avy1=1.8440608437893973
avz1=-5.2780516990074515
shx1=1.01
shy1=1.0
shz1=0.9900990099009901
req1=1.0
rhos1=1.0
cex2=4.0
cey2=0.0
cez2=0.0
oriw2=0.14030912436097415
orii2=0.07117980551634955
orij2=-0.6464042215186241
orik2=0.7465978618443886
lvx2=-4.731330399086691
lvy2=-1.0393153878103523
lvz2=-2.8490472552810964
avx2=4.75179394542275
avy2=-0.32521856461116466
avz2=-4.097939090547026
shx2=1.0
shy2=1.0
shz2=1.0
req2=1.0
rhos2=1.0
rhof=1.0
ndiv=2
tend=100.0
dt=0.05
tprint=1
logevery=100
nbody=2
impulse_scheme=1
energy_projection=0
impulse_pair_metric_correction=0
