cex1=-4.0
cey1=0.0
cez1=0.0
oriw1=0.09121830854368847
orii1=-0.7105103756316049
orij1=-0.6964578887105449
orik1=-0.042433896346133614
lvx1=-3.7637133069016317
lvy1=-4.130163834849929
lvz1=0.6056424919992628
avx1=-0.482990953626258
avy1=-2.504210482455379
avz1=5.74230504263168
shx1=1.0003
shy1=1.0
shz1=0.9997000899730081
req1=1.0
rhos1=1.0
cex2=4.0
cey2=0.0
cez2=0.0
oriw2=-0.7252579048980189
orii2=-0.46505070920366215
orij2=-0.4851190410945976
orik2=-0.14962728768364827
lvx2=-3.763731728719261
lvy2=-4.130184050291102
lvz2=0.6056454563683915
avx2=0.3499344006889244
avy2=-2.281158049218314
avz2=5.84399533487651
shx2=1.0003
shy2=1.0
shz2=0.9997000899730081
req2=1.0
rhos2=1.0
rhof=1.0
ndiv=2
tend=100.0
dt=0.05
tprint=1
logevery=100
nbody=2
impulse_scheme=1
energy_projection=0
impulse_pair_metric_correction=0
