cex1=-1.5
cey1=0.0
cez1=0.0
oriw1=-0.5707400071265304
orii1=-0.4510128399139781
orij1=-0.6767603843269006
orik1=-0.11330774335252775
lvx1=0.39255348099250464
lvy1=-0.5856546948504106
lvz1=0.15078998826141016
avx1=-4.506941624405107
avy1=-2.1126852606468844
avz1=-3.8343781488016413
shx1=1.0
shy1=0.7
shz1=0.7
req1=1.0
rhos1=0.1
cex2=1.5
cey2=0.0
cez2=0.0
oriw2=0.2927659940455932
orii2=0.4282546981503535
orij2=0.1849653641051391
orik2=0.8346698750548618
lvx2=0.4182440290418821
lvy2=-0.6239826955099825
lvz2=0.16065839505530838
avx2=-2.7326865848955135
avy2=-5.657757510671386
avz2=-0.024931576987009537
shx2=1.0
shy2=0.7
shz2=0.7
req2=1.0
rhos2=0.1
rhof=1.0
ndiv=2
tend=100.0
dt=0.05
tprint=1
logevery=100
nbody=2
impulse_scheme=1
energy_projection=0
impulse_pair_metric_correction=0
