cex1=-4.0
cey1=0.0
cez1=0.0
oriw1=-0.6191341285207284
orii1=0.7322438091622995
orij1=-0.009512278786166029
orik1=-0.28355149690428083
lvx1=4.446132815969589
lvy1=-1.8981028813899596
lvz1=2.865439008422526
avx1=-4.884834730702467
avy1=2.352227194860729
avz1=-3.175505389987242
shx1=1.0001
shy1=1.0
shz1=0.9999000099990001
req1=1.0
rhos1=1.0
cex2=4.0
cey2=0.0
cez2=0.0
oriw2=-0.5100646374400215
orii2=-0.588769531456343
orij2=0.35534888511310303
orik2=0.5166349526607084
lvx2=4.446210372713778
lvy2=-1.8981359912149938
lvz2=2.86548899211158
avx2=2.8550314687737917
avy2=3.2293410199383006
avz2=-4.571495323590812
shx2=1.0
shy2=1.0
shz2=1.0
req2=1.0
rhos2=1.0
rhof=1.0
ndiv=2
tend=100.0
dt=0.05
tprint=1
logevery=100
nbody=2
impulse_scheme=1
energy_projection=0
impulse_pair_metric_correction=0
