cex1=-1.5
cey1=0.0
cez1=0.0
oriw1=0.42793165929497007
orii1=0.9010744317873559
orij1=0.04286451939731772
orik1=-0.055695568306502956
lvx1=1.1243645912378217
lvy1=1.1766148244290469
lvz1=0.7707951997746668
avx1=-6.222844453692702
avy1=0.8499146770865242
avz1=0.17963727668923085
shx1=1.0
shy1=0.8
shz1=0.6
req1=1.0
rhos1=4.0
cex2=1.5
cey2=0.0
cez2=0.0
oriw2=0.52436460449423
orii2=0.029368993479087873
orij2=0.5498332150611608
orik2=0.6495095529637284
lvx2=1.338035816958359
lvy2=1.4002155440674442
lvz2=0.9172750483921367
avx2=3.621396530799887
avy2=-0.4004414430611394
avz2=-5.118940458898412
shx2=1.0
shy2=0.8
shz2=0.6
req2=1.0
rhos2=4.0
rhof=1.0
ndiv=2
tend=100.0
dt=0.05
tprint=1
logevery=100
nbody=2
impulse_scheme=1
energy_projection=0
impulse_pair_metric_correction=0
