cex1=-5.5
cey1=0.0
cez1=0.0
oriw1=-0.5257989361316971
orii1=-0.8073617146536418
orij1=-0.23932322327048633
orik1=-0.1201121778910528
lvx1=-7.870409772691725
lvy1=5.342095952023225
lvz1=-2.031325883893151
avx1=-0.20340566398728804
avy1=-4.833134412411439
avz1=4.009720126365388
shx1=1.0
shy1=0.7
shz1=0.7
req1=1.0
rhos1=0.03
cex2=5.5
cey2=0.0
cez2=0.0
oriw2=0.1337343896318349
orii2=0.6889363379146058
orij2=0.4034266240161281
orik2=0.5871360952671554
lvx2=-7.790248283220397
lvy2=5.287685777612894
lvz2=-2.010636477222163
avx2=1.5420972450955395
avy2=5.689240932264821
avz2=-2.175520927426048
shx2=1.0
shy2=0.7
shz2=0.7
req2=1.0
rhos2=0.03
rhof=1.0
ndiv=2
tend=100.0
dt=0.05
tprint=1
logevery=100
nbody=2
impulse_scheme=1
energy_projection=0
impulse_pair_metric_correction=0
