cex1=-5.5
cey1=0.0
cez1=0.0
oriw1=0.04651366681665062
orii1=0.20415986602239236
orij1=0.8441066882419898
orik1=-0.49359814299704247
lvx1=-5.259656385325934
lvy1=0.05886636487592577
lvz1=-7.886278731206514
avx1=-2.4137599445317575
avy1=-3.13030403624821
avz1=4.883991930294281
shx1=1.0
shy1=0.7
shz1=0.7
req1=1.0
rhos1=0.1
cex2=5.5
cey2=0.0
cez2=0.0
oriw2=0.784334822123206
orii2=-0.3695038609076642
orij2=-0.3632295883075693
orik2=-0.34110123095234085
lvx2=-5.216537964832701
lvy2=0.058383781131346985
lvz2=-7.821627381850745
avx2=2.7594268856124478
avy2=-2.273612757148334
avz2=5.166688097596851
shx2=1.0
shy2=0.7
shz2=0.7
req2=1.0
rhos2=0.1
rhof=1.0
ndiv=2
tend=100.0
dt=0.05
tprint=1
logevery=100
nbody=2
impulse_scheme=1
energy_projection=0
impulse_pair_metric_correction=0
