cex1=-4.0
cey1=0.0
cez1=0.0
oriw1=0.160877213397888
orii1=0.6889804698432541
orij1=-0.5657431099440097
orik1=0.42350816749477144
lvx1=3.2303879397821342
lvy1=4.485059583113982
lvz1=-1.0152259075602401
avx1=3.8453562992227486
avy1=-4.579374040267646
avz1=-1.9289857271914002
shx1=1.0001
shy1=1.0
shz1=0.9999000099990001
req1=1.0
rhos1=1.0
cex2=4.0
cey2=0.0
cez2=0.0
oriw2=0.3257595509534473
orii2=-0.16949614250928632
orij2=0.6165429240230883
orik2=0.6964385080350888
lvx2=3.230367762501162
lvy2=4.48503156904599
lvz2=-1.0152195663718848
avx2=5.263964024520894
avy2=0.23510771298339894
avz2=3.422546525060389
shx2=1.0001
shy2=1.0
shz2=0.9999000099990001
req2=1.0
rhos2=1.0
rhof=1.0
ndiv=2
tend=100.0
dt=0.05
tprint=1
logevery=100
nbody=2
impulse_scheme=1
energy_projection=0
impulse_pair_metric_correction=0
