cex1=-2.5
cey1=0.0
cez1=0.0
oriw1=0.529447604377969
orii1=0.31027622801355614
orij1=-0.4259800894088733
orik1=-0.6647968561713553
lvx1=8.638450342793108
lvy1=2.7831855316892202
lvz1=3.3228927614312025
avx1=-1.2248359316653785
avy1=5.0091205159633825
avz1=-3.589833728936979
shx1=1.0
shy1=0.7
shz1=0.7
req1=1.0
rhos1=4.0
cex2=2.5
cey2=0.0
cez2=0.0
oriw2=-0.19648176644592152
orii2=-0.7584577515197348
orij2=0.38991693185975806
orik2=0.4838404084643938
lvx2=7.299418605587879
lvy2=2.351768598144947
lvz2=2.8078167130288403
avx2=5.835824067650045
avy2=2.0623213115852908
avz2=-1.0809282416400487
shx2=1.0
shy2=0.7
shz2=0.7
req2=1.0
rhos2=4.0
rhof=1.0
ndiv=2
tend=100.0
dt=0.05
tprint=1
logevery=100
nbody=2
impulse_scheme=1
energy_projection=0
impulse_pair_metric_correction=0
