cex1=-1.5
cey1=0.0
cez1=0.0
oriw1=-0.37587612406091203
orii1=-0.42989411888219703
orij1=0.274110813406057
orik1=-0.773803235897418
lvx1=-4.475166931964199
lvy1=-0.4675992014616756
lvz1=7.645572350903342
avx1=-4.858933258542395
avy1=2.2260794854769705
avz1=3.3035973298400942
shx1=1.0
shy1=0.8
shz1=0.6
req1=1.0
rhos1=1.0
cex2=1.5
cey2=0.0
cez2=0.0
oriw2=-0.05149262396141103
orii2=0.5934328592748128
orij2=-0.6454812709036543
orik2=-0.478058448438151
lvx2=-4.938076486519714
lvy2=-0.5159674838855302
lvz2=8.436427428509404
avx2=-2.744359485710768
avy2=-2.052604300857424
avz2=-5.266281819428995
shx2=1.0
shy2=0.8
shz2=0.6
req2=1.0
rhos2=1.0
rhof=1.0
ndiv=2
tend=100.0
dt=0.05
tprint=1
logevery=100
nbody=2
impulse_scheme=1
energy_projection=0
impulse_pair_metric_correction=0
