cex1=-4.0
cey1=0.0
cez1=0.0
oriw1=-0.33402046071532293
orii1=-0.6486747141294591
orij1=0.6676185620053027
orik1=-0.1481111161883529
lvx1=4.136610957853887
lvy1=3.2274259529725
lvz1=-1.9753350327017887
avx1=5.876134790240332
avy1=1.4622677063460603
avz1=1.676672504176671
shx1=1.0060089999999997
shy1=0.9970089730807579
shz1=0.9970089730807579
req1=1.0
rhos1=1.0
cex2=4.0
cey2=0.0
cez2=0.0
oriw2=-0.16236661427155352
orii2=-0.7802128661260893
orij2=0.24029439463952373
orik2=-0.554223393593351
lvx2=11.700251913294812
lvy2=9.128655574822282
lvz2=-5.587162469771645
avx2=-0.9054580991248264
avy2=-5.90593967949521
avz2=1.9438209118256509
shx2=4.0
shy2=0.5
shz2=0.5
req2=1.0
rhos2=1.0
rhof=1.0
ndiv=2
tend=100.0
dt=0.05
tprint=1
logevery=100
nbody=2
impulse_scheme=1
energy_projection=0
impulse_pair_metric_correction=0
