cex1=-2.5
cey1=0.0
cez1=0.0
oriw1=-0.20037737346797155
orii1=0.2790140506773201
orij1=0.146050946672874
orik1=0.9277225817574283
lvx1=3.6206168057427024
lvy1=4.3997715441369785
lvz1=1.3945392853304355
avx1=-0.10864592668121809
avy1=-3.337201996400142
avz1=-5.322564842460439
shx1=1.0
shy1=0.7
shz1=0.7
req1=1.0
rhos1=0.03
cex2=2.5
cey2=0.0
cez2=0.0
oriw2=0.6885721403920575
orii2=0.08953349196943501
orij2=-0.2761412423183295
orik2=-0.6645285363192084
lvx2=3.269816231251039
lvy2=3.973478879619912
lvz2=1.259422754448411
avx2=-4.612719369951298
avy2=2.9295695494468315
avz2=3.1014286826215147
shx2=1.0
shy2=0.7
shz2=0.7
req2=1.0
rhos2=0.03
rhof=1.0
ndiv=2
tend=100.0
dt=0.05
tprint=1
logevery=100
nbody=2
impulse_scheme=1
energy_projection=0
impulse_pair_metric_correction=0
