cex1=-4.0
cey1=0.0
cez1=0.0
oriw1=-0.6421998684111344
orii1=-0.13888334636810695
orij1=0.3294788035222788
orik1=-0.6780372136865687
lvx1=-2.583707482052593
lvy1=-0.5982612238247127
lvz1=4.966581680306232
avx1=-3.811308274960595
avy1=2.6118306909822895
avz1=4.258014476163427
shx1=1.03
shy1=1.0
shz1=0.970873786407767
req1=1.0
rhos1=1.0
cex2=4.0
cey2=0.0
cez2=0.0
oriw2=0.41506489706955857
orii2=0.33824106259568376
orij2=-0.7296525869613214
orik2=-0.42534834798718896
lvx2=-2.2487401842638826
lvy2=-0.5206990590253417
lvz2=4.3226843133421395
avx2=6.00957444084125
avy2=1.602912109764581
avz2=-0.8911259241628339
shx2=2.0
shy2=1.0
shz2=0.5
req2=1.0
rhos2=1.0
rhof=1.0
ndiv=2
tend=100.0
dt=0.05
tprint=1
logevery=100
nbody=2
impulse_scheme=1
energy_projection=0
impulse_pair_metric_correction=0
