cex1=-4.0
cey1=0.0
cez1=0.0
oriw1=-0.2154601143392068
orii1=-0.3650857598598132
orij1=0.8693416520345617
orik1=0.2540362555115663
lvx1=-3.179340058405414
lvy1=-1.784242293321342
lvz1=4.27679907351608
avx1=-2.310476997282261
avy1=5.036636135113938
avz1=-2.9618254661359624
shx1=1.0
shy1=1.0
shz1=1.0
req1=1.0
rhos1=1.0
cex2=4.0
cey2=0.0
cez2=0.0
oriw2=-0.6814294852150944
orii2=0.6361200099871827
orij2=0.3583593526360492
orik2=-0.050830738256194566
lvx2=-3.8268613893746424
lvy2=-2.1476305825005992
lvz2=5.147834753090423
avx2=5.785207279364279
avy2=0.30952545375829926
avz2=2.431869308294282
shx2=4.0
shy2=0.5
shz2=0.5
req2=1.0
rhos2=1.0
rhof=1.0
ndiv=2
tend=100.0
dt=0.05
tprint=1
logevery=100
nbody=2
impulse_scheme=1
energy_projection=0
impulse_pair_metric_correction=0
