cex1=-4.0
cey1=0.0
cez1=0.0
oriw1=-0.19125156029204282
orii1=-0.5793876387717528
orij1=0.45963973603801667
orik1=0.6453403116025329
lvx1=0.30763929602481677
lvy1=-2.621684778968253
lvz1=4.963189304070227
avx1=-0.45841296284498806
avy1=-0.7586844096374068
avz1=6.220343489424539
shx1=1.0003
shy1=1.0003
shz1=0.9994002698920407
req1=1.0
rhos1=1.0
cex2=4.0
cey2=0.0
cez2=0.0
oriw2=-0.79263886756071
orii2=0.0884279257282352
orij2=-0.35650385543302077
orik2=0.48663038195828734
lvx2=0.3075069346082235
lvy2=-2.620556802420104
lvz2=4.96105389817249
avx2=4.3078969355381025
avy2=4.472610997615902
avz2=-0.9571794299629185
shx2=1.0003
shy2=1.0003
shz2=0.9994002698920407
req2=1.0
rhos2=1.0
rhof=1.0
ndiv=2
tend=100.0
dt=0.05
tprint=1
logevery=100
nbody=2
impulse_scheme=1
energy_projection=0
impulse_pair_metric_correction=0
