cex1=-4.0
cey1=0.0
cez1=0.0
oriw1=0.775893694836583
orii1=-0.38754309857136343
orij1=-0.20215978602131512
orik1=-0.4548964079637891
lvx1=-2.230637426040103
lvy1=-0.2482991253783856
lvz1=-2.697205791623377
avx1=-3.47269461256826
avy1=1.219188461723236
avz1=-5.092385416187363
shx1=1.0
shy1=0.8
shz1=0.6
req1=1.0
rhos1=10.0
cex2=4.0
cey2=0.0
cez2=0.0
oriw2=-0.6207118171673126
orii2=-0.2629247495945398
orij2=-0.7076631813174976
orik2=-0.21166066683987295
lvx2=-2.3701920248508412
lvy2=-0.2638333777955307
lvz2=-2.8659501459347854
avx2=0.601580081849973
avy2=-1.4611373107737742
avz2=6.081249605841188
shx2=1.0
shy2=0.8
shz2=0.6
req2=1.0
rhos2=10.0
rhof=1.0
ndiv=2
tend=100.0
dt=0.05
tprint=1
logevery=100
nbody=2
impulse_scheme=1
energy_projection=0
impulse_pair_metric_correction=0
