cex1=-1.5
cey1=0.0
cez1=0.0
oriw1=0.5692742018501245
orii1=0.6094767624117108
orij1=0.5445860021079258
orik1=0.0888315568711316
lvx1=-1.6686782277709233
lvy1=-5.992194978405203
lvz1=6.2518347929449485
avx1=-4.533601019634986
avy1=1.6749771901764638
avz1=-4.014888642479466
shx1=1.0
shy1=0.7
shz1=0.7
req1=1.0
rhos1=4.0
cex2=1.5
cey2=0.0
cez2=0.0
oriw2=-0.6267418789916754
orii2=0.5113242336311073
orij2=-0.44302535317777375
orik2=0.3866143836709306
lvx2=-1.8301916413708306
lvy2=-6.572186884460868
lvz2=6.856957555300441
avx2=1.1474987210462382
avy2=-1.051396626095387
avz2=6.087382805786894
shx2=1.0
shy2=0.7
shz2=0.7
req2=1.0
rhos2=4.0
rhof=1.0
ndiv=2
tend=100.0
dt=0.05
tprint=1
logevery=100
nbody=2
impulse_scheme=1
energy_projection=0
impulse_pair_metric_correction=0
