cex1=-4.0
cey1=0.0
cez1=0.0
oriw1=-0.177916949298639
orii1=-0.44146106607931407
orij1=0.5313518576880383
orik1=0.7008016050351566
lvx1=-2.392603088289454
lvy1=4.868281023991007
lvz1=0.8968997229363351
avx1=-5.628525525827795
avy1=2.0060301067247672
avz1=1.9426685822281158
shx1=2.0
shy1=1.0
shz1=0.5
req1=1.0
rhos1=1.0
cex2=4.0
cey2=0.0
cez2=0.0
oriw2=-0.841428565274328
orii2=0.10033779037629074
orij2=-0.2211044605742932
orik2=-0.4827453934290211
lvx2=-3.830047710621684
lvy2=7.793080549741399
lvz2=1.435745338331667
avx2=0.9923132932586665
avy2=0.23855190777455038
avz2=-6.199743939847572
shx2=2.0
shy2=1.0
shz2=0.5
req2=1.0
rhos2=1.0
rhof=1.0
ndiv=2
tend=100.0
dt=0.05
tprint=1
logevery=100
nbody=2
impulse_scheme=1
energy_projection=0
impulse_pair_metric_correction=0
