cex1=-4.0
cey1=0.0
cez1=0.0
oriw1=-0.061019298544552604
orii1=0.15267538760032767
orij1=0.0353444638510155
orik1=-0.985757394139808
lvx1=-4.550414569347073
lvy1=-3.025237933712464
lvz1=-1.3143220646640943
avx1=0.6891246115578986
avy1=-6.025197115836097
avz1=1.6433272922406537
shx1=1.00020001
shy1=0.9999000099990001
shz1=0.9999000099990001
req1=1.0
rhos1=1.0
cex2=4.0
cey2=0.0
cez2=0.0
oriw2=0.2023465788428652
orii2=-0.10782659216547819
orij2=0.34392171336735783
orik2=0.9105751715959692
lvx2=-12.935246806441691
lvy2=-8.599699812932736
lvz2=-3.7361607454640158
avx2=0.46723952870491464
avy2=3.657105296059304
avz2=5.087797724036209
shx2=4.0
shy2=0.5
shz2=0.5
req2=1.0
rhos2=1.0
rhof=1.0
ndiv=2
tend=100.0
dt=0.05
tprint=1
logevery=100
nbody=2
impulse_scheme=1
energy_projection=0
impulse_pair_metric_correction=0
