cex1=-2.5
cey1=0.0
cez1=0.0
oriw1=-0.11964880652746473
orii1=-0.7284376532465957
orij1=0.1719129115788814
orik1=-0.6523102783657616
lvx1=2.8330596815953206
lvy1=-0.8691942248874045
lvz1=-0.2747542835183025
avx1=6.119323287096931
avy1=-0.4427276290324172
avz1=1.35509865280797
shx1=1.0
shy1=0.8
shz1=0.6
req1=1.0
rhos1=0.3
cex2=2.5
cey2=0.0
cez2=0.0
oriw2=0.29515934389716314
orii2=0.30408739668088897
orij2=0.13187798577472093
orik2=0.896113839731336
lvx2=3.1578070709275896
lvy2=-0.968828043824788
lvz2=-0.30624876168269577
avx2=-3.0441479689283764
avy2=-5.417653814166182
avz2=0.9276895480047685
shx2=1.0
shy2=0.8
shz2=0.6
req2=1.0
rhos2=0.3
rhof=1.0
ndiv=2
tend=100.0
dt=0.05
tprint=1
logevery=100
nbody=2
impulse_scheme=1
energy_projection=0
impulse_pair_metric_correction=0
