cex1=-1.5
cey1=0.0
cez1=0.0
oriw1=-0.47302406519442214
orii1=-0.8463733591864483
orij1=0.2411729105507112
orik1=-0.041665307185823494
lvx1=-3.3147320285213353
lvy1=1.768164347122956
lvz1=-3.2316439721616965
avx1=-5.747804565016741
avy1=2.452544124665141
avz1=-0.6528304552490216
shx1=1.0
shy1=0.7
shz1=0.7
req1=1.0
rhos1=4.0
cex2=1.5
cey2=0.0
cez2=0.0
oriw2=0.19200655087821655
orii2=-0.2926403745553122
orij2=-0.17439592003854468
orik2=0.9203701204808243
lvx2=-3.4826179371979205
lvy2=1.85771906091341
lvz2=-3.395321602847155
avx2=-4.948660086159782
avy2=-0.9524952195942342
avz2=-3.752590280413867
shx2=1.0
shy2=0.7
shz2=0.7
req2=1.0
rhos2=4.0
rhof=1.0
ndiv=2
tend=100.0
dt=0.05
tprint=1
logevery=100
nbody=2
impulse_scheme=1
energy_projection=0
impulse_pair_metric_correction=0
