cex1=-5.5
cey1=0.0
cez1=0.0
oriw1=0.9569589672183727
orii1=-0.13234005473536387
orij1=0.2306103313832246
orik1=0.11633795611194808
lvx1=-1.0284713195745723
lvy1=-0.768981375356559
lvz1=1.478622750101634
avx1=4.381621180471498
avy1=4.40442717398295
avz1=-0.9385279453919102
shx1=1.0
shy1=0.8
shz1=0.6
req1=1.0
rhos1=0.1
cex2=5.5
cey2=0.0
cez2=0.0
oriw2=0.08424947255448083
orii2=0.6986723477690352
orij2=-0.7104541384242995
orik2=0.0037274700511785476
lvx2=-1.1284969956265618
lvy2=-0.8437699285008952
lvz2=1.6224286466685378
avx2=1.203100253902713
avy2=5.071102268669579
avz2=3.5092576371806774
shx2=1.0
shy2=0.8
shz2=0.6
req2=1.0
rhos2=0.1
rhof=1.0
ndiv=2
tend=100.0
dt=0.05
tprint=1
logevery=100
nbody=2
impulse_scheme=1
energy_projection=0
impulse_pair_metric_correction=0
