cex1=-4.0
cey1=0.0
cez1=0.0
oriw1=-0.6537742825810074
orii1=-0.05504274358330237
orij1=-0.6146557764531249
orik1=0.4378901235325114
lvx1=-0.8051406895106703
lvy1=1.1180215730269276
lvz1=5.447254203364138
avx1=-5.453892082279256
avy1=2.8516158006685504
avz1=1.2656089777599313
shx1=1.0006000899999998
shy1=0.9997000899730081
shz1=0.9997000899730081
req1=1.0
rhos1=1.0
cex2=4.0
cey2=0.0
cez2=0.0
oriw2=-0.8494033369838287
orii2=0.3044824375220517
orij2=-0.10151195913155363
orik2=-0.41892688922369253
lvx2=-0.8052928237314838
lvy2=1.1182328272127875
lvz2=5.448283481581719
avx2=-4.7546500272178935
avy2=0.5140297117668743
avz2=4.075229340596083
shx2=1.0
shy2=1.0
shz2=1.0
req2=1.0
rhos2=1.0
rhof=1.0
ndiv=2
tend=100.0
dt=0.05
tprint=1
logevery=100
nbody=2
impulse_scheme=1
energy_projection=0
impulse_pair_metric_correction=0
