cex1=-2.5
cey1=0.0
cez1=0.0
oriw1=0.431955354842721
orii1=0.807756828646229
orij1=0.23994823824578596
orik1=0.32150944023594263
lvx1=0.5344135707239407
lvy1=-2.2241052322539385
lvz1=2.683353337266418
avx1=1.3047430125068868
avy1=0.08489573824556554
avz1=6.145637150800527
shx1=1.0
shy1=0.7
shz1=0.7
req1=1.0
rhos1=4.0
cex2=2.5
cey2=0.0
cez2=0.0
oriw2=-0.5307737668149105
orii2=-0.6115727755985587
orij2=0.1926299836823651
orik2=0.554212628865779
lvx2=0.5367491891802955
lvy2=-2.233825534121068
lvz2=2.695080751993088
avx2=-0.8407746578170278
avy2=-2.5854704003457676
avz2=5.6645263163009485
shx2=1.0
shy2=0.7
shz2=0.7
req2=1.0
rhos2=4.0
rhof=1.0
ndiv=2
tend=100.0
dt=0.05
tprint=1
logevery=100
nbody=2
impulse_scheme=1
energy_projection=0
impulse_pair_metric_correction=0
