cex1=-5.5
cey1=0.0
cez1=0.0
oriw1=0.13204186184269928
orii1=-0.04833895725863066
orij1=-0.47116640099693224
orik1=-0.8707643277626042
lvx1=-2.2300900638143912
lvy1=-0.5075792927188226
lvz1=2.9729534467041945
avx1=0.23569894919599557
avy1=-0.2673269785831786
avz1=-6.273069415862295
shx1=1.0
shy1=0.8
shz1=0.6
req1=1.0
rhos1=1.0
cex2=5.5
cey2=0.0
cez2=0.0
oriw2=0.6203885324788843
orii2=-0.6043278905744647
orij2=0.04471961628231604
orik2=0.49790162217257017
lvx2=-2.175130856502123
lvy2=-0.4950703111182167
lvz2=2.899686825118665
avx2=2.1529270843925685
avy2=-0.9224554250318835
avz2=-5.830300040518978
shx2=1.0
shy2=0.8
shz2=0.6
req2=1.0
rhos2=1.0
rhof=1.0
ndiv=2
tend=100.0
dt=0.05
tprint=1
logevery=100
nbody=2
impulse_scheme=1
energy_projection=0
impulse_pair_metric_correction=0
