cex1=-4.0
cey1=0.0
cez1=0.0
oriw1=0.17120717246843192
orii1=-0.25095405160178863
orij1=-0.8180027083577547
orik1=0.48844829531833717
lvx1=4.739114443356797
lvy1=3.0813619479626033
lvz1=-4.655137789091388
avx1=3.418315413174945
avy1=-5.100722110897376
avz1=1.3327307634367322
shx1=2.0
shy1=1.0
shz1=0.5
req1=1.0
rhos1=1.0
cex2=4.0
cey2=0.0
cez2=0.0
oriw2=-0.9585826620544056
orii2=-0.09911264417211105
orij2=0.26667727500296684
orik2=-0.01338636511132232
lvx2=5.230355937309502
lvy2=3.4007661034895995
lvz2=-5.1376745307973275
avx2=1.511747769123858
avy2=-5.834160986963563
avz2=-1.7764013806284935
shx2=2.0
shy2=1.0
shz2=0.5
req2=1.0
rhos2=1.0
rhof=1.0
ndiv=2
tend=100.0
dt=0.05
tprint=1
logevery=100
nbody=2
impulse_scheme=1
energy_projection=0
impulse_pair_metric_correction=0
