cex1=-4.0
cey1=0.0
cez1=0.0
oriw1=-0.35148996678585964
orii1=-0.8313753564345719
orij1=0.29030853008015356
orik1=0.31779046134971434
lvx1=-2.4788148663200817
lvy1=-0.2508635691198066
lvz1=5.0193802529722635
avx1=-4.60312698781162
avy1=3.4819081554180547
avz1=2.4831341356582013
shx1=1.0201
shy1=0.9900990099009901
shz1=0.9900990099009901
req1=1.0
rhos1=1.0
cex2=4.0
cey2=0.0
cez2=0.0
oriw2=0.2701091085685858
orii2=-0.5363994703001573
orij2=-0.496284048271681
orik2=-0.6269121319300388
lvx2=-2.4984281488393143
lvy2=-0.2528484926902522
lvz2=5.059095410530259
avx2=0.7126849770293832
avy2=6.23686676277857
avz2=-0.2683108481258567
shx2=1.0201
shy2=0.9900990099009901
shz2=0.9900990099009901
req2=1.0
rhos2=1.0
rhof=1.0
ndiv=2
tend=100.0
dt=0.05
tprint=1
logevery=100
nbody=2
impulse_scheme=1
energy_projection=0
impulse_pair_metric_correction=0
