cex1=-4.0
cey1=0.0
cez1=0.0
oriw1=-0.3118733174775906
orii1=0.4982841922299753
orij1=0.7137225422342476
orik1=-0.3808517169790965
lvx1=1.1513096551641728
lvy1=5.534368952074694
lvz1=-1.4562600458906927
avx1=-4.0474441757289545
avy1=-1.80459386165974
avz1=4.45421757923602
shx1=1.1
shy1=1.1
shz1=0.8264462809917354
req1=1.0
rhos1=1.0
cex2=4.0
cey2=0.0
cez2=0.0
oriw2=0.3374106777548148
orii2=0.890832700039053
orij2=-0.09634151133718145
orik2=-0.2885991134280128
lvx2=1.5809544486165161
lvy2=7.599680221408334
lvz2=-1.9997059762041907
avx2=6.171168911625706
avy2=-1.153687771714907
avz2=0.253172656377666
shx2=2.0
shy2=2.0
shz2=0.25
req2=1.0
rhos2=1.0
rhof=1.0
ndiv=2
tend=100.0
dt=0.05
tprint=1
logevery=100
nbody=2
impulse_scheme=1
energy_projection=0
impulse_pair_metric_correction=0
