cex1=-4.0
cey1=0.0
cez1=0.0
oriw1=0.0062069844220638175
orii1=-0.22393971984507435
orij1=0.027930586358961364
orik1=0.9741829179192881
lvx1=3.700409007942978
lvy1=2.721767635266813
lvz1=3.8006809567137347
avx1=-1.56491539252542
avy1=1.6298810374316202
avz1=-5.862844465139363
shx1=1.2100000000000002
shy1=0.9090909090909091
shz1=0.9090909090909091
req1=1.0
rhos1=1.0
cex2=4.0
cey2=0.0
cez2=0.0
oriw2=0.567206840250044
orii2=-0.2577120598274612
orij2=0.47539021884148297
orik2=-0.6211803557928206
lvx2=3.3228277545726845
lvy2=2.444044704395983
lvz2=3.4128681835267196
avx2=-5.425733491390219
avy2=-1.3244305938066174
avz2=2.878492189837067
shx2=1.2100000000000002
shy2=0.9090909090909091
shz2=0.9090909090909091
req2=1.0
rhos2=1.0
rhof=1.0
ndiv=2
tend=100.0
dt=0.05
tprint=1
logevery=100
nbody=2
impulse_scheme=1
energy_projection=0
impulse_pair_metric_correction=0
