cex1=-5.5
cey1=0.0
cez1=0.0
oriw1=-0.5095170911246732
orii1=-0.10072070157994827
orij1=-0.13885553492305897
orik1=0.8431884810327556
lvx1=1.0762176502638443
lvy1=4.792427121996903
lvz1=-0.38903914436058246
avx1=5.968503921630679
avy1=1.9065779806901717
avz1=0.46940275391610464
shx1=1.0
shy1=0.8
shz1=0.6
req1=1.0
rhos1=0.03
cex2=5.5
cey2=0.0
cez2=0.0
oriw2=-0.25896209067294645
orii2=0.7003669526383703
orij2=-0.07800704407650219
orik2=0.6605601171133374
lvx2=1.2102440081028936
lvy2=5.389250220199068
lvz2=-0.4374879869926337
avx2=3.0387347728470515
avy2=5.027846851311433
avz2=-2.228287374735432
shx2=1.0
shy2=0.8
shz2=0.6
req2=1.0
rhos2=0.03
rhof=1.0
ndiv=2
tend=100.0
dt=0.05
tprint=1
logevery=100
nbody=2
impulse_scheme=1
energy_projection=0
impulse_pair_metric_correction=0
