cex1=-5.5
cey1=0.0
cez1=0.0
oriw1=-0.40015395121235603
orii1=0.09240860364874624
orij1=-0.06217872823251077
orik1=0.9096544789403369
lvx1=2.3528958725787783
lvy1=1.192896935071653
lvz1=2.3789853625665422
avx1=-0.040899645121152524
avy1=-4.891454129518044
avz1=-3.9434022521431005
shx1=1.0
shy1=0.7
shz1=0.7
req1=1.0
rhos1=0.1
cex2=5.5
cey2=0.0
cez2=0.0
oriw2=-0.8707375382156416
orii2=0.08598196050364465
orij2=-0.26962471148000194
orik2=0.4021514105028597
lvx2=2.320419837524622
lvy2=1.176431878912188
lvz2=2.346149225222581
avx2=-1.7786519276468653
avy2=-3.3003709210195447
avz2=5.0420597684204544
shx2=1.0
shy2=0.7
shz2=0.7
req2=1.0
rhos2=0.1
rhof=1.0
ndiv=2
tend=100.0
dt=0.05
tprint=1
logevery=100
nbody=2
impulse_scheme=1
energy_projection=0
impulse_pair_metric_correction=0
