cex1=-4.0
cey1=0.0
cez1=0.0
oriw1=0.16635198336165583
orii1=0.9180638066924598
orij1=0.011832621262553047
orik1=0.35964684559585697
lvx1=2.7926511621062207
lvy1=4.807674913542232
lvz1=-0.818593608556423
avx1=-1.9662741787806914
avy1=-5.666257979208364
avz1=-1.8723525232378933
shx1=1.0
shy1=1.0
shz1=1.0
req1=1.0
rhos1=1.0
cex2=4.0
cey2=0.0
cez2=0.0
oriw2=-0.3939735737099691
orii2=0.7534306031874094
orij2=-0.4027951998744113
orik2=0.3389442083248879
lvx2=2.7926511621062207
lvy2=4.807674913542232
lvz2=-0.818593608556423
avx2=0.5281899470355746
avy2=5.7360132402218715
avz2=-2.5094989723463494
shx2=1.0
shy2=1.0
shz2=1.0
req2=1.0
rhos2=1.0
rhof=1.0
ndiv=2
tend=100.0
dt=0.05
tprint=1
logevery=100
nbody=2
impulse_scheme=1
energy_projection=0
impulse_pair_metric_correction=0
