cex1=-4.0
cey1=0.0
cez1=0.0
oriw1=-0.7880511048366434
orii1=-0.14049288006584837
orij1=-0.4570635598235278
orik1=-0.3877242694209291
lvx1=-5.276359504912764
lvy1=-1.9912590994716406
lvz1=1.4163787531086207
avx1=1.4868200531595908
avy1=-3.283702513098494
avz1=5.1463658575105775
shx1=1.1
shy1=1.0
shz1=0.9090909090909091
req1=1.0
rhos1=1.0
cex2=4.0
cey2=0.0
cez2=0.0
oriw2=0.07183300662955741
orii2=-0.9874224936967407
orij2=-0.10481925676134582
orik2=-0.09407317105459549
lvx2=-5.099515030144562
lvy2=-1.924519301084971
lvz2=1.3689068633647326
avx2=4.318012011903427
avy2=1.904658605242878
avz2=-4.147947138873566
shx2=1.0
shy2=1.0
shz2=1.0
req2=1.0
rhos2=1.0
rhof=1.0
ndiv=2
tend=100.0
dt=0.05
tprint=1
logevery=100
nbody=2
impulse_scheme=1
energy_projection=0
impulse_pair_metric_correction=0
