cex1=-1.5
cey1=0.0
cez1=0.0
oriw1=-0.32486705551258416
orii1=0.6018316382096662
orij1=-0.3643233528322963
orik1=0.632082724074537
lvx1=-5.70099791649934
lvy1=-1.2963477392163378
lvz1=-0.15893682621328775
avx1=0.8348438645980562
avy1=6.044879896654893
avz1=1.4969570338249334
shx1=1.0
shy1=0.7
shz1=0.7
req1=1.0
rhos1=0.03
cex2=1.5
cey2=0.0
cez2=0.0
oriw2=-0.6739315206620571
orii2=-0.2103365524885066
orij2=0.14303959803119135
orik2=0.6936241875399475
lvx2=-5.578721111582806
lvy2=-1.2685432632397038
lvz2=-0.15552789893817154
avx2=-2.3583847691894655
avy2=-5.526405514953752
avz2=-1.8371937755994443
shx2=1.0
shy2=0.7
shz2=0.7
req2=1.0
rhos2=0.03
rhof=1.0
ndiv=2
tend=100.0
dt=0.05
tprint=1
logevery=100
nbody=2
impulse_scheme=1
energy_projection=0
impulse_pair_metric_correction=0
