cex1=-2.5
cey1=0.0
cez1=0.0
oriw1=-0.022616125266416726
orii1=0.5132347029051147
orij1=0.8498767532481973
orik1=0.11742297432842962
lvx1=0.6645644904213726
lvy1=-5.271643132282673
lvz1=7.664230617253296
avx1=3.057201745911755
avy1=5.454461958027809
avz1=-0.6170736079099327
shx1=1.0
shy1=0.7
shz1=0.7
req1=1.0
rhos1=0.03
cex2=2.5
cey2=0.0
cez2=0.0
oriw2=-0.6216157815630917
orii2=-0.23973567192769357
orij2=-0.6359666282279984
orik2=0.38944457307477626
lvx2=0.6107985271895313
lvy2=-4.845145817263653
lvz2=7.0441632686257565
avx2=5.079679793607245
avy2=-2.2667567810742377
avz2=-2.9218289638905364
shx2=1.0
shy2=0.7
shz2=0.7
req2=1.0
rhos2=0.03
rhof=1.0
ndiv=2
tend=100.0
dt=0.05
tprint=1
logevery=100
nbody=2
impulse_scheme=1
energy_projection=0
impulse_pair_metric_correction=0
