cex1=-4.0
cey1=0.0
cez1=0.0
oriw1=-0.3714513045760474
orii1=-0.41806043454145114
orij1=0.16292916155336767
orik1=0.8128366931403147
lvx1=5.201686571675628
lvy1=-1.8434759515778687
lvz1=-1.0615023831765449
avx1=-5.254799870850949
avy1=-3.412011567347313
avz1=-0.4729407848245194
shx1=1.0
shy1=1.0
shz1=1.0
req1=1.0
rhos1=1.0
cex2=4.0
cey2=0.0
cez2=0.0
oriw2=-0.3271601164265734
orii2=-0.3698821753620738
orij2=0.6388913501572139
orik2=-0.5898909028485381
lvx2=5.201686571675627
lvy2=-1.8434759515778683
lvz2=-1.0615023831765449
avx2=0.6976404226214507
avy2=-2.930052175351212
avz2=5.514209797858768
shx2=1.0
shy2=1.0
shz2=1.0
req2=1.0
rhos2=1.0
rhof=1.0
ndiv=2
tend=100.0
dt=0.05
tprint=1
logevery=100
nbody=2
impulse_scheme=1
energy_projection=0
impulse_pair_metric_correction=0
