cex1=-4.0
cey1=0.0
cez1=0.0
oriw1=0.2999337093712455
orii1=-0.321968126716914
orij1=0.7786685898561355
orik1=-0.447271195733264
lvx1=-1.5697279402072744
lvy1=-0.5316348219123702
lvz1=0.9678096521227646
avx1=5.055873704004323
avy1=-2.4202088505745225
avz1=-2.83886382433462
shx1=1.0
shy1=0.7
shz1=0.7
req1=1.0
rhos1=4.0
cex2=4.0
cey2=0.0
cez2=0.0
oriw2=-0.883182767446887
orii2=0.28904534826009165
orij2=-0.34036878462249237
orik2=-0.143492426241484
lvx2=-1.517843960703049
lvy2=-0.514062776784479
lvz2=0.9358207864929036
avx2=5.603441136972407
avy2=-2.0607121485718016
avz2=1.9578892894061717
shx2=1.0
shy2=0.7
shz2=0.7
req2=1.0
rhos2=4.0
rhof=1.0
ndiv=2
tend=100.0
dt=0.05
tprint=1
logevery=100
nbody=2
impulse_scheme=1
energy_projection=0
impulse_pair_metric_correction=0
