cex1=-1.5
cey1=0.0
cez1=0.0
oriw1=0.1668188004266907
orii1=0.6791029185060902
orij1=-0.7063966747091736
orik1=-0.10951918489713292
lvx1=-2.0870723664440116
lvy1=0.2570495333700471
lvz1=0.5869925052445056
avx1=-2.925518704929825
avy1=1.7166931481296828
avz1=-5.288924517009838
shx1=1.0
shy1=0.8
shz1=0.6
req1=1.0
rhos1=0.3
cex2=1.5
cey2=0.0
cez2=0.0
oriw2=-0.6947138041549786
orii2=0.19963110562746317
orij2=-0.6906162507805709
orik2=0.02386097525798931
lvx2=-2.024351476153728
lvy2=0.24932465720337116
lvz2=0.5693521526076739
avx2=-2.459221746404613
avy2=-4.587233841910687
avz2=-3.519649369752248
shx2=1.0
shy2=0.8
shz2=0.6
req2=1.0
rhos2=0.3
rhof=1.0
ndiv=2
tend=100.0
dt=0.05
tprint=1
logevery=100
nbody=2
impulse_scheme=1
energy_projection=0
impulse_pair_metric_correction=0
