cex1=-2.5
cey1=0.0
cez1=0.0
oriw1=-0.616766054672894
orii1=-0.5288229338120397
orij1=-0.5821645177523208
orik1=0.03210004280164645
lvx1=-2.444694479005876
lvy1=1.7461073662962814
lvz1=1.2417056555817079
avx1=-4.912865705911315
avy1=-1.5931575786671441
avz1=3.5782701252942593
shx1=1.0
shy1=0.8
shz1=0.6
req1=1.0
rhos1=0.03
cex2=2.5
cey2=0.0
cez2=0.0
oriw2=0.05378766376371248
orii2=-0.17128741148198448
orij2=0.976525491863809
orik2=0.11901879530052818
lvx2=-2.710837886709788
lvy2=1.9361985898310803
lvz2=1.3768848272040535
avx2=2.5491019216243767
avy2=-1.736703470240617
avz2=5.473970958452606
shx2=1.0
shy2=0.8
shz2=0.6
req2=1.0
rhos2=0.03
rhof=1.0
ndiv=2
tend=100.0
dt=0.05
tprint=1
logevery=100
nbody=2
impulse_scheme=1
energy_projection=0
impulse_pair_metric_correction=0
