cex1=-2.5
cey1=0.0
cez1=0.0
oriw1=0.8749630620977206
orii1=-0.31353624606258707
orij1=0.36156236139397974
orik1=-0.07353448981784301
lvx1=3.6158490671905894
lvy1=1.0481186941175649
lvz1=4.485923092449368
avx1=0.6307079203720442
avy1=0.13593533049526463
avz1=-6.249971736692938
shx1=1.0
shy1=0.7
shz1=0.7
req1=1.0
rhos1=0.03
cex2=2.5
cey2=0.0
cez2=0.0
oriw2=-0.4522244232942145
orii2=0.03522753638338187
orij2=-0.7420759822340086
orik2=0.49353351279118224
lvx2=3.0193840622334984
lvy2=0.8752226161935521
lvz2=3.745931989431929
avx2=5.932210402805629
avy2=-1.8846981432129257
avz2=-0.8574440215966624
shx2=1.0
shy2=0.7
shz2=0.7
req2=1.0
rhos2=0.03
rhof=1.0
ndiv=2
tend=100.0
dt=0.05
tprint=1
logevery=100
nbody=2
impulse_scheme=1
energy_projection=0
impulse_pair_metric_correction=0
