cex1=-4.0
cey1=0.0
cez1=0.0
oriw1=-0.9834217681847052
orii1=-0.14095642948556125
orij1=-0.10637779430724258
orik1=0.04119072377946369
lvx1=-2.487249859883845
lvy1=-4.699106875614867
lvz1=1.3726548535373906
avx1=5.852461258009231
avy1=1.6698766630290036
avz1=1.561610309305611
shx1=1.0609
shy1=0.970873786407767
shz1=0.970873786407767
req1=1.0
rhos1=1.0
cex2=4.0
cey2=0.0
cez2=0.0
oriw2=-0.5236155478591148
orii2=-0.27270976283512044
orij2=0.7026567975974772
orik2=-0.39715181994379617
lvx2=-2.5840440375626033
lvy2=-4.88197800295347
lvz2=1.4260732896695423
avx2=1.2456312772903246
avy2=2.9097186356362
avz2=-5.427739657244525
shx2=1.0609
shy2=0.970873786407767
shz2=0.970873786407767
req2=1.0
rhos2=1.0
rhof=1.0
ndiv=2
tend=100.0
dt=0.05
tprint=1
logevery=100
nbody=2
impulse_scheme=1
energy_projection=0
impulse_pair_metric_correction=0
