cex1=-1.5
cey1=0.0
cez1=0.0
oriw1=0.06125712612823006
orii1=-0.9358890765645324
orij1=0.3448613956374469
orik1=0.03781294308420677
lvx1=0.7517714122064147
lvy1=8.23238883764001
lvz1=-4.642143290886521
avx1=2.407177812615805
avy1=2.031584655156285
avz1=-5.436596028006968
shx1=1.0
shy1=0.7
shz1=0.7
req1=1.0
rhos1=0.03
cex2=1.5
cey2=0.0
cez2=0.0
oriw2=-0.24154801386253474
orii2=-0.022350381870717678
orij2=-0.5501300896291188
orik2=0.7990693974330111
lvx2=0.6445001749386752
lvy2=7.057698603422511
lvz2=-3.9797498474779474
avx2=-5.901369158916901
avy2=0.7579349071808302
avz2=-2.0193549294313384
shx2=1.0
shy2=0.7
shz2=0.7
req2=1.0
rhos2=0.03
rhof=1.0
ndiv=2
tend=100.0
dt=0.05
tprint=1
logevery=100
nbody=2
impulse_scheme=1
energy_projection=0
impulse_pair_metric_correction=0
