cex1=-4.0
cey1=0.0
cez1=0.0
oriw1=0.6189254127342124
orii1=-0.6642116180533768
orij1=0.3393257693320907
orik1=0.24619561771462287
lvx1=-2.412313603602317
lvy1=-6.501202615502679
lvz1=-5.666674495288599
avx1=4.90681326227311
avy1=0.7824523319138522
avz1=3.845694938736135
shx1=1.0
shy1=0.8
shz1=0.6
req1=1.0
rhos1=0.03
cex2=4.0
cey2=0.0
cez2=0.0
oriw2=0.7642900920143589
orii2=0.1413821618115103
orij2=0.23868085678878218
orik2=-0.5821539213754036
lvx2=-2.641161214597115
lvy2=-7.117948582913055
lvz2=-6.204251748343685
avx2=0.49089686716449443
avy2=4.494389690548611
avz2=4.363244111857126
shx2=1.0
shy2=0.8
shz2=0.6
req2=1.0
rhos2=0.03
rhof=1.0
ndiv=2
tend=100.0
dt=0.05
tprint=1
logevery=100
nbody=2
impulse_scheme=1
energy_projection=0
impulse_pair_metric_correction=0
