cex1=-4.0
cey1=0.0
cez1=0.0
oriw1=-0.45860721631134527
orii1=-0.8537306293414707
orij1=0.24490105740408052
orik1=-0.029101645206735267
lvx1=-2.042052636176303
lvy1=5.201239125703594
lvz1=0.6242320468925721
avx1=2.663153492999108
avy1=-4.30022238030841
avz1=3.727481530065408
shx1=1.01
shy1=1.01
shz1=0.9802960494069208
req1=1.0
rhos1=1.0
cex2=4.0
cey2=0.0
cez2=0.0
oriw2=-0.2257112523526024
orii2=0.37296351441811065
orij2=0.8860757073785966
orik2=0.15755154162315016
lvx2=-2.043217204843543
lvy2=5.2042053568424524
lvz2=0.6245880421642018
avx2=4.25809921230019
avy2=-2.434690152657568
avz2=-3.926740704849023
shx2=1.01
shy2=1.01
shz2=0.9802960494069208
req2=1.0
rhos2=1.0
rhof=1.0
ndiv=2
tend=100.0
dt=0.05
tprint=1
logevery=100
nbody=2
impulse_scheme=1
energy_projection=0
impulse_pair_metric_correction=0
