cex1=-4.0
cey1=0.0
cez1=0.0
oriw1=0.5167631608431308
orii1=0.3384371613932117
orij1=-0.3949454214547172
orik1=-0.6800251741336327
lvx1=0.45348885727290295
lvy1=0.9399787015790585
lvz1=0.7442881103547024
avx1=-2.2803438162855136
avy1=1.4157583782785892
avz1=5.681027890991192
shx1=1.0
shy1=0.7
shz1=0.7
req1=1.0
rhos1=10.0
cex2=4.0
cey2=0.0
cez2=0.0
oriw2=0.09611069776717106
orii2=0.9427413779083652
orij2=0.2883214030026148
orik2=0.13737611409829653
lvx2=0.39316790557095777
lvy2=0.8149471623262956
lvz2=0.6452864117748843
avx2=-5.705400762617976
avy2=-2.611247983213085
avz2=0.32894332709639706
shx2=1.0
shy2=0.7
shz2=0.7
req2=1.0
rhos2=10.0
rhof=1.0
ndiv=2
tend=100.0
dt=0.05
tprint=1
logevery=100
nbody=2
impulse_scheme=1
energy_projection=0
impulse_pair_metric_correction=0
