cex1=-4.0
cey1=0.0
cez1=0.0
oriw1=-0.4480719191340588
orii1=0.7506024926449352
orij1=0.4222095538655949
orik1=-0.23993029392585422
lvx1=-2.672616924744531
lvy1=-3.970516879246027
lvz1=2.8948140866173393
avx1=4.606827250708373
avy1=4.253472150604273
avz1=0.40439454808642655
shx1=1.01
shy1=1.01
shz1=0.9802960494069208
req1=1.0
rhos1=1.0
cex2=4.0
cey2=0.0
cez2=0.0
oriw2=0.48258954606823024
orii2=-0.45147443325147657
orij2=-0.7193352253709889
orik2=0.2140911013713231
lvx2=-4.69057242690164
lvy2=-6.968449844759996
lvz2=5.08053923103539
avx2=-4.060289212912422
avy2=1.592228277729469
avz2=4.522972277547488
shx2=2.0
shy2=2.0
shz2=0.25
req2=1.0
rhos2=1.0
rhof=1.0
ndiv=2
tend=100.0
dt=0.05
tprint=1
logevery=100
nbody=2
impulse_scheme=1
energy_projection=0
impulse_pair_metric_correction=0
