cex1=-2.5
cey1=0.0
cez1=0.0
oriw1=-0.9046685821262896
orii1=0.24956061514928027
orij1=0.27687362269516896
orik1=0.20648305726033467
lvx1=0.3137416145253479
lvy1=0.3046009615485698
lvz1=0.6196383064920743
avx1=-3.193145905858165
avy1=-2.9087021443152077
avz1=4.563078857954877
shx1=1.0
shy1=0.7
shz1=0.7
req1=1.0
rhos1=0.1
cex2=2.5
cey2=0.0
cez2=0.0
oriw2=-0.5687812842454529
orii2=-0.3702492861276901
orij2=-0.2542901145725379
orik2=0.6890136823349118
lvx2=0.2730506854811338
lvy2=0.26509553562053806
lvz2=0.539273900894522
avx2=-5.975005525920172
avy2=-0.6280802619292598
avz2=1.8393590606936214
shx2=1.0
shy2=0.7
shz2=0.7
req2=1.0
rhos2=0.1
rhof=1.0
ndiv=2
tend=100.0
dt=0.05
tprint=1
logevery=100
nbody=2
impulse_scheme=1
energy_projection=0
impulse_pair_metric_correction=0
