cex1=-4.0
cey1=0.0
cez1=0.0
oriw1=-0.8967863221380549
orii1=-0.2453046931252197
orij1=-0.36574634172997295
orik1=-0.04277281225246295
lvx1=-4.88504455871631
lvy1=-0.4705840754057734
lvz1=5.04436691085198
avx1=-2.3294632073502037
avy1=-5.635433508829024
avz1=-1.5145652635413673
shx1=1.6900000000000002
shy1=0.7692307692307692
shz1=0.7692307692307692
req1=1.0
rhos1=1.0
cex2=4.0
cey2=0.0
cez2=0.0
oriw2=-0.2825071185695223
orii2=-0.14937983835687063
orij2=0.36517828829943483
orik2=-0.8743684632949177
lvx2=-3.900820365540589
lvy2=-0.3757722008423817
lvz2=4.028042925831823
avx2=6.208561655900072
avy2=0.5224813685227587
avz2=0.8119070074776867
shx2=1.0
shy2=1.0
shz2=1.0
req2=1.0
rhos2=1.0
rhof=1.0
ndiv=2
tend=100.0
dt=0.05
tprint=1
logevery=100
nbody=2
impulse_scheme=1
energy_projection=0
impulse_pair_metric_correction=0
