cex1=-4.0
cey1=0.0
cez1=0.0
oriw1=-0.38018595146277756
orii1=-0.8148529057661905
orij1=0.3103247733614882
orik1=0.3084994640398574
lvx1=9.362216892726408
lvy1=-1.1735309471374562
lvz1=-2.090488835641328
avx1=0.30490454261876626
avy1=-4.562517409611604
avz1=4.3091629942761385
shx1=2.0
shy1=2.0
shz1=0.25
req1=1.0
rhos1=1.0
cex2=4.0
cey2=0.0
cez2=0.0
oriw2=-0.41625144691714944
orii2=-0.8668808117373971
orij2=0.27422691808324706
orik2=-0.007210310635133422
lvx2=10.772098847443816
lvy2=-1.3502561955085932
lvz2=-2.40530129081941
avx2=0.3534941645100771
avy2=1.25668943161818
avz2=-6.146071196502196
shx2=2.0
shy2=2.0
shz2=0.25
req2=1.0
rhos2=1.0
rhof=1.0
ndiv=2
tend=100.0
dt=0.05
tprint=1
logevery=100
nbody=2
impulse_scheme=1
energy_projection=0
impulse_pair_metric_correction=0
