cex1=-4.0
cey1=0.0
cez1=0.0
oriw1=0.30026276406340746
orii1=0.8370492423434273
orij1=0.42989201295551677
orik1=-0.15615279570456178
lvx1=-4.597926230381465
lvy1=3.17654267132002
lvz1=-0.5831104768839404
avx1=-4.459503251218906
avy1=3.738143125949479
avz1=2.3701338204080598
shx1=1.001
shy1=1.0
shz1=0.9990009990009991
req1=1.0
rhos1=1.0
cex2=4.0
cey2=0.0
cez2=0.0
oriw2=-0.27858469339733166
orii2=-0.1344938132161449
orij2=0.2865408749110427
orik2=-0.9067504120851061
lvx2=-4.59875389914995
lvy2=3.177114478049636
lvz2=-0.5832154421021954
avx2=5.121738907802925
avy2=2.6340185310828668
avz2=-2.5116039780521113
shx2=1.0
shy2=1.0
shz2=1.0
req2=1.0
rhos2=1.0
rhof=1.0
ndiv=2
tend=100.0
dt=0.05
tprint=1
logevery=100
nbody=2
impulse_scheme=1
energy_projection=0
impulse_pair_metric_correction=0
