cex1=-4.0
cey1=0.0
cez1=0.0
oriw1=-0.3572065594088818
orii1=0.4775314202286487
orij1=-0.7204599200733414
orik1=-0.35398406768891916
lvx1=-4.297932719322775
lvy1=2.480974064608491
lvz1=1.718097438237456
avx1=-4.7863889328055045
avy1=3.7950668166110897
avz1=-1.4718581608741341
shx1=1.0
shy1=0.7
shz1=0.7
req1=1.0
rhos1=10.0
cex2=4.0
cey2=0.0
cez2=0.0
oriw2=0.8826607193185961
orii2=0.2997054476414012
orij2=0.08441537184601546
orik2=0.3520805933620093
lvx2=-4.3036508291079
lvy2=2.484274833373832
lvz2=1.7203832510723605
avx2=-4.760610598645294
avy2=-3.9117225435303835
avz2=1.2302158651471355
shx2=1.0
shy2=0.7
shz2=0.7
req2=1.0
rhos2=10.0
rhof=1.0
ndiv=2
tend=100.0
dt=0.05
tprint=1
logevery=100
nbody=2
impulse_scheme=1
energy_projection=0
impulse_pair_metric_correction=0
