cex1=-5.5
cey1=0.0
cez1=0.0
oriw1=-0.1406616068958048
orii1=-0.7257316974566513
orij1=-0.2614778181106847
orik1=-0.6206103175812123
lvx1=1.3474943256111471
lvy1=-0.02224287447407142
lvz1=1.5514852063235396
avx1=-4.296622844996324
avy1=-2.024312816054284
avz1=-4.113345032327279
shx1=1.0
shy1=0.8
shz1=0.6
req1=1.0
rhos1=1.0
cex2=5.5
cey2=0.0
cez2=0.0
oriw2=0.6358546354925522
orii2=-0.13977374788651292
orij2=-0.5228706625061736
orik2=-0.5502349063943018
lvx2=1.211297134638839
lvy2=-0.019994689108879467
lvz2=1.3946697578870344
avx2=5.877835272702725
avy2=1.6794859864818283
avz2=-1.4521697326897667
shx2=1.0
shy2=0.8
shz2=0.6
req2=1.0
rhos2=1.0
rhof=1.0
ndiv=2
tend=100.0
dt=0.05
tprint=1
logevery=100
nbody=2
impulse_scheme=1
energy_projection=0
impulse_pair_metric_correction=0
