cex1=-4.0
cey1=0.0
cez1=0.0
oriw1=0.00590809433265154
orii1=-0.5447766881811729
orij1=-0.8295182168723162
orik1=-0.12281279376629518
lvx1=4.651766415108099
lvy1=3.794849635484988
lvz1=0.8383113846820202
avx1=-4.420996813031206
avy1=4.400557005664207
avz1=-0.7538586229692076
shx1=1.6900000000000002
shy1=0.7692307692307692
shz1=0.7692307692307692
req1=1.0
rhos1=1.0
cex2=4.0
cey2=0.0
cez2=0.0
oriw2=0.9616209574637584
orii2=0.19010780651659837
orij2=0.17757020987127817
orik2=-0.08725237322962869
lvx2=4.312786242292895
lvy2=3.518314085233262
lvz2=0.7772225610623457
avx2=-5.53702069656976
avy2=0.29800245463670155
avz2=-2.954828920114675
shx2=1.0
shy2=1.0
shz2=1.0
req2=1.0
rhos2=1.0
rhof=1.0
ndiv=2
tend=100.0
dt=0.05
tprint=1
logevery=100
nbody=2
impulse_scheme=1
energy_projection=0
impulse_pair_metric_correction=0
