cex1=-4.0
cey1=0.0
cez1=0.0
oriw1=0.3648477928167367
orii1=0.4080758577623916
orij1=0.8263165673191356
orik1=-0.13251834953003452
lvx1=-4.954464849950156
lvy1=1.1312266532309316
lvz1=-2.3998520402753347
avx1=-0.9315357303928578
avy1=2.7854108209133592
avz1=-5.554470753014876
shx1=1.00020001
shy1=0.9999000099990001
shz1=0.9999000099990001
req1=1.0
rhos1=1.0
cex2=4.0
cey2=0.0
cez2=0.0
oriw2=0.17891264364819973
orii2=-0.35703378551522164
orij2=-0.06296086650322334
orik2=0.9146327521101824
lvx2=-4.954469588276129
lvy2=1.1312277351077427
lvz2=-2.3998543354336612
avx2=-0.7848821384960684
avy2=-6.14892251961588
avz2=1.0262209707406955
shx2=1.00020001
shy2=0.9999000099990001
shz2=0.9999000099990001
req2=1.0
rhos2=1.0
rhof=1.0
ndiv=2
tend=100.0
dt=0.05
tprint=1
logevery=100
nbody=2
impulse_scheme=1
energy_projection=0
impulse_pair_metric_correction=0
