cex1=-5.5
cey1=0.0
cez1=0.0
oriw1=0.13823409044559698
orii1=-0.5170401831768172
orij1=-0.3554048602620529
orik1=0.7663211927914249
lvx1=-1.5267098199787794
lvy1=1.1492448786612235
lvz1=0.711815699008787
avx1=2.993194395532653
avy1=5.353950661624469
avz1=-1.3617698879767692
shx1=1.0
shy1=0.8
shz1=0.6
req1=1.0
rhos1=10.0
cex2=5.5
cey2=0.0
cez2=0.0
oriw2=0.060247290677264566
orii2=0.8443712905688907
orij2=0.34154089103625607
orik2=-0.40835916468133215
lvx2=-1.6516159540405149
lvy2=1.243269121516894
lvz2=0.7700521405146624
avx2=1.427540511926767
avy2=-3.6703621902192394
avz2=-4.895813219861878
shx2=1.0
shy2=0.8
shz2=0.6
req2=1.0
rhos2=10.0
rhof=1.0
ndiv=2
tend=100.0
dt=0.05
tprint=1
logevery=100
nbody=2
impulse_scheme=1
energy_projection=0
impulse_pair_metric_correction=0
