cex1=-4.0
cey1=0.0
cez1=0.0
oriw1=0.29935421202344503
orii1=-0.18384441026603632
orij1=0.18891850862931983
orik1=-0.9170049539969941
lvx1=0.6305215116018947
lvy1=0.1447817881444666
lvz1=5.5827747899665
avx1=0.034147157200338854
avy1=-5.910271394534858
avz1=2.1321218583738486
shx1=1.00020001
shy1=0.9999000099990001
shz1=0.9999000099990001
req1=1.0
rhos1=1.0
cex2=4.0
cey2=0.0
cez2=0.0
oriw2=-0.9220121430055346
orii2=-0.35445829427496334
orij2=-0.052077553838062056
orik2=-0.14676802838584743
lvx2=0.6305141356963971
lvy2=0.14478009447221674
lvz2=5.582709482092767
avx2=-1.755026862569165
avy2=4.2650593288700245
avz2=4.2670326032544965
shx2=1.00020001
shy2=0.9999000099990001
shz2=0.9999000099990001
req2=1.0
rhos2=1.0
rhof=1.0
ndiv=2
tend=100.0
dt=0.05
tprint=1
logevery=100
nbody=2
impulse_scheme=1
energy_projection=0
impulse_pair_metric_correction=0
