cex1=-5.5
cey1=0.0
cez1=0.0
oriw1=0.021324865136906825
orii1=0.28127201930517526
orij1=-0.6108998424140324
orik1=0.7397517717595493
lvx1=0.5649622555877623
lvy1=-0.03711596625632962
lvz1=0.42046192941124966
avx1=-5.3963664965364915
avy1=-1.153564479273464
avz1=3.0044858514518675
shx1=1.0
shy1=0.8
shz1=0.6
req1=1.0
rhos1=0.03
cex2=5.5
cey2=0.0
cez2=0.0
oriw2=0.4446409260931491
orii2=-0.32287457245897594
orij2=-0.3562584911042378
orik2=-0.7557290154669145
lvx2=0.6387433468755663
lvy2=-0.04196311572075595
lvz2=0.47537204011353645
avx2=1.043628321204439
avy2=-4.467102425779425
avz2=4.293512949687356
shx2=1.0
shy2=0.8
shz2=0.6
req2=1.0
rhos2=0.03
rhof=1.0
ndiv=2
tend=100.0
dt=0.05
tprint=1
logevery=100
nbody=2
impulse_scheme=1
energy_projection=0
impulse_pair_metric_correction=0
