cex1=-5.5
cey1=0.0
cez1=0.0
oriw1=1.0
orii1=1.0
orij1=1.0
orik1=0.0
lvx1=0.6016964350175376
lvy1=-2.0011788690086583
lvz1=0.2637812262870353
avx1=-0.17272285874256868
avy1=-6.074482243238279
avz1=1.5966370580091367
shx1=1.0
shy1=0.8
shz1=0.6
req1=1.0
rhos1=0.3
cex2=5.5
cey2=0.0
cez2=0.0
oriw2=1.0
orii2=-1.0
orij2=0.0
orik2=1.0
lvx2=0.6359323365177245
lvy2=-2.1150438658016655
lvz2=0.27879010377938446
avx2=2.1043070859428923
avy2=-2.0274268808274054
avz2=5.562360068829276
shx2=1.0
shy2=0.8
shz2=0.6
req2=1.0
rhos2=0.3
rhof=1.0
ndiv=2
tend=100.0
dt=0.05
tprint=1
logevery=100
nbody=2
impulse_scheme=1
energy_projection=0
impulse_pair_metric_correction=0
