cex1=-4.0
cey1=0.0
cez1=0.0
oriw1=0.7925475812516605
orii1=0.11631804832106911
orij1=0.019681554380635555
orik1=0.5982901298735273
lvx1=-4.533122115149949
lvy1=1.0647831489083595
lvz1=-3.1237576501620077
avx1=3.1208210581797085
avy1=5.290643222015196
avz1=-1.3221149059458428
shx1=1.03
shy1=1.0
shz1=0.970873786407767
req1=1.0
rhos1=1.0
cex2=4.0
cey2=0.0
cez2=0.0
oriw2=0.5751584748812976
orii2=0.3585442393939282
orij2=0.1720019561192536
orik2=0.7148804685126036
lvx2=-4.634158828317538
lvy2=1.0885156200108677
lvz2=-3.1933816747718193
avx2=-5.543279949547517
avy2=0.15193735860641747
avz2=2.954213946951306
shx2=2.0
shy2=1.0
shz2=0.5
req2=1.0
rhos2=1.0
rhof=1.0
ndiv=2
tend=100.0
dt=0.05
tprint=1
logevery=100
nbody=2
impulse_scheme=1
energy_projection=0
impulse_pair_metric_correction=0
