cex1=-4.0
cey1=0.0
cez1=0.0
oriw1=1.0
orii1=1.0
orij1=1.0
orik1=0.0
lvx1=0.8644487862339302
lvy1=-3.466677280890126
lvz1=-7.921066437647486
avx1=0.5586137200269584
avy1=6.165947743443954
avz1=-1.0711940726467306
shx1=1.0
shy1=0.7
shz1=0.7
req1=1.0
rhos1=0.1
cex2=4.0
cey2=0.0
cez2=0.0
oriw2=1.0
orii2=-1.0
orij2=0.0
orik2=1.0
lvx2=0.7799227899872155
lvy2=-3.1277047986570445
lvz2=-7.146542784377662
avx2=4.659075495335217
avy2=0.0674345404920426
avz2=4.215078376005951
shx2=1.0
shy2=0.7
shz2=0.7
req2=1.0
rhos2=0.1
rhof=1.0
ndiv=2
tend=100.0
dt=0.05
tprint=1
logevery=100
nbody=2
impulse_scheme=1
energy_projection=1
