cex1=-4.0
cey1=0.0
cez1=0.0
oriw1=0.011962014959296606
orii1=-0.36749704218002816
orij1=-0.9184887020905124
orik1=0.14553809920130953
lvx1=-1.3547728611179697
lvy1=5.393042768887942
lvz1=-0.8163992344101143
avx1=2.7369292519762243
avy1=-2.9282197980175573
avz1=4.838715189854876
shx1=1.0006000899999998
shy1=0.9997000899730081
shz1=0.9997000899730081
req1=1.0
rhos1=1.0
cex2=4.0
cey2=0.0
cez2=0.0
oriw2=0.5861942459648399
orii2=-0.8085795981944629
orij2=0.015495400636219668
orik2=0.04832423760926618
lvx2=-1.3546850735839697
lvy2=5.3926933066725224
lvz2=-0.816346332792725
avx2=5.7484929991171985
avy2=1.486551361636052
avz2=-2.0550938890172366
shx2=1.0
shy2=1.0
shz2=1.0
req2=1.0
rhos2=1.0
rhof=1.0
ndiv=2
tend=100.0
dt=0.05
tprint=1
logevery=100
nbody=2
impulse_scheme=1
energy_projection=0
impulse_pair_metric_correction=0
