cex1=-4.0
cey1=0.0
cez1=0.0
oriw1=0.1636120683264508
orii1=-0.25353143691457747
orij1=0.9025256839280675
orik1=-0.30724630419932575
lvx1=1.6760570635825114
lvy1=-5.134111813520589
lvz1=1.342556101475539
avx1=-4.802486773913267
avy1=-4.035222528616863
avz1=-0.36265346446505364
shx1=1.0609
shy1=0.970873786407767
shz1=0.970873786407767
req1=1.0
rhos1=1.0
cex2=4.0
cey2=0.0
cez2=0.0
oriw2=0.696957954670259
orii2=-0.6089678551725605
orij2=0.15651939898856831
orik2=0.34483247893526225
lvx2=4.573383133735973
lvy2=-14.00922491533878
lvz2=3.6633737382774263
avx2=-2.032091395329822
avy2=-2.541639440728331
avz2=5.374857311475171
shx2=4.0
shy2=0.5
shz2=0.5
req2=1.0
rhos2=1.0
rhof=1.0
ndiv=2
tend=100.0
dt=0.05
tprint=1
logevery=100
nbody=2
impulse_scheme=1
energy_projection=0
impulse_pair_metric_correction=0
