cex1=-2.5
cey1=0.0
cez1=0.0
oriw1=-0.6378851063815071
orii1=-0.3191588397057351
orij1=-0.6666562438331498
orik1=0.21635544516516833
lvx1=-3.0185746151066914
lvy1=0.5436052300652378
lvz1=4.048001347822983
avx1=5.406481025775039
avy1=-3.0192379262708458
avz1=1.0642287662244605
shx1=1.0
shy1=0.8
shz1=0.6
req1=1.0
rhos1=4.0
cex2=2.5
cey2=0.0
cez2=0.0
oriw2=-0.481328299917394
orii2=-0.3826780532101605
orij2=-0.30964717854283735
orik2=0.7252580231271991
lvx2=-3.4641435812986145
lvy2=0.6238462879355695
lvz2=4.645523027978385
avx2=1.9568253864372394
avy2=4.235885930815917
avz2=-4.207911880311654
shx2=1.0
shy2=0.8
shz2=0.6
req2=1.0
rhos2=4.0
rhof=1.0
ndiv=2
tend=100.0
dt=0.05
tprint=1
logevery=100
nbody=2
impulse_scheme=1
energy_projection=0
impulse_pair_metric_correction=0
