cex1=-5.5
cey1=0.0
cez1=0.0
oriw1=1.0
orii1=1.0
orij1=1.0
orik1=0.0
lvx1=6.327386991495558
lvy1=-6.811744189024462
lvz1=0.9606698486494076
avx1=3.5670400048153748
avy1=3.2985014599814497
avz1=3.9842855478623034
shx1=1.0
shy1=0.8
shz1=0.6
req1=1.0
rhos1=0.3
cex2=5.5
cey2=0.0
cez2=0.0
oriw2=1.0
orii2=-1.0
orij2=0.0
orik2=1.0
lvx2=5.602443817159407
lvy2=-6.0313071046807325
lvz2=0.8506037106836117
avx2=5.7085843365479505
avy2=2.606441483807587
avz2=0.3113603513033387
shx2=1.0
shy2=0.8
shz2=0.6
req2=1.0
rhos2=0.3
rhof=1.0
ndiv=2
tend=100.0
dt=0.05
tprint=1
logevery=100
nbody=2
impulse_scheme=1
energy_projection=0
impulse_pair_metric_correction=0
