cex1=-4.0
cey1=0.0
cez1=0.0
oriw1=-0.4031693123893617
orii1=0.6632527345421241
orij1=-0.48481600564860533
orik1=-0.4031175465504017
lvx1=2.760847318455346
lvy1=-2.943358859300234
lvz1=3.9078955612163826
avx1=-0.12697557603189158
avy1=-6.0806490177572865
avz1=1.577340270929563
shx1=1.001
shy1=1.001
shz1=0.9980029960049943
req1=1.0
rhos1=1.0
cex2=4.0
cey2=0.0
cez2=0.0
oriw2=0.01559638195218112
orii2=0.90094573050191
orij2=0.2388788649948302
orik2=0.3619260026844757
lvx2=2.761123088943432
lvy2=-2.943652860168669
lvz2=3.908285905970003
avx2=-4.59415351337193
avy2=3.6405108694770436
avz2=-2.262487946741217
shx2=1.001
shy2=1.001
shz2=0.9980029960049943
req2=1.0
rhos2=1.0
rhof=1.0
ndiv=2
tend=100.0
dt=0.05
tprint=1
logevery=100
nbody=2
impulse_scheme=1
energy_projection=0
impulse_pair_metric_correction=0
