cex1=-4.0
cey1=0.0
cez1=0.0
oriw1=0.9630118867699621
orii1=-0.0917320140364524
orij1=-0.09494429739517216
orik1=0.2349019453574422
lvx1=2.1685820551322923
lvy1=-7.43185035938374
lvz1=2.9536570041349255
avx1=-5.461996798022549
avy1=-0.08347071759721221
avz1=-3.104519483277995
shx1=4.0
shy1=0.5
shz1=0.5
req1=1.0
rhos1=1.0
cex2=4.0
cey2=0.0
cez2=0.0
oriw2=0.49349852301799546
orii2=-0.5266614738298999
orij2=0.6912003122062903
orik2=0.0364558386037319
lvx2=1.4707919128789249
lvy2=-5.0404850397238565
lvz2=2.003251306455557
avx2=0.13671646068796292
avy2=-2.0024322809539257
avz2=-5.953989517451979
shx2=1.0
shy2=1.0
shz2=1.0
req2=1.0
rhos2=1.0
rhof=1.0
ndiv=2
tend=100.0
dt=0.05
tprint=1
logevery=100
nbody=2
impulse_scheme=1
energy_projection=0
impulse_pair_metric_correction=0
