cex1=-4.0
cey1=0.0
cez1=0.0
oriw1=-0.06471517199451603
orii1=0.9062458225085638
orij1=0.3992384422728742
orik1=0.12304113910000086
lvx1=-6.352512992202899
lvy1=3.227395693429502
lvz1=1.4338682736538924
avx1=-1.3370611040347347
avy1=-1.9466111889536035
avz1=5.822490024678057
shx1=1.6900000000000002
shy1=0.7692307692307692
shz1=0.7692307692307692
req1=1.0
rhos1=1.0
cex2=4.0
cey2=0.0
cez2=0.0
oriw2=0.2560111664840393
orii2=0.26654981461209326
orij2=-0.7866281571142333
orik2=-0.49459642275374904
lvx2=-4.911844132689594
lvy2=2.4954635464888844
lvz2=1.1086852519060029
avx2=-5.436869727365737
avy2=-0.5439711795295904
avz2=-3.1020897033858703
shx2=1.0
shy2=1.0
shz2=1.0
req2=1.0
rhos2=1.0
rhof=1.0
ndiv=2
tend=100.0
dt=0.05
tprint=1
logevery=100
nbody=2
impulse_scheme=1
energy_projection=0
impulse_pair_metric_correction=0
