cex1=-2.5
cey1=0.0
cez1=0.0
oriw1=-0.21106444070341177
orii1=-0.6761917558095577
orij1=0.6901755758089948
orik1=-0.14789924206183752
lvx1=2.6757769936503957
lvy1=1.7876624369457625
lvz1=0.8999175977059942
avx1=4.450793142570169
avy1=-1.6143454777122959
avz1=-4.130707770467144
shx1=1.0
shy1=0.8
shz1=0.6
req1=1.0
rhos1=0.03
cex2=2.5
cey2=0.0
cez2=0.0
oriw2=0.8697529511975222
orii2=0.37570408609425804
orij2=-0.30124165851266205
orik2=-0.1078411180942582
lvx2=2.6244897009877386
lvy2=1.7533978600384783
lvz2=0.882668650086164
avx2=-4.839709088307958
avy2=-1.143861073098596
avz2=-3.840210331525672
shx2=1.0
shy2=0.8
shz2=0.6
req2=1.0
rhos2=0.03
rhof=1.0
ndiv=2
tend=100.0
dt=0.05
tprint=1
logevery=100
nbody=2
impulse_scheme=1
energy_projection=0
impulse_pair_metric_correction=0
