cex1=-4.0
cey1=0.0
cez1=0.0
oriw1=-0.689908046372868
orii1=0.24212044192730836
orij1=0.6112661124314521
orik1=0.3029163563491366
lvx1=0.1524952911936946
lvy1=-0.4636190919748896
lvz1=-0.6628994053448497
avx1=-0.7460434957681937
avy1=2.7223918994702765
avz1=5.613414206387947
shx1=1.0
shy1=0.8
shz1=0.6
req1=1.0
rhos1=0.03
cex2=4.0
cey2=0.0
cez2=0.0
oriw2=-0.4462644771234473
orii2=0.31283460907413746
orij2=-0.2582805790302881
orik2=0.7976676415142756
lvx2=0.13331204386789117
lvy2=-0.40529781768044476
lvz2=-0.5795095305145109
avx2=-4.567782643014797
avy2=3.669090202571877
avz2=2.2697040370764774
shx2=1.0
shy2=0.8
shz2=0.6
req2=1.0
rhos2=0.03
rhof=1.0
ndiv=2
tend=100.0
dt=0.05
tprint=1
logevery=100
nbody=2
impulse_scheme=1
energy_projection=0
impulse_pair_metric_correction=0
