cex1=-4.0
cey1=0.0
cez1=0.0
oriw1=-0.49842103164184953
orii1=0.7765524739635057
orij1=0.3242615162227791
orik1=0.20831994502480466
lvx1=3.3761826916760587
lvy1=1.9637763512976671
lvz1=-4.342025587777722
avx1=1.0141793233019747
avy1=-3.59146797518238
avz1=5.054821034199288
shx1=1.0
shy1=0.7
shz1=0.7
req1=1.0
rhos1=0.03
cex2=4.0
cey2=0.0
cez2=0.0
oriw2=-0.8469664812292402
orii2=0.5299108003592361
orij2=-0.018972815746360887
orik2=0.03850137139697188
lvx2=3.315243164446919
lvy2=1.9283305199074126
lvz2=-4.2636527594386715
avx2=2.262273787958451
avy2=-2.8141214028463377
avz2=-5.142106148526664
shx2=1.0
shy2=0.7
shz2=0.7
req2=1.0
rhos2=0.03
rhof=1.0
ndiv=2
tend=100.0
dt=0.05
tprint=1
logevery=100
nbody=2
impulse_scheme=1
energy_projection=0
impulse_pair_metric_correction=0
