cex1=-4.0
cey1=0.0
cez1=0.0
oriw1=0.17081550551384725
orii1=-0.12567505510649138
orij1=-0.04815543677214264
orik1=-0.9760680803659718
lvx1=-1.5470038773761838
lvy1=-7.267513384347894
lvz1=-1.786835433388156
avx1=3.682027564565608
avy1=-0.8526274588573943
avz1=5.019374167616803
shx1=2.0
shy1=1.0
shz1=0.5
req1=1.0
rhos1=1.0
cex2=4.0
cey2=0.0
cez2=0.0
oriw2=0.8285521225679631
orii2=0.0021753974834298907
orij2=0.25941541428215587
orik2=-0.496185742103428
lvx2=-1.1376262527548024
lvy2=-5.344339558025951
lvz2=-1.3139921160524466
avx2=-4.346115312714597
avy2=-3.06100274062529
avz2=-3.3496211001887355
shx2=1.0
shy2=1.0
shz2=1.0
req2=1.0
rhos2=1.0
rhof=1.0
ndiv=2
tend=100.0
dt=0.05
tprint=1
logevery=100
nbody=2
impulse_scheme=1
energy_projection=0
impulse_pair_metric_correction=0
