cex1=-4.0
cey1=0.0
cez1=0.0
oriw1=0.7769435767788787
orii1=-0.3193252944642008
orij1=0.341856101545275
orik1=-0.4213364933798883
lvx1=-4.004183108082545
lvy1=-0.17344817672765359
lvz1=-3.972774087904249
avx1=-1.7816899386211202
avy1=4.883976209963587
avz1=3.528565565138818
shx1=1.03
shy1=1.0
shz1=0.970873786407767
req1=1.0
rhos1=1.0
cex2=4.0
cey2=0.0
cez2=0.0
oriw2=0.9560217939254786
orii2=-0.1676096909716651
orij2=-0.2062052003772071
orik2=0.12413193130411046
lvx2=-5.777603880109215
lvy2=-0.2502669912464207
lvz2=-5.732284055327413
avx2=-2.8681711409909325
avy2=-1.0243795103598927
avz2=5.495694544741277
shx2=2.0
shy2=1.0
shz2=0.5
req2=1.0
rhos2=1.0
rhof=1.0
ndiv=2
tend=100.0
dt=0.05
tprint=1
logevery=100
nbody=2
impulse_scheme=1
energy_projection=0
impulse_pair_metric_correction=0
