cex1=-4.0
cey1=0.0
cez1=0.0
oriw1=0.5421486880675379
orii1=-0.7583508454909572
orij1=0.015935685677315282
orik1=-0.3615589151048439
lvx1=-0.2560241955678127
lvy1=-3.157556302719256
lvz1=4.638465709593544
avx1=-3.661818135132024
avy1=-5.105702662541754
avz1=0.03613684116945808
shx1=1.003
shy1=1.0
shz1=0.9970089730807579
req1=1.0
rhos1=1.0
cex2=4.0
cey2=0.0
cez2=0.0
oriw2=0.420111025540382
orii2=-0.4197290666206792
orij2=0.01950049083917333
orik2=-0.80433448745542
lvx2=-0.25615261639086545
lvy2=-3.159140121695159
lvz2=4.640792347444342
avx2=-0.6200309332782757
avy2=5.386952370105895
avz2=3.1740704794232264
shx2=1.0
shy2=1.0
shz2=1.0
req2=1.0
rhos2=1.0
rhof=1.0
ndiv=2
tend=100.0
dt=0.05
tprint=1
logevery=100
nbody=2
impulse_scheme=1
energy_projection=0
impulse_pair_metric_correction=0
