cex1=-4.0
cey1=0.0
cez1=0.0
oriw1=1.0
orii1=1.0
orij1=1.0
orik1=0.0
lvx1=0.5671149443690431
lvy1=1.0661992865073837
lvz1=0.09318596713397434
avx1=3.4367298117580267
avy1=5.250484012942288
avz1=0.31579017585812946
shx1=1.0
shy1=0.8
shz1=0.6
req1=1.0
rhos1=1.0
cex2=4.0
cey2=0.0
cez2=0.0
oriw2=1.0
orii2=-1.0
orij2=0.0
orik2=1.0
lvx2=0.6315057242904467
lvy2=1.187256585898844
lvz2=0.10376639207439395
avx2=0.6565356782020001
avy2=3.3442403499975333
avz2=5.278582668581941
shx2=1.0
shy2=0.8
shz2=0.6
req2=1.0
rhos2=1.0
rhof=1.0
ndiv=2
tend=100.0
dt=0.05
tprint=1
logevery=100
nbody=2
impulse_scheme=1
energy_projection=0
impulse_pair_metric_correction=0
