cex1=-2.5
cey1=0.0
cez1=0.0
oriw1=1.0
orii1=2.0
orij1=0.0
orik1=0.0
lvx1=-0.0954648329539748
lvy1=0.2921223865581314
lvz1=-0.6554775894092596
avx1=4.4194425636338295
avy1=1.7947131934210123
avz1=4.08973710456548
shx1=1.0
shy1=0.7
shz1=0.7
req1=1.0
rhos1=0.3
cex2=2.5
cey2=0.0
cez2=0.0
oriw2=1.0
orii2=0.0
orij2=1.0
orik2=0.0
lvx2=-0.09017478725296196
lvy2=0.2759348468394322
lvz2=-0.6191552464409703
avx2=5.46400413491144
avy2=-3.0081547906738315
avz2=0.7576814458426443
shx2=1.0
shy2=0.7
shz2=0.7
req2=1.0
rhos2=0.3
rhof=1.0
ndiv=2
tend=100.0
dt=0.05
tprint=1
logevery=100
nbody=2
impulse_scheme=1
energy_projection=0
impulse_pair_metric_correction=0
