cex1=-4.0
cey1=0.0
cez1=0.0
oriw1=-0.37973878656121424
orii1=-0.07461129332830939
orij1=-0.4398327964508997
orik1=-0.81041885470112
lvx1=-4.8747165463494655
lvy1=1.0182998968552945
lvz1=2.6658995791669495
avx1=3.349085939532312
avy1=-1.3869090191484088
avz1=-5.13210720334145
shx1=1.01
shy1=1.01
shz1=0.9802960494069208
req1=1.0
rhos1=1.0
cex2=4.0
cey2=0.0
cez2=0.0
oriw2=0.6430142372552379
orii2=0.5842146781501668
orij2=0.09945318325075947
orik2=-0.48511335259117794
lvx2=-4.891263530209157
lvy2=1.0217564654162312
lvz2=2.6749488432397635
avx2=-1.010675069021152
avy2=-1.715510357343323
avz2=5.95936051292958
shx2=1.01
shy2=1.01
shz2=0.9802960494069208
req2=1.0
rhos2=1.0
rhof=1.0
ndiv=2
tend=100.0
dt=0.05
tprint=1
logevery=100
nbody=2
impulse_scheme=1
energy_projection=0
impulse_pair_metric_correction=0
