cex1=-4.0
cey1=0.0
cez1=0.0
oriw1=0.47172131274805323
orii1=-0.5276189824078944
orij1=0.6252075194057886
orik1=0.3289570947412015
lvx1=-1.8304885671378468
lvy1=-5.1789923536731735
lvz1=-1.1874695320968776
avx1=-2.7927303668142356
avy1=-0.08598900227850859
avz1=-5.627759820223159
shx1=1.0
shy1=1.0
shz1=1.0
req1=1.0
rhos1=1.0
cex2=4.0
cey2=0.0
cez2=0.0
oriw2=-0.6834372530426224
orii2=0.6396690246717015
orij2=0.3392514671088303
orik2=0.09298119214989115
lvx2=-1.8304885671378468
lvy2=-5.1789923536731735
lvz2=-1.1874695320968776
avx2=6.060567846781046
avy2=1.040402579447831
avz2=-1.2905415342403703
shx2=1.0
shy2=1.0
shz2=1.0
req2=1.0
rhos2=1.0
rhof=1.0
ndiv=2
tend=100.0
dt=0.05
tprint=1
logevery=100
nbody=2
impulse_scheme=1
energy_projection=0
impulse_pair_metric_correction=0
