cex1=-1.5
cey1=0.0
cez1=0.0
oriw1=0.12478525171528675
orii1=0.6970876260947213
orij1=-0.6422450191290732
orik1=0.29328964847719224
lvx1=-0.894935037839633
lvy1=3.1376992648919493
lvz1=-0.2996888735583771
avx1=-4.14860854474298
avy1=1.9123322342796214
avz1=4.313983098318546
shx1=1.0
shy1=0.7
shz1=0.7
req1=1.0
rhos1=4.0
cex2=1.5
cey2=0.0
cez2=0.0
oriw2=-0.7107474842577356
orii2=0.25502056606300016
orij2=-0.30478827647037093
orik2=0.5804365865729241
lvx2=-0.8045897167920848
lvy2=2.820942812801718
lvz2=-0.26943473627331815
avx2=6.001940971403497
avy2=1.813079378665471
avz2=-0.4097137376309378
shx2=1.0
shy2=0.7
shz2=0.7
req2=1.0
rhos2=4.0
rhof=1.0
ndiv=2
tend=100.0
dt=0.05
tprint=1
logevery=100
nbody=2
impulse_scheme=1
energy_projection=0
impulse_pair_metric_correction=0
