cex1=-4.0
cey1=0.0
cez1=0.0
oriw1=0.3794231460334654
orii1=0.6724513007060159
orij1=-0.3405753079608161
orik1=0.5365219324876199
lvx1=-0.769751204126852
lvy1=-1.3665624586242506
lvz1=-5.3969665957427155
avx1=-1.6825352474397623
avy1=-2.1539575030241105
avz1=5.657557761140967
shx1=1.0001
shy1=1.0001
shz1=0.9998000299960006
req1=1.0
rhos1=1.0
cex2=4.0
cey2=0.0
cez2=0.0
oriw2=-0.5626013289294715
orii2=-0.22395994722530677
orij2=-0.5252068516346398
orik2=-0.5978958519020349
lvx2=-0.7696717906011565
lvy2=-1.3664214734041684
lvz2=-5.396409802660574
avx2=5.302770336606076
avy2=2.551532599323357
avz2=-2.2019822333884336
shx2=1.0001
shy2=1.0001
shz2=0.9998000299960006
req2=1.0
rhos2=1.0
rhof=1.0
ndiv=2
tend=100.0
dt=0.05
tprint=1
logevery=100
nbody=2
impulse_scheme=1
energy_projection=0
impulse_pair_metric_correction=0
