cex1=-5.5
cey1=0.0
cez1=0.0
oriw1=0.08341838177871809
orii1=-0.679951457182361
orij1=0.7221589203039852
orik1=0.09588473956989292
lvx1=0.5969139176931852
lvy1=0.49408020107434103
lvz1=-0.14279699365972673
avx1=-0.06046695665144946
avy1=5.228401960774133
avz1=3.484045678243031
shx1=1.0
shy1=0.8
shz1=0.6
req1=1.0
rhos1=0.1
cex2=5.5
cey2=0.0
cez2=0.0
oriw2=0.5696001112523735
orii2=0.12510086610812743
orij2=-0.5656121340896101
orik2=-0.5830852427654787
lvx2=0.5170841598006541
lvy2=0.4280031643992955
lvz2=-0.12369968482884666
avx2=5.5828765458664655
avy2=2.643866719419966
avz2=1.148858497777277
shx2=1.0
shy2=0.8
shz2=0.6
req2=1.0
rhos2=0.1
rhof=1.0
ndiv=2
tend=100.0
dt=0.05
tprint=1
logevery=100
nbody=2
impulse_scheme=1
energy_projection=0
impulse_pair_metric_correction=0
