cex1=-2.5
cey1=0.0
cez1=0.0
oriw1=0.6936758582122052
orii1=0.37407867752470064
orij1=0.09637287455074002
orik1=0.6079401416305382
lvx1=0.30110699582322864
lvy1=0.04350939098191721
lvz1=1.245948189892912
avx1=2.254202663558057
avy1=-4.94371165665698
avz1=3.1554243790335237
shx1=1.0
shy1=0.7
shz1=0.7
req1=1.0
rhos1=0.03
cex2=2.5
cey2=0.0
cez2=0.0
oriw2=-0.0025968498392262415
orii2=0.8327462171033021
orij2=-0.3627008688775484
orik2=0.41830021992167776
lvx2=0.2986672594144761
lvy2=0.04315685368861715
lvz2=1.2358528244431977
avx2=-2.6193369256102352
avy2=2.9555519025337356
avz2=4.886942257273086
shx2=1.0
shy2=0.7
shz2=0.7
req2=1.0
rhos2=0.03
rhof=1.0
ndiv=2
tend=100.0
dt=0.05
tprint=1
logevery=100
nbody=2
impulse_scheme=1
energy_projection=0
impulse_pair_metric_correction=0
