cex1=-4.0
cey1=0.0
cez1=0.0
oriw1=0.34971940078117963
orii1=-0.777296597024789
orij1=-0.512376991443637
orik1=0.10476716856965518
lvx1=4.638722711833763
lvy1=2.003664834056487
lvz1=2.458571188304348
avx1=6.089567762238807
avy1=0.6661833361153379
avz1=-1.3970618583804824
shx1=1.00020001
shy1=0.9999000099990001
shz1=0.9999000099990001
req1=1.0
rhos1=1.0
cex2=4.0
cey2=0.0
cez2=0.0
oriw2=0.39515700403637694
orii2=-0.7384741679633912
orij2=-0.38178049869630676
orik2=-0.39083307975012954
lvx2=13.216608673027944
lvy2=5.708824533976818
lvz2=7.004939788210463
avx2=0.20744500750573777
avy2=2.3716960778646436
avz2=-5.814674701774798
shx2=4.0
shy2=0.5
shz2=0.5
req2=1.0
rhos2=1.0
rhof=1.0
ndiv=2
tend=100.0
dt=0.05
tprint=1
logevery=100
nbody=2
impulse_scheme=1
energy_projection=0
impulse_pair_metric_correction=0
