cex1=-4.0
cey1=0.0
cez1=0.0
oriw1=1.0
orii1=1.0
orij1=1.0
orik1=0.0
lvx1=-1.0729902015898
lvy1=0.6932109829755331
lvz1=-1.6763698736509567
avx1=2.6587094367975137
avy1=-3.2987089484169374
avz1=-4.639849244175431
shx1=1.0
shy1=0.7
shz1=0.7
req1=1.0
rhos1=1.0
cex2=4.0
cey2=0.0
cez2=0.0
oriw2=1.0
orii2=-1.0
orij2=0.0
orik2=1.0
lvx2=-1.0395918703046976
lvy2=0.6716338147725195
lvz2=-1.6241905002385941
avx2=-3.7018861484672683
avy2=5.075698040760847
avz2=0.10837872097466854
shx2=1.0
shy2=0.7
shz2=0.7
req2=1.0
rhos2=1.0
rhof=1.0
ndiv=2
tend=100.0
dt=0.05
tprint=1
logevery=100
nbody=2
impulse_scheme=1
energy_projection=1
