cex1=-4.0
cey1=0.0
cez1=0.0
oriw1=0.5281066081840335
orii1=0.22936937525274928
orij1=-0.7154437792128604
orik1=-0.39576924953075754
lvx1=2.122108974151655
lvy1=4.442485168698312
lvz1=2.7111549467561566
avx1=1.9857656324900232
avy1=-5.751489816877977
avz1=1.5670090438564364
shx1=1.0006000899999998
shy1=0.9997000899730081
shz1=0.9997000899730081
req1=1.0
rhos1=1.0
cex2=4.0
cey2=0.0
cez2=0.0
oriw2=0.08136488657199516
orii2=-0.9574488657580053
orij2=0.07724143310788005
orik2=-0.2659044672495677
lvx2=5.8869716745367855
lvy2=12.3239591704435
lvz2=7.521052203840865
avx2=-1.4642340781222192
avy2=4.220523740944145
avz2=-4.418327231085294
shx2=4.0
shy2=0.5
shz2=0.5
req2=1.0
rhos2=1.0
rhof=1.0
ndiv=2
tend=100.0
dt=0.05
tprint=1
logevery=100
nbody=2
impulse_scheme=1
energy_projection=0
impulse_pair_metric_correction=0
