cex1=-5.5
cey1=0.0
cez1=0.0
oriw1=0.09151157103094273
orii1=0.07149564253292806
orij1=-0.29678222315273606
orik1=0.9478577517152941
lvx1=0.08199755977074383
lvy1=1.362483711165757
lvz1=-0.14612880634725242
avx1=1.371532704813945
avy1=0.08254449015935961
avz1=6.131109365451533
shx1=1.0
shy1=0.8
shz1=0.6
req1=1.0
rhos1=10.0
cex2=5.5
cey2=0.0
cez2=0.0
oriw2=-0.13935510079001334
orii2=0.5281657443138523
orij2=0.3154278165744752
orik2=-0.7759680373238699
lvx2=0.07467363540051869
lvy2=1.2407882889587902
lvz2=-0.13307675542048322
avx2=2.3528037078061432
avy2=5.511834655528838
avz2=1.8874350444458736
shx2=1.0
shy2=0.8
shz2=0.6
req2=1.0
rhos2=10.0
rhof=1.0
ndiv=2
tend=100.0
dt=0.05
tprint=1
logevery=100
nbody=2
impulse_scheme=1
energy_projection=0
impulse_pair_metric_correction=0
