cex1=-4.0
cey1=0.0
cez1=0.0
oriw1=0.10418126785909611
orii1=0.37375465129396024
orij1=0.7362568364007448
orik1=0.5544182490832785
lvx1=-0.881296607728219
lvy1=5.299554168835349
lvz1=1.6500020545667686
avx1=-1.6120249132941913
avy1=-3.5567333985528458
avz1=4.922340989295136
shx1=1.0001
shy1=1.0
shz1=0.9999000099990001
req1=1.0
rhos1=1.0
cex2=4.0
cey2=0.0
cez2=0.0
oriw2=-0.3576682424514867
orii2=0.34539731478880653
orij2=-0.8661043344175829
orik2=0.051355673312909376
lvx2=-0.8812514729263711
lvy2=5.299282757002834
lvz2=1.6499175512166722
avx2=-4.926611826552344
avy2=3.1216225554846044
avz2=2.337174819289684
shx2=1.0001
shy2=1.0
shz2=0.9999000099990001
req2=1.0
rhos2=1.0
rhof=1.0
ndiv=2
tend=100.0
dt=0.05
tprint=1
logevery=100
nbody=2
impulse_scheme=1
energy_projection=0
impulse_pair_metric_correction=0
