cex1=-4.0
cey1=0.0
cez1=0.0
oriw1=-0.858870358541362
orii1=-0.2766121567450473
orij1=-0.3881065491076548
orik1=-0.1876185718409383
lvx1=-0.5976801518981679
lvy1=0.9675523481365493
lvz1=-0.058220571384986396
avx1=5.3309501667154136
avy1=3.312820918397482
avz1=0.2908702236090968
shx1=1.0
shy1=0.7
shz1=0.7
req1=1.0
rhos1=10.0
cex2=4.0
cey2=0.0
cez2=0.0
oriw2=0.6097650275868979
orii2=0.09572098665960796
orij2=-0.6283845066252486
orik2=-0.47345223167517514
lvx2=-0.6736089290594661
lvy2=1.0904693739073295
lvz2=-0.06561686315886359
avx2=-2.220761231745257
avy2=4.663339131611134
avz2=3.5776955291806267
shx2=1.0
shy2=0.7
shz2=0.7
req2=1.0
rhos2=10.0
rhof=1.0
ndiv=2
tend=100.0
dt=0.05
tprint=1
logevery=100
nbody=2
impulse_scheme=1
energy_projection=0
impulse_pair_metric_correction=0
