cex1=-5.5
cey1=0.0
cez1=0.0
oriw1=-0.19239106407574877
orii1=0.9316111081157425
orij1=0.04334558336455014
orik1=-0.30529916819727215
lvx1=3.1067484548305426
lvy1=2.5512826741865697
lvz1=4.168051150611721
avx1=-0.7051677584426281
avy1=-5.30927121477149
avz1=3.2852389874724937
shx1=1.0
shy1=0.8
shz1=0.6
req1=1.0
rhos1=1.0
cex2=5.5
cey2=0.0
cez2=0.0
oriw2=0.2654007237958847
orii2=-0.369655815676397
orij2=-0.7615840611549002
orik2=-0.46141819593514904
lvx2=3.3000383492827114
lvy2=2.7100136322866413
lvz2=4.427371201361347
avx2=0.8777806797952753
avy2=-1.2878961073235955
avz2=6.086808876519478
shx2=1.0
shy2=0.8
shz2=0.6
req2=1.0
rhos2=1.0
rhof=1.0
ndiv=2
tend=100.0
dt=0.05
tprint=1
logevery=100
nbody=2
impulse_scheme=1
energy_projection=0
impulse_pair_metric_correction=0
