cex1=-4.0
cey1=0.0
cez1=0.0
oriw1=-0.8168281196357838
orii1=-0.0926684725657463
orij1=0.08935580380999679
orik1=0.5623343467102738
lvx1=1.4481000617689739
lvy1=3.037068667417237
lvz1=4.295768169533385
avx1=-6.278127805348654
avy1=0.19758063586874505
avz1=0.15649522802702442
shx1=1.0609
shy1=0.970873786407767
shz1=0.970873786407767
req1=1.0
rhos1=1.0
cex2=4.0
cey2=0.0
cez2=0.0
oriw2=-0.18332053643882099
orii2=0.6720970541204144
orij2=0.2023861863990978
orik2=0.688272447739464
lvx2=1.4914266362505686
lvy2=3.1279365468535705
lvz2=4.424295834483272
avx2=-5.9794681489943216
avy2=1.8963969858178997
avz2=0.3578501525787683
shx2=1.0
shy2=1.0
shz2=1.0
req2=1.0
rhos2=1.0
rhof=1.0
ndiv=2
tend=100.0
dt=0.05
tprint=1
logevery=100
nbody=2
impulse_scheme=1
energy_projection=0
impulse_pair_metric_correction=0
