cex1=-4.0
cey1=0.0
cez1=0.0
oriw1=1.0
orii1=2.0
orij1=0.0
orik1=0.0
lvx1=-0.3937143112931624
lvy1=-0.0001466462220508724
lvz1=-0.6378939616413429
avx1=3.5521644018561283
avy1=5.164773589123832
avz1=0.430882164439952
shx1=1.0
shy1=0.7
shz1=0.7
req1=1.0
rhos1=4.0
cex2=4.0
cey2=0.0
cez2=0.0
oriw2=1.0
orii2=0.0
orij2=1.0
orik2=0.0
lvx2=-0.4154363550711985
lvy2=-0.00015473700149145196
lvz2=-0.6730879085288884
avx2=0.9851515916578167
avy2=-2.220829186237509
avz2=5.794463881272119
shx2=1.0
shy2=0.7
shz2=0.7
req2=1.0
rhos2=4.0
rhof=1.0
ndiv=2
tend=100.0
dt=0.05
tprint=1
logevery=100
nbody=2
impulse_scheme=1
energy_projection=0
impulse_pair_metric_correction=0
