cex1=-4.0
cey1=0.0
cez1=0.0
oriw1=-0.3283926070917948
orii1=0.6241483780016344
orij1=0.47957455384418235
orik1=-0.5221162180497139
lvx1=2.8624795465363526
lvy1=-8.194884469422044
lvz1=3.904544961807446
avx1=-2.2205963142661784
avy1=-2.051423531955363
avz1=5.508087790328389
shx1=1.0
shy1=0.7
shz1=0.7
req1=1.0
rhos1=0.1
cex2=4.0
cey2=0.0
cez2=0.0
oriw2=-0.2448132437173156
orii2=0.13941957088150528
orij2=-0.4093302141476785
orik2=0.8678003426719989
lvx2=2.4747540980860676
lvy2=-7.084879942140931
lvz2=3.3756708085779756
avx2=5.728445659815379
avy2=2.5802383104920725
avz2=-0.075486342929026
shx2=1.0
shy2=0.7
shz2=0.7
req2=1.0
rhos2=0.1
rhof=1.0
ndiv=2
tend=100.0
dt=0.05
tprint=1
logevery=100
nbody=2
impulse_scheme=1
energy_projection=0
impulse_pair_metric_correction=0
