cex1=-4.0
cey1=0.0
cez1=0.0
oriw1=1.0
orii1=1.0
orij1=1.0
orik1=0.0
lvx1=7.679683494232429
lvy1=1.6051119301193364
lvz1=0.27778043650302164
avx1=5.221768116321295
avy1=-0.4830386504923129
avz1=3.460957816249478
shx1=1.0
shy1=0.8
shz1=0.6
req1=1.0
rhos1=1.0
cex2=4.0
cey2=0.0
cez2=0.0
oriw2=1.0
orii2=-1.0
orij2=0.0
orik2=1.0
lvx2=8.371059562403737
lvy2=1.7496147570983642
lvz2=0.3027880746626674
avx2=-0.2848807949086505
avy2=-5.534877371996145
avz2=-2.9601339520391146
shx2=1.0
shy2=0.8
shz2=0.6
req2=1.0
rhos2=1.0
rhof=1.0
ndiv=2
tend=100.0
dt=0.05
tprint=1
logevery=100
nbody=2
impulse_scheme=1
energy_projection=1
