cex1=-2.5
cey1=0.0
cez1=0.0
oriw1=-0.6029102891219761
orii1=0.25569487147190306
orij1=0.10000114281856719
orik1=0.7490788258980512
lvx1=2.1403872490095837
lvy1=0.6476782149253694
lvz1=-2.629950794082872
avx1=-2.532144625884922
avy1=5.664535637691834
avz1=-0.9897965484273589
shx1=1.0
shy1=0.7
shz1=0.7
req1=1.0
rhos1=0.3
cex2=2.5
cey2=0.0
cez2=0.0
oriw2=0.4998119429487026
orii2=-0.6602794465650902
orij2=0.5579459408063506
orik2=-0.0539944558937036
lvx2=2.2023953771872797
lvy2=0.666441788567278
lvz2=-2.7061418319504282
avx2=0.09477781674730583
avy2=-5.7907734695038044
avz2=2.436468221565987
shx2=1.0
shy2=0.7
shz2=0.7
req2=1.0
rhos2=0.3
rhof=1.0
ndiv=2
tend=100.0
dt=0.05
tprint=1
logevery=100
nbody=2
impulse_scheme=1
energy_projection=0
impulse_pair_metric_correction=0
