cex1=-4.0
cey1=0.0
cez1=0.0
oriw1=0.6700069440261566
orii1=0.05819720661904414
orij1=0.04888264305422697
orik1=0.7384539710141073
lvx1=3.0261054925313045
lvy1=-4.00597953197829
lvz1=-2.524357906527536
avx1=5.889276624438462
avy1=-0.6343552778732809
avz1=-2.0958129273946344
shx1=1.00020001
shy1=0.9999000099990001
shz1=0.9999000099990001
req1=1.0
rhos1=1.0
cex2=4.0
cey2=0.0
cez2=0.0
oriw2=0.4479095073910939
orii2=0.8225878961259986
orij2=0.3483732051754714
orik2=-0.036909839493550665
lvx2=3.0264924064227294
lvy2=-4.006491731283143
lvz2=-2.5246806676286853
avx2=1.0186044184349095
avy2=-6.183178321325378
avz2=0.4573494176165528
shx2=1.00020001
shy2=0.9999000099990001
shz2=0.9999000099990001
req2=1.0
rhos2=1.0
rhof=1.0
ndiv=2
tend=100.0
dt=0.05
tprint=1
logevery=100
nbody=2
impulse_scheme=1
energy_projection=0
impulse_pair_metric_correction=0
