cex1=-4.0
cey1=0.0
cez1=0.0
oriw1=0.4983139967029788
orii1=0.029571962754966766
orij1=0.8011239879681125
orik1=-0.330165133850911
lvx1=0.06186721635684422
lvy1=-5.225682560902387
lvz1=-2.0591539092908517
avx1=4.184635656152211
avy1=4.670160361359451
avz1=-0.3960356408253709
shx1=1.001
shy1=1.001
shz1=0.9980029960049943
req1=1.0
rhos1=1.0
cex2=4.0
cey2=0.0
cez2=0.0
oriw2=0.3987800495797423
orii2=0.038697288404422964
orij2=-0.6454830236800478
orik2=0.6502527647524352
lvx2=0.061897634420024696
lvy2=-5.2282518561068425
lvz2=-2.0601663271334436
avx2=-3.5492631688353726
avy2=-2.048280794442403
avz2=-4.762950172931113
shx2=1.0
shy2=1.0
shz2=1.0
req2=1.0
rhos2=1.0
rhof=1.0
ndiv=2
tend=100.0
dt=0.05
tprint=1
logevery=100
nbody=2
impulse_scheme=1
energy_projection=0
impulse_pair_metric_correction=0
