cex1=-4.0
cey1=0.0
cez1=0.0
oriw1=0.14612184334581693
orii1=0.2611148731182638
orij1=0.7129594535656841
orik1=0.6341579042359833
lvx1=-0.6428956250011603
lvy1=-2.226394799142686
lvz1=5.156394229584744
avx1=4.0638490169703285
avy1=-4.663342329703363
avz1=-1.1030807257964108
shx1=1.2100000000000002
shy1=0.9090909090909091
shz1=0.9090909090909091
req1=1.0
rhos1=1.0
cex2=4.0
cey2=0.0
cez2=0.0
oriw2=-0.9432520118481865
orii2=0.07777430257180143
orij2=0.26580917021778666
orik2=-0.18322741342918678
lvx2=-0.6190550075615574
lvy2=-2.14383298877761
lvz2=4.965178708099302
avx2=5.0631433308628555
avy2=-3.213759568851185
avz2=1.874765758465272
shx2=1.2100000000000002
shy2=0.9090909090909091
shz2=0.9090909090909091
req2=1.0
rhos2=1.0
rhof=1.0
ndiv=2
tend=100.0
dt=0.05
tprint=1
logevery=100
nbody=2
impulse_scheme=1
energy_projection=0
impulse_pair_metric_correction=0
