cex1=-4.0
cey1=0.0
cez1=0.0
oriw1=0.3817276335314504
orii1=0.0749172017218814
orij1=-0.0305159086701989
orik1=-0.9207280847257098
lvx1=-0.6225306019551481
lvy1=2.17377511619
lvz1=5.105269293188655
avx1=4.499983357975606
avy1=-4.230422364984682
avz1=1.1541637648693694
shx1=1.0609
shy1=0.970873786407767
shz1=0.970873786407767
req1=1.0
rhos1=1.0
cex2=4.0
cey2=0.0
cez2=0.0
oriw2=-0.3717960778721746
orii2=-0.3347135769339215
orij2=0.49138432542992544
orik2=0.712934739381344
lvx2=-0.6265721276845624
lvy2=2.187887463493812
lvz2=5.138413169392026
avx2=2.427973926111318
avy2=0.13519781008916285
avz2=-5.793537932095389
shx2=1.0
shy2=1.0
shz2=1.0
req2=1.0
rhos2=1.0
rhof=1.0
ndiv=2
tend=100.0
dt=0.05
tprint=1
logevery=100
nbody=2
impulse_scheme=1
energy_projection=0
impulse_pair_metric_correction=0
