cex1=-1.5
cey1=0.0
cez1=0.0
oriw1=-0.8479692854441878
orii1=-0.06398115514648091
orij1=0.01688970058490279
orik1=0.525898508025596
lvx1=-2.1922457114458402
lvy1=-2.423447434478524
lvz1=-1.2891132207094802
avx1=-3.1518853245037035
avy1=2.423939351098675
avz1=4.865033867069267
shx1=1.0
shy1=0.8
shz1=0.6
req1=1.0
rhos1=0.3
cex2=1.5
cey2=0.0
cez2=0.0
oriw2=0.42487183367160963
orii2=0.0019309996232152523
orij2=0.5153609883634543
orik2=0.7442333289137371
lvx2=-1.845284477192777
lvy2=-2.0398944829895544
lvz2=-1.0850885022146197
avx2=-6.185743762650159
avy2=-0.4387939997830892
avz2=-1.0111634551082453
shx2=1.0
shy2=0.8
shz2=0.6
req2=1.0
rhos2=0.3
rhof=1.0
ndiv=2
tend=100.0
dt=0.05
tprint=1
logevery=100
nbody=2
impulse_scheme=1
energy_projection=0
impulse_pair_metric_correction=0
