cex1=-5.5
cey1=0.0
cez1=0.0
oriw1=0.27094125251016393
orii1=0.6100883999751058
orij1=0.3994391573050331
orik1=-0.62835606268698
lvx1=-1.1028778272686595
lvy1=1.6314256994477494
lvz1=-0.26938720658879417
avx1=-4.740077875077508
avy1=2.6243959546637483
avz1=3.181607332104747
shx1=1.0
shy1=0.8
shz1=0.6
req1=1.0
rhos1=10.0
cex2=5.5
cey2=0.0
cez2=0.0
oriw2=-0.3783721184980228
orii2=-0.9083879339704439
orij2=-0.17774590103465054
orik2=-0.008502706957604906
lvx2=-1.1874664752887951
lvy2=1.7565529717979014
lvz2=-0.2900486969514218
avx2=-3.5638593228112008
avy2=-1.2881797841248996
avz2=5.011777845769009
shx2=1.0
shy2=0.8
shz2=0.6
req2=1.0
rhos2=10.0
rhof=1.0
ndiv=2
tend=100.0
dt=0.05
tprint=1
logevery=100
nbody=2
impulse_scheme=1
energy_projection=0
impulse_pair_metric_correction=0
