cex1=-1.5
cey1=0.0
cez1=0.0
oriw1=0.5977605284268886
orii1=0.056075256939191416
orij1=0.6298655974666098
orik1=0.4927547517193937
lvx1=2.7420768897309755
lvy1=2.3340503683761993
lvz1=0.5638998699520531
avx1=0.7292109055662168
avy1=3.444905711070739
avz1=-5.203776868909055
shx1=1.0
shy1=0.8
shz1=0.6
req1=1.0
rhos1=0.1
cex2=1.5
cey2=0.0
cez2=0.0
oriw2=0.7774871300788834
orii2=-0.18059716382319027
orij2=-0.3576360831309964
orik2=0.4847626832001824
lvx2=2.3358439538880664
lvy2=1.988265705261333
lvz2=0.4803592877933481
avx2=-5.236226062350389
avy2=3.203340506318157
avz2=-1.3412545727419924
shx2=1.0
shy2=0.8
shz2=0.6
req2=1.0
rhos2=0.1
rhof=1.0
ndiv=2
tend=100.0
dt=0.05
tprint=1
logevery=100
nbody=2
impulse_scheme=1
energy_projection=0
impulse_pair_metric_correction=0
