cex1=-4.0
cey1=0.0
cez1=0.0
oriw1=-0.3085682621710945
orii1=0.26297363171973914
orij1=0.506217013209479
orik1=0.7611667571157557
lvx1=0.9772397838743713
lvy1=-5.148774464367343
lvz1=2.9084817774821525
avx1=-0.9835016347882158
avy1=6.143250903058371
avz1=-0.8784136160140299
shx1=1.2100000000000002
shy1=0.9090909090909091
shz1=0.9090909090909091
req1=1.0
rhos1=1.0
cex2=4.0
cey2=0.0
cez2=0.0
oriw2=-0.7420688273402757
orii2=0.6056144805809486
orij2=-0.24757997061310533
orik2=0.145839345005763
lvx2=0.9162896830310262
lvy2=-4.827647215967096
lvz2=2.7270807942600475
avx2=-1.724367792620254
avy2=5.763172555477346
avz2=-1.8140604774714943
shx2=1.0
shy2=1.0
shz2=1.0
req2=1.0
rhos2=1.0
rhof=1.0
ndiv=2
tend=100.0
dt=0.05
tprint=1
logevery=100
nbody=2
impulse_scheme=1
energy_projection=0
impulse_pair_metric_correction=0
