cex1=-4.0
cey1=0.0
cez1=0.0
oriw1=-0.9372472984435046
orii1=0.3102963957901357
orij1=0.09257043987094461
orik1=0.12928403606827646
lvx1=2.7635496878461745
lvy1=-4.3747719888018075
lvz1=2.181031684516341
avx1=-5.068664523639873
avy1=-3.0174252523825906
avz1=-2.163839734692909
shx1=1.003
shy1=1.0
shz1=0.9970089730807579
req1=1.0
rhos1=1.0
cex2=4.0
cey2=0.0
cez2=0.0
oriw2=-0.5349805453117307
orii2=-0.5270423786925649
orij2=-0.6003129039677009
orik2=0.27503920544153776
lvx2=4.074622290409431
lvy2=-6.450234471783037
lvz2=3.215748338777174
avx2=1.4671336168129503
avy2=4.891831526641516
avz2=3.6600438344002
shx2=2.0
shy2=1.0
shz2=0.5
req2=1.0
rhos2=1.0
rhof=1.0
ndiv=2
tend=100.0
dt=0.05
tprint=1
logevery=100
nbody=2
impulse_scheme=1
energy_projection=0
impulse_pair_metric_correction=0
