cex1=-2.5
cey1=0.0
cez1=0.0
oriw1=0.5437495760604507
orii1=0.05688604174471785
orij1=0.7590691560653441
orik1=0.35343230341742204
lvx1=2.3206904174609897
lvy1=0.8211487628258228
lvz1=5.012280004870937
avx1=-2.0537975596963327
avy1=5.816995070899355
avz1=1.1928543638162339
shx1=1.0
shy1=0.8
shz1=0.6
req1=1.0
rhos1=1.0
cex2=2.5
cey2=0.0
cez2=0.0
oriw2=-0.6305679188400556
orii2=-0.40553714201976265
orij2=-0.2040382770414977
orik2=-0.6295173608996825
lvx2=2.0696088123011744
lvy2=0.7323065166158027
lvz2=4.469988237014057
avx2=5.766394862406938
avy2=-2.4299741459274724
avz2=0.5677442604627192
shx2=1.0
shy2=0.8
shz2=0.6
req2=1.0
rhos2=1.0
rhof=1.0
ndiv=2
tend=100.0
dt=0.05
tprint=1
logevery=100
nbody=2
impulse_scheme=1
energy_projection=0
impulse_pair_metric_correction=0
