cex1=-5.5
cey1=0.0
cez1=0.0
oriw1=0.02387728644445716
orii1=-0.4473244053260497
orij1=0.4232693017505475
orik1=-0.7875111743888776
lvx1=0.6952740583884701
lvy1=-0.6355046151112561
lvz1=-0.8312468679755997
avx1=3.0906839645210518
avy1=-3.6210222695631784
avz1=-4.1005228885030505
shx1=1.0
shy1=0.7
shz1=0.7
req1=1.0
rhos1=10.0
cex2=5.5
cey2=0.0
cez2=0.0
oriw2=-0.24705518561820464
orii2=-0.1639551364586159
orij2=0.513592091986326
orik2=-0.8051742740159427
lvx2=0.7257581368188576
lvy2=-0.6633681205825053
lvz2=-0.8676926326530788
avx2=-0.26945756551985567
avy2=0.8278246404818913
avz2=6.222581183829792
shx2=1.0
shy2=0.7
shz2=0.7
req2=1.0
rhos2=10.0
rhof=1.0
ndiv=2
tend=100.0
dt=0.05
tprint=1
logevery=100
nbody=2
impulse_scheme=1
energy_projection=0
impulse_pair_metric_correction=0
