cex1=-5.5
cey1=0.0
cez1=0.0
oriw1=0.2790664965960694
orii1=0.9439641307092721
orij1=-0.08649018768328161
orik1=-0.1535352006752681
lvx1=-1.8831096691646134
lvy1=0.30870694615939004
lvz1=-0.49891917239333117
avx1=-4.347420284814051
avy1=-4.204382549449501
avz1=1.7033854083645483
shx1=1.0
shy1=0.8
shz1=0.6
req1=1.0
rhos1=4.0
cex2=5.5
cey2=0.0
cez2=0.0
oriw2=0.815782308194359
orii2=-0.286136608424576
orij2=-0.2328728112328852
orik2=0.4454158963764739
lvx2=-1.9935539081684677
lvy2=0.326812585093793
lvz2=-0.528180743942618
avx2=0.8494946505351404
avy2=-6.217640767245176
avz2=-0.31260155559502223
shx2=1.0
shy2=0.8
shz2=0.6
req2=1.0
rhos2=4.0
rhof=1.0
ndiv=2
tend=100.0
dt=0.05
tprint=1
logevery=100
nbody=2
impulse_scheme=1
energy_projection=0
impulse_pair_metric_correction=0
