cex1=-4.0
cey1=0.0
cez1=0.0
oriw1=0.02391632497219729
orii1=-0.8990046828336853
orij1=-0.030044765351434664
orik1=0.4362521079810463
lvx1=1.8065002813797542
lvy1=-5.34190049966509
lvz1=-0.18557642323851573
avx1=1.8095625637044872
avy1=-5.716975356166283
avz1=-1.8761912773979315
shx1=1.0201
shy1=0.9900990099009901
shz1=0.9900990099009901
req1=1.0
rhos1=1.0
cex2=4.0
cey2=0.0
cez2=0.0
oriw2=-0.5909453318971332
orii2=0.005063864846006336
orij2=0.545930456866935
orik2=-0.5939005878485624
lvx2=1.7993629375951268
lvy2=-5.320795061308743
lvz2=-0.18484322505159756
avx2=-3.7409734164709416
avy2=-5.025192467826299
avz2=-0.48059979496146465
shx2=1.0
shy2=1.0
shz2=1.0
req2=1.0
rhos2=1.0
rhof=1.0
ndiv=2
tend=100.0
dt=0.05
tprint=1
logevery=100
nbody=2
impulse_scheme=1
energy_projection=0
impulse_pair_metric_correction=0
