cex1=-4.0
cey1=0.0
cez1=0.0
oriw1=0.3068077664180399
orii1=0.31737637018186976
orij1=0.6934789761230309
orik1=0.5694103474570048
lvx1=-1.6764249804280604
lvy1=-2.1889226165738074
lvz1=-4.878645152628964
avx1=4.931127401846284
avy1=-3.7363561573304596
avz1=1.0963771325127643
shx1=1.01
shy1=1.0
shz1=0.9900990099009901
req1=1.0
rhos1=1.0
cex2=4.0
cey2=0.0
cez2=0.0
oriw2=0.08623564780165163
orii2=0.6436633987782047
orij2=-0.7074086340042324
orik2=0.27898721593970083
lvx2=-1.6814837588087792
lvy2=-2.1955279073199296
lvz2=-4.893366947468252
avx2=-0.4102091887035116
avy2=-6.217604532894645
avz2=-0.807180214319329
shx2=1.01
shy2=1.0
shz2=0.9900990099009901
req2=1.0
rhos2=1.0
rhof=1.0
ndiv=2
tend=100.0
dt=0.05
tprint=1
logevery=100
nbody=2
impulse_scheme=1
energy_projection=0
impulse_pair_metric_correction=0
