cex1=-4.0
cey1=0.0
cez1=0.0
oriw1=-0.09898082007608604
orii1=-0.9045930847385246
orij1=-0.04524562505136278
orik1=0.4121492226293985
lvx1=-2.238295351399171
lvy1=5.000219365584196
lvz1=1.2532255580810636
avx1=3.2786010696936843
avy1=4.2354966621461
avz1=3.284777108893405
shx1=1.0
shy1=1.0
shz1=1.0
req1=1.0
rhos1=1.0
cex2=4.0
cey2=0.0
cez2=0.0
oriw2=0.10314837194822851
orii2=0.053437872260479816
orij2=-0.8874672630917323
orik2=0.4459895336363543
lvx2=-2.238295351399171
lvy2=5.000219365584196
lvz2=1.2532255580810636
avx2=0.10665481140933555
avy2=4.341206084214802
avz2=4.541032051190243
shx2=1.0
shy2=1.0
shz2=1.0
req2=1.0
rhos2=1.0
rhof=1.0
ndiv=2
tend=100.0
dt=0.05
tprint=1
logevery=100
nbody=2
impulse_scheme=1
energy_projection=0
impulse_pair_metric_correction=0
