cex1=-5.5
cey1=0.0
cez1=0.0
oriw1=-0.5556994945915891
orii1=0.29983957458930605
orij1=0.38850443561308146
orik1=0.6710876282049294
lvx1=2.6385984482247062
lvy1=-4.306846733828174
lvz1=-0.7824902243109314
avx1=5.271509256777986
avy1=2.562732219857367
avz1=2.2631861013549845
shx1=1.0
shy1=0.7
shz1=0.7
req1=1.0
rhos1=4.0
cex2=5.5
cey2=0.0
cez2=0.0
oriw2=0.009297676696114624
orii2=0.35014387681970577
orij2=0.05117077101154554
orik2=-0.9352509668146862
lvx2=2.926800930149509
lvy2=-4.77726462511214
lvz2=-0.8679581835906152
avx2=-2.7602345013063196
avy2=1.4040227228356947
avz2=5.467014111552734
shx2=1.0
shy2=0.7
shz2=0.7
req2=1.0
rhos2=4.0
rhof=1.0
ndiv=2
tend=100.0
dt=0.05
tprint=1
logevery=100
nbody=2
impulse_scheme=1
energy_projection=0
impulse_pair_metric_correction=0
