cex1=-4.0
cey1=0.0
cez1=0.0
oriw1=-0.42307779667633244
orii1=-0.736698521718423
orij1=0.5275068965800236
orik1=-0.0041158374485087195
lvx1=-1.0445859789278056
lvy1=4.163253924077411
lvz1=-3.6283693889693516
avx1=-0.6372384606130568
avy1=0.4377196003396289
avz1=6.235442750932082
shx1=1.0001
shy1=1.0001
shz1=0.9998000299960006
req1=1.0
rhos1=1.0
cex2=4.0
cey2=0.0
cez2=0.0
oriw2=-0.4373104943891028
orii2=0.5639083925607542
orij2=-0.6447003034634412
orik2=0.2740955581742466
lvx2=-1.7119924365951174
lvy2=6.823238463301324
lvz2=-5.946605714031021
avx2=1.7537778673448856
avy2=-4.823028760132752
avz2=-3.6250619822702337
shx2=2.0
shy2=2.0
shz2=0.25
req2=1.0
rhos2=1.0
rhof=1.0
ndiv=2
tend=100.0
dt=0.05
tprint=1
logevery=100
nbody=2
impulse_scheme=1
energy_projection=0
impulse_pair_metric_correction=0
