cex1=-1.5
cey1=0.0
cez1=0.0
oriw1=-0.2954600153104503
orii1=0.6086977719584984
orij1=0.34957561808915816
orik1=-0.6480642630195645
lvx1=0.6412077164656085
lvy1=-0.24221851256541194
lvz1=0.21833241466774098
avx1=-4.554172045732538
avy1=1.7617159927098638
avz1=-3.954022172833131
shx1=1.0
shy1=0.7
shz1=0.7
req1=1.0
rhos1=10.0
cex2=1.5
cey2=0.0
cez2=0.0
oriw2=-0.3274326191333147
orii2=-0.3413655936268934
orij2=0.792134777270124
orik2=-0.38571998399676877
lvx2=0.6527151009329002
lvy2=-0.24656546828289697
lvz2=0.22225070038504738
avx2=-4.161082649212364
avy2=-0.3362441571704619
avz2=4.695822468700235
shx2=1.0
shy2=0.7
shz2=0.7
req2=1.0
rhos2=10.0
rhof=1.0
ndiv=2
tend=100.0
dt=0.05
tprint=1
logevery=100
nbody=2
impulse_scheme=1
energy_projection=0
impulse_pair_metric_correction=0
