cex1=-5.5
cey1=0.0
cez1=0.0
oriw1=0.6027080534097051
orii1=-0.4049200882355695
orij1=-0.31201551193806754
orik1=-0.6127226491720444
lvx1=0.6770225171340905
lvy1=-0.23482544257526017
lvz1=-1.049289222207481
avx1=-0.5576573413340804
avy1=-6.008368620281108
avz1=1.7512688019932678
shx1=1.0
shy1=0.8
shz1=0.6
req1=1.0
rhos1=0.3
cex2=5.5
cey2=0.0
cez2=0.0
oriw2=0.021414453631960824
orii2=0.5975177359559812
orij2=-0.7541884537129567
orik2=0.2715027673519038
lvx2=0.6792619593334539
lvy2=-0.23560219370580354
lvz2=-1.0527600411301596
avx2=-3.03235536687445
avy2=3.8086002276901882
avz2=-3.9721282505708952
shx2=1.0
shy2=0.8
shz2=0.6
req2=1.0
rhos2=0.3
rhof=1.0
ndiv=2
tend=100.0
dt=0.05
tprint=1
logevery=100
nbody=2
impulse_scheme=1
energy_projection=0
impulse_pair_metric_correction=0
