cex1=-4.0
cey1=0.0
cez1=0.0
oriw1=-0.5925190370175646
orii1=-0.36017489037878286
orij1=0.7102254035356559
orik1=0.12155293202973112
lvx1=-1.1732077761628894
lvy1=0.1538737101774449
lvz1=-1.6839097094906799
avx1=-3.4785025511294436
avy1=1.8811045672388107
avz1=4.882610286850331
shx1=1.0
shy1=0.7
shz1=0.7
req1=1.0
rhos1=10.0
cex2=4.0
cey2=0.0
cez2=0.0
oriw2=-0.04871094185569035
orii2=0.47296497029013485
orij2=-0.8687023608654575
orik2=0.13887976544033995
lvx2=-1.0857930007627943
lvy2=0.14240870279475162
lvz2=-1.558442940483576
avx2=-5.18761377288975
avy2=-3.544979967052899
avz2=0.014070567708075542
shx2=1.0
shy2=0.7
shz2=0.7
req2=1.0
rhos2=10.0
rhof=1.0
ndiv=2
tend=100.0
dt=0.05
tprint=1
logevery=100
nbody=2
impulse_scheme=1
energy_projection=0
impulse_pair_metric_correction=0
