cex1=-2.5
cey1=0.0
cez1=0.0
oriw1=-0.3839077893995259
orii1=0.5592398224689009
orij1=-0.21937755725866911
orik1=0.7012411265567222
lvx1=0.6581012008978917
lvy1=-0.12227831273664226
lvz1=-0.41289999986514675
avx1=-2.820229226490658
avy1=-3.148402620663486
avz1=4.6489015533354365
shx1=1.0
shy1=0.8
shz1=0.6
req1=1.0
rhos1=1.0
cex2=2.5
cey2=0.0
cez2=0.0
oriw2=-0.40163317673993865
orii2=0.004239282640690254
orij2=-0.6357373488537886
orik2=0.6591743647145525
lvx2=0.6463333666866082
lvy2=-0.1200917935357093
lvz2=-0.4055167300312327
avx2=0.9548748082332671
avy2=5.762647943464157
avz2=-2.3148478102560506
shx2=1.0
shy2=0.8
shz2=0.6
req2=1.0
rhos2=1.0
rhof=1.0
ndiv=2
tend=100.0
dt=0.05
tprint=1
logevery=100
nbody=2
impulse_scheme=1
energy_projection=0
impulse_pair_metric_correction=0
