cex1=-4.0
cey1=0.0
cez1=0.0
oriw1=0.23173063940339655
orii1=-0.9145770452875311
orij1=-0.08418473875956077
orik1=-0.32056616907404106
lvx1=3.5839241626488243
lvy1=4.326744208954988
lvz1=0.1184058874986018
avx1=-5.18618954671319
avy1=-0.4749007251461064
avz1=-3.515156453299906
shx1=1.0003
shy1=1.0
shz1=0.9997000899730081
req1=1.0
rhos1=1.0
cex2=4.0
cey2=0.0
cez2=0.0
oriw2=0.5806914646800888
orii2=-0.750584344982337
orij2=-0.3147357387895948
orik2=0.0190257363509836
lvx2=3.5841219856600084
lvy2=4.326983033642452
lvz2=0.11841242318634068
avx2=4.72466582069188
avy2=0.4925312429833814
avz2=4.112585982302207
shx2=1.0
shy2=1.0
shz2=1.0
req2=1.0
rhos2=1.0
rhof=1.0
ndiv=2
tend=100.0
dt=0.05
tprint=1
logevery=100
nbody=2
impulse_scheme=1
energy_projection=0
impulse_pair_metric_correction=0
