cex1=-4.0
cey1=0.0
cez1=0.0
oriw1=-0.7857048888905325
orii1=0.48530485786771593
orij1=0.01097243228153199
orik1=0.38344051459560086
lvx1=-4.769825229798305
lvy1=1.8113646390784863
lvz1=2.692554325476149
avx1=-3.3653582910004087
avy1=1.7646657018300136
avz1=-5.003872114506627
shx1=1.2100000000000002
shy1=0.9090909090909091
shz1=0.9090909090909091
req1=1.0
rhos1=1.0
cex2=4.0
cey2=0.0
cez2=0.0
oriw2=-0.7705656124735947
orii2=-0.3084675780818797
orij2=-0.4983609755077076
orik2=-0.2504250950613766
lvx2=-4.916737916961648
lvy2=1.8671554560872958
lvz2=2.7754861672588955
avx2=-1.7786950620156867
avy2=4.34178160168462
avz2=-4.178946518441147
shx2=1.2100000000000002
shy2=0.9090909090909091
shz2=0.9090909090909091
req2=1.0
rhos2=1.0
rhof=1.0
ndiv=2
tend=100.0
dt=0.05
tprint=1
logevery=100
nbody=2
impulse_scheme=1
energy_projection=0
impulse_pair_metric_correction=0
