cex1=-5.5
cey1=0.0
cez1=0.0
oriw1=0.8379737853197018
orii1=-0.08716443102042927
orij1=-0.433133708318296
orik1=-0.3203084260526038
lvx1=-2.1437120324532843
lvy1=2.449647733444512
lvz1=0.6388167154239126
avx1=2.9391067617773543
avy1=-5.548353353965482
avz1=-0.23631357720634277
shx1=1.0
shy1=0.8
shz1=0.6
req1=1.0
rhos1=1.0
cex2=5.5
cey2=0.0
cez2=0.0
oriw2=0.46373153188466193
orii2=0.5718025135543353
orij2=-0.6515489705674822
orik2=0.18297237709912167
lvx2=-2.202886903072046
lvy2=2.5172676308438056
lvz2=0.6564505654522915
avx2=-0.8897312112070078
avy2=6.213353089565532
avz2=-0.28467413045094314
shx2=1.0
shy2=0.8
shz2=0.6
req2=1.0
rhos2=1.0
rhof=1.0
ndiv=2
tend=100.0
dt=0.05
tprint=1
logevery=100
nbody=2
impulse_scheme=1
energy_projection=0
impulse_pair_metric_correction=0
