cex1=-5.5
cey1=0.0
cez1=0.0
oriw1=-0.675743889509139
orii1=-0.44329217163999435
orij1=-0.49372547800316613
orik1=-0.3210878364627092
lvx1=0.1909126937406118
lvy1=0.693065695873205
lvz1=0.9123913238244896
avx1=-4.990150868390411
avy1=-0.40571794103226766
avz1=3.7963409840772204
shx1=1.0
shy1=0.7
shz1=0.7
req1=1.0
rhos1=10.0
cex2=5.5
cey2=0.0
cez2=0.0
oriw2=0.32708512103589915
orii2=-0.6698174933598368
orij2=-0.3517717324932823
orik2=-0.5662300746205122
lvx2=0.21556955943692643
lvy2=0.7825769140486011
lvz2=1.030229011268096
avx2=-0.18071046218689762
avy2=-4.272536836870027
avz2=4.603389002767667
shx2=1.0
shy2=0.7
shz2=0.7
req2=1.0
rhos2=10.0
rhof=1.0
ndiv=2
tend=100.0
dt=0.05
tprint=1
logevery=100
nbody=2
impulse_scheme=1
energy_projection=0
impulse_pair_metric_correction=0
