cex1=-4.0
cey1=0.0
cez1=0.0
oriw1=-0.10091117293205903
orii1=0.10851112579298963
orij1=0.8407837144636016
orik1=0.5206966643348152
lvx1=-5.381577551492277
lvy1=-1.2557811468388467
lvz1=1.1983725557960054
avx1=2.514364318338157
avy1=3.4341764423578076
avz1=4.621993275825919
shx1=1.03
shy1=1.0
shz1=0.970873786407767
req1=1.0
rhos1=1.0
cex2=4.0
cey2=0.0
cez2=0.0
oriw2=-0.7286446571741516
orii2=0.15349206533124482
orij2=-0.5789350426960697
orik2=0.3321917605697227
lvx2=-5.485764439555869
lvy2=-1.2800929640571617
lvz2=1.2215729475277155
avx2=5.518600825254314
avy2=-0.40789155794384074
avz2=-2.976085854409779
shx2=2.0
shy2=1.0
shz2=0.5
req2=1.0
rhos2=1.0
rhof=1.0
ndiv=2
tend=100.0
dt=0.05
tprint=1
logevery=100
nbody=2
impulse_scheme=1
energy_projection=0
impulse_pair_metric_correction=0
