cex1=-2.5
cey1=0.0
cez1=0.0
oriw1=0.08974852757812918
orii1=-0.838550380114116
orij1=-0.3263076982968099
orik1=-0.42696808761342747
lvx1=-1.8082271217440842
lvy1=-0.07560984482029151
lvz1=-1.181812925364725
avx1=1.2092564311437493
avy1=0.7640796007224965
avz1=-6.1181940841930365
shx1=1.0
shy1=0.7
shz1=0.7
req1=1.0
rhos1=0.1
cex2=2.5
cey2=0.0
cez2=0.0
oriw2=0.223715976697721
orii2=0.7309304567418663
orij2=0.25352855767393
orik2=-0.5928027493366477
lvx2=-1.5280330125333046
lvy2=-0.0638937097937618
lvz2=-0.9986849234149676
avx2=5.832626516146394
avy2=-1.80922197572161
avz2=-1.4783779523753064
shx2=1.0
shy2=0.7
shz2=0.7
req2=1.0
rhos2=0.1
rhof=1.0
ndiv=2
tend=100.0
dt=0.05
tprint=1
logevery=100
nbody=2
impulse_scheme=1
energy_projection=0
impulse_pair_metric_correction=0
