cex1=-5.5
cey1=0.0
cez1=0.0
oriw1=0.1518440748376242
orii1=0.6624042494612117
orij1=0.5281974664164606
orik1=0.5090888171072577
lvx1=5.148040735327338
lvy1=1.797637786194047
lvz1=2.113278194810603
avx1=1.285531292581126
avy1=4.640740896244868
avz1=-4.03600679311526
shx1=1.0
shy1=0.8
shz1=0.6
req1=1.0
rhos1=4.0
cex2=5.5
cey2=0.0
cez2=0.0
oriw2=0.21330174053105772
orii2=0.9214619071234581
orij2=0.0954853881462793
orik2=-0.31031091159895613
lvx2=5.31547442282914
lvy2=1.8561037422362354
lvz2=2.1820099665788755
avx2=2.05438629598343
avy2=1.4334421588904758
avz2=-5.762218160426445
shx2=1.0
shy2=0.8
shz2=0.6
req2=1.0
rhos2=4.0
rhof=1.0
ndiv=2
tend=100.0
dt=0.05
tprint=1
logevery=100
nbody=2
impulse_scheme=1
energy_projection=0
impulse_pair_metric_correction=0
