cex1=-4.0
cey1=0.0
cez1=0.0
oriw1=0.5859405787159219
orii1=-0.8009565014461644
orij1=-0.11201262118618086
orik1=0.05094598806748338
lvx1=-2.9765072544404
lvy1=4.646679399295248
lvz1=1.0728335225354613
avx1=0.01320272906917184
avy1=-3.897738782460915
avz1=-4.928070177666169
shx1=1.001
shy1=1.0
shz1=0.9990009990009991
req1=1.0
rhos1=1.0
cex2=4.0
cey2=0.0
cez2=0.0
oriw2=-0.8095704994097048
orii2=0.1003997533889084
orij2=0.12459583020921584
orik2=0.5647932144594549
lvx2=-4.0507425561554635
lvy2=6.323687590365004
lvz2=1.4600241269096432
avx2=3.34421763415578
avy2=3.489000517757504
avz2=4.015158951629041
shx2=2.0
shy2=1.0
shz2=0.5
req2=1.0
rhos2=1.0
rhof=1.0
ndiv=2
tend=100.0
dt=0.05
tprint=1
logevery=100
nbody=2
impulse_scheme=1
energy_projection=0
impulse_pair_metric_correction=0
