cex1=-4.0
cey1=0.0
cez1=0.0
oriw1=-0.07796594317820736
orii1=0.273592768888384
orij1=0.9235838682589658
orik1=-0.25702363083600904
lvx1=-4.316376682470086
lvy1=-4.0807387321401
lvz1=-0.7418869955444263
avx1=-1.1493275917100925
avy1=5.4422816968728815
avz1=2.9221624908915897
shx1=1.2100000000000002
shy1=0.9090909090909091
shz1=0.9090909090909091
req1=1.0
rhos1=1.0
cex2=4.0
cey2=0.0
cez2=0.0
oriw2=0.24941312833413246
orii2=-0.6676992994489384
orij2=-0.597782226987957
orik2=0.3669157206052872
lvx2=-2.29068063830862
lvy2=-2.1656286953992403
lvz2=-0.39371591071010476
avx2=-6.25537910460813
avy2=-0.45619227269475565
avz2=-0.374884612011512
shx2=4.0
shy2=0.5
shz2=0.5
req2=1.0
rhos2=1.0
rhof=1.0
ndiv=2
tend=100.0
dt=0.05
tprint=1
logevery=100
nbody=2
impulse_scheme=1
energy_projection=0
impulse_pair_metric_correction=0
