cex1=-4.0
cey1=0.0
cez1=0.0
oriw1=-0.8394734779776759
orii1=-0.4846264384568143
orij1=-0.1844202540601635
orik1=-0.1625135834726217
lvx1=-0.7095793565996531
lvy1=1.6868555099073876
lvz1=-5.2103333128920974
avx1=4.660555427764567
avy1=3.859491332049093
avz1=-1.6917350167592997
shx1=1.1
shy1=1.1
shz1=0.8264462809917354
req1=1.0
rhos1=1.0
cex2=4.0
cey2=0.0
cez2=0.0
oriw2=0.6182778127623662
orii2=-0.5706324213872951
orij2=0.5384769020774586
orik2=-0.04640917836506174
lvx2=-0.7032089521468562
lvy2=1.6717113942399953
lvz2=-5.163556401714662
avx2=-4.872789930369518
avy2=3.9317169174194153
avz2=-0.5252979917388104
shx2=1.1
shy2=1.1
shz2=0.8264462809917354
req2=1.0
rhos2=1.0
rhof=1.0
ndiv=2
tend=100.0
dt=0.05
tprint=1
logevery=100
nbody=2
impulse_scheme=1
energy_projection=0
impulse_pair_metric_correction=0
