cex1=-4.0
cey1=0.0
cez1=0.0
oriw1=-0.2509686037072553
orii1=-0.9484402379634924
orij1=-0.03164579622009833
orik1=-0.1909827702872185
lvx1=-4.663487631795721
lvy1=-3.374092595036673
lvz1=-0.17467335282293525
avx1=2.0483942955963435
avy1=1.943707791856895
avz1=-5.612886818206883
shx1=1.0
shy1=0.7
shz1=0.7
req1=1.0
rhos1=0.1
cex2=4.0
cey2=0.0
cez2=0.0
oriw2=0.41062720501849553
orii2=-0.7905612675823168
orij2=0.3559080587771233
orik2=-0.2823608230524174
lvx2=-4.38408437845322
lvy2=-3.1719407887995286
lvz2=-0.16420815876554734
avx2=4.137000230578418
avy2=2.4118800877219533
avz2=-4.067736611311245
shx2=1.0
shy2=0.7
shz2=0.7
req2=1.0
rhos2=0.1
rhof=1.0
ndiv=2
tend=100.0
dt=0.05
tprint=1
logevery=100
nbody=2
impulse_scheme=1
energy_projection=0
impulse_pair_metric_correction=0
