cex1=-4.0
cey1=0.0
cez1=0.0
oriw1=0.7391068836266309
orii1=0.25558678823882036
orij1=0.06965910125117503
orik1=0.6193093071045945
lvx1=-1.5410112925478965
lvy1=-2.7426628201941723
lvz1=4.657224099731631
avx1=1.240872474260177
avy1=-2.908535134022944
avz1=5.42946373789668
shx1=1.0001
shy1=1.0001
shz1=0.9998000299960006
req1=1.0
rhos1=1.0
cex2=4.0
cey2=0.0
cez2=0.0
oriw2=-0.21136824193558007
orii2=-0.12903399918106134
orij2=0.6656797555457883
orik2=-0.7039489728758069
lvx2=-1.5409157313732935
lvy2=-2.7424927422188157
lvz2=4.6569352960041615
avx2=1.240971686786237
avy2=-4.842765438195915
avz2=3.8060517321191893
shx2=1.0
shy2=1.0
shz2=1.0
req2=1.0
rhos2=1.0
rhof=1.0
ndiv=2
tend=100.0
dt=0.05
tprint=1
logevery=100
nbody=2
impulse_scheme=1
energy_projection=0
impulse_pair_metric_correction=0
