cex1=-1.5
cey1=0.0
cez1=0.0
oriw1=-0.2448234279809795
orii1=-0.8856720472436685
orij1=0.3888565305575752
orik1=-0.06661165427743784
lvx1=-2.5420642356751384
lvy1=9.083140968784855
lvz1=1.403487796864445
avx1=0.08087206098914973
avy1=-5.667181613406291
avz1=2.711997395791239
shx1=1.0
shy1=0.8
shz1=0.6
req1=1.0
rhos1=0.03
cex2=1.5
cey2=0.0
cez2=0.0
oriw2=0.024077707031897093
orii2=0.8623461496053046
orij2=0.44732897167582253
orik2=0.2359579907196255
lvx2=-2.49923992509847
lvy2=8.9301238874696
lvz2=1.3798442569176566
avx2=-0.20490758793874603
avy2=6.2199332407185
avz2=0.8653675321894255
shx2=1.0
shy2=0.8
shz2=0.6
req2=1.0
rhos2=0.03
rhof=1.0
ndiv=2
tend=100.0
dt=0.05
tprint=1
logevery=100
nbody=2
impulse_scheme=1
energy_projection=0
impulse_pair_metric_correction=0
