cex1=-4.0
cey1=0.0
cez1=0.0
oriw1=0.6974865041014635
orii1=0.28343521489542867
orij1=-0.11696143290082392
orik1=-0.6476859414618226
lvx1=-1.5328156223313194
lvy1=5.357903875386133
lvz1=0.14192536482343118
avx1=4.802988892209866
avy1=4.046508378574745
avz1=-0.18837528444696203
shx1=1.03
shy1=1.0
shz1=0.970873786407767
req1=1.0
rhos1=1.0
cex2=4.0
cey2=0.0
cez2=0.0
oriw2=-0.25354466098520484
orii2=0.9516590702123139
orij2=-0.16703911332869842
orik2=0.0464548553640398
lvx2=-1.5452424493752763
lvy2=5.401341418563246
lvz2=0.14307598068101804
avx2=-1.8019211377630115
avy2=-5.4166256859410415
avz2=-2.6251978965487592
shx2=1.0
shy2=1.0
shz2=1.0
req2=1.0
rhos2=1.0
rhof=1.0
ndiv=2
tend=100.0
dt=0.05
tprint=1
logevery=100
nbody=2
impulse_scheme=1
energy_projection=0
impulse_pair_metric_correction=0
