cex1=-2.5
cey1=0.0
cez1=0.0
oriw1=0.5413478998513973
orii1=-0.08675031074353409
orij1=0.6683154375501374
orik1=0.5027636729563405
lvx1=8.131681838288944
lvy1=5.531348164233559
lvz1=-1.5283090641770456
avx1=-2.4728617894956786
avy1=-0.6125661548976141
avz1=-5.743529827578474
shx1=1.0
shy1=0.8
shz1=0.6
req1=1.0
rhos1=1.0
cex2=2.5
cey2=0.0
cez2=0.0
oriw2=0.6061762375336645
orii2=-0.5768485952744321
orij2=0.04369615542177301
orik2=-0.5457899899968861
lvx2=7.5067372671791075
lvy2=5.106247173454571
lvz2=-1.4108538474544527
avx2=3.940317314357734
avy2=3.30436030403464
avz2=-3.610196677142422
shx2=1.0
shy2=0.8
shz2=0.6
req2=1.0
rhos2=1.0
rhof=1.0
ndiv=2
tend=100.0
dt=0.05
tprint=1
logevery=100
nbody=2
impulse_scheme=1
energy_projection=0
impulse_pair_metric_correction=0
