cex1=-1.5
cey1=0.0
cez1=0.0
oriw1=0.7595169530513407
orii1=0.22567570048186622
orij1=0.6091183043140207
orik1=0.03434192174644103
lvx1=0.24385553877572022
lvy1=0.0546403110712989
lvz1=1.8381175345318008
avx1=5.716247036970654
avy1=2.4207483800581526
avz1=-0.9710379483457313
shx1=1.0
shy1=0.8
shz1=0.6
req1=1.0
rhos1=10.0
cex2=1.5
cey2=0.0
cez2=0.0
oriw2=-0.2191109893728995
orii2=-0.5337347064936994
orij2=-0.4054180347698471
orik2=0.7090513764907792
lvx2=0.28989626242784466
lvy2=0.06495658059271223
lvz2=2.1851601396429263
avx2=1.753680343542092
avy2=-3.3536182262945116
avz2=5.015602421374403
shx2=1.0
shy2=0.8
shz2=0.6
req2=1.0
rhos2=10.0
rhof=1.0
ndiv=2
tend=100.0
dt=0.05
tprint=1
logevery=100
nbody=2
impulse_scheme=1
energy_projection=0
impulse_pair_metric_correction=0
