cex1=-1.5
cey1=0.0
cez1=0.0
oriw1=0.22529253868012997
orii1=-0.6189347300072484
orij1=0.6579799925812081
orik1=0.3650005498197911
lvx1=-1.4582545631208224
lvy1=1.345479640018563
lvz1=0.8386602085477635
avx1=-1.4966960566118277
avy1=-3.510666546881404
avz1=-4.991346403034741
shx1=1.0
shy1=0.7
shz1=0.7
req1=1.0
rhos1=10.0
cex2=1.5
cey2=0.0
cez2=0.0
oriw2=-0.5409320217411588
orii2=-0.07660793091518443
orij2=-0.13523923202124194
orik2=-0.8265797740679489
lvx2=-1.3513954853817003
lvy2=1.2468845681530227
lvz2=0.7772042332411473
avx2=4.267114158994537
avy2=4.600037310760009
avz2=0.33137757631076153
shx2=1.0
shy2=0.7
shz2=0.7
req2=1.0
rhos2=10.0
rhof=1.0
ndiv=2
tend=100.0
dt=0.05
tprint=1
logevery=100
nbody=2
impulse_scheme=1
energy_projection=0
impulse_pair_metric_correction=0
