cex1=-4.0
cey1=0.0
cez1=0.0
oriw1=0.589737990923814
orii1=-0.2223272942374553
orij1=-0.7617655140503798
orik1=0.14997659117927675
lvx1=1.272721348113925
lvy1=-4.211322038186743
lvz1=4.562608645199692
avx1=4.58828702557494
avy1=-1.892421420645156
avz1=-3.8528925422312885
shx1=1.3
shy1=1.3
shz1=0.5917159763313609
req1=1.0
rhos1=1.0
cex2=4.0
cey2=0.0
cez2=0.0
oriw2=-0.07668210009220147
orii2=-0.0802655221916812
orij2=-0.4935714155742862
orik2=0.8625917685676937
lvx2=1.40687648867516
lvy2=-4.655229497442306
lvz2=5.043544558649836
avx2=2.4071021464721567
avy2=1.4848521294367132
avz2=-5.61065869702603
shx2=1.3
shy2=1.3
shz2=0.5917159763313609
req2=1.0
rhos2=1.0
rhof=1.0
ndiv=2
tend=100.0
dt=0.05
tprint=1
logevery=100
nbody=2
impulse_scheme=1
energy_projection=0
impulse_pair_metric_correction=0
