cex1=-4.0
cey1=0.0
cez1=0.0
oriw1=-0.7075327285020206
orii1=-0.030834333394427406
orij1=0.359825377410029
orik1=0.6074309670689645
lvx1=-0.2577332600449131
lvy1=-5.528227239735666
lvz1=0.9742982955084226
avx1=5.858015235186887
avy1=-0.11725567979691671
avz1=2.2689923345465743
shx1=1.0003
shy1=1.0003
shz1=0.9994002698920407
req1=1.0
rhos1=1.0
cex2=4.0
cey2=0.0
cez2=0.0
oriw2=-0.23165225725692876
orii2=-0.0428291950485764
orij2=0.2669049778821615
orik2=0.934486289113427
lvx2=-0.257730577851024
lvy2=-5.52816970825014
lvz2=0.9742881561227108
avx2=-2.0915723520166467
avy2=-5.555956081416964
avz2=2.0579345767061783
shx2=1.0003
shy2=1.0003
shz2=0.9994002698920407
req2=1.0
rhos2=1.0
rhof=1.0
ndiv=2
tend=100.0
dt=0.05
tprint=1
logevery=100
nbody=2
impulse_scheme=1
energy_projection=0
impulse_pair_metric_correction=0
