cex1=-5.5
cey1=0.0
cez1=0.0
oriw1=-0.21936203432098422
orii1=0.37813410566161637
orij1=0.677265907949714
orik1=-0.5917818736351245
lvx1=1.0337380444360245
lvy1=-4.8742264044740145
lvz1=-1.7066105614896105
avx1=-4.7300770654898985
avy1=0.567225196858696
avz1=4.096711380477336
shx1=1.0
shy1=0.7
shz1=0.7
req1=1.0
rhos1=0.1
cex2=5.5
cey2=0.0
cez2=0.0
oriw2=0.7954306543546771
orii2=0.3533483380878309
orij2=-0.2745198797310987
orik2=-0.40874669627518856
lvx2=1.0529240431725457
lvy2=-4.964691200793644
lvz2=-1.7382849573897219
avx2=-4.346350967090675
avy2=3.489762317682269
avz2=-2.899863762543383
shx2=1.0
shy2=0.7
shz2=0.7
req2=1.0
rhos2=0.1
rhof=1.0
ndiv=2
tend=100.0
dt=0.05
tprint=1
logevery=100
nbody=2
impulse_scheme=1
energy_projection=0
impulse_pair_metric_correction=0
