cex1=-4.0
cey1=0.0
cez1=0.0
oriw1=-0.12073920265566028
orii1=-0.70575601691922
orij1=0.41385934705483013
orik1=-0.5621840716168883
lvx1=0.30198730295229176
lvy1=3.161983759438115
lvz1=-4.55217072853269
avx1=6.015884667810619
avy1=0.9384316970633194
avz1=1.5514171643711452
shx1=1.03
shy1=1.0
shz1=0.970873786407767
req1=1.0
rhos1=1.0
cex2=4.0
cey2=0.0
cez2=0.0
oriw2=-0.5102384189957524
orii2=-0.06756504166734578
orij2=-0.05778787271655531
orik2=0.8554252057848775
lvx2=0.30205734031560094
lvy2=3.1627170916119267
lvz2=-4.553226475022833
avx2=-5.960296953768061
avy2=-1.2767785276670283
avz2=1.5241766362692453
shx2=1.03
shy2=1.0
shz2=0.970873786407767
req2=1.0
rhos2=1.0
rhof=1.0
ndiv=2
tend=100.0
dt=0.05
tprint=1
logevery=100
nbody=2
impulse_scheme=1
energy_projection=0
impulse_pair_metric_correction=0
