cex1=-4.0
cey1=0.0
cez1=0.0
oriw1=-0.5516817058712338
orii1=-0.7532594081790085
orij1=0.14966084544542818
orik1=0.32534472600209
lvx1=-1.8248440877836656
lvy1=9.336409715818354
lvz1=-0.6816606229891984
avx1=0.8118362112300326
avy1=5.52849419346731
avz1=-2.87316750700187
shx1=1.0
shy1=0.8
shz1=0.6
req1=1.0
rhos1=4.0
cex2=4.0
cey2=0.0
cez2=0.0
oriw2=0.40421451257643043
orii2=-0.20503773133892356
orij2=0.8375651756683028
orik2=0.30504873882334116
lvx2=-1.8691036154113279
lvy2=9.562853764669843
lvz2=-0.6981935297607146
avx2=-1.7714807173073857
avy2=-3.8884256652480973
avz2=-4.606562657601157
shx2=1.0
shy2=0.8
shz2=0.6
req2=1.0
rhos2=4.0
rhof=1.0
ndiv=2
tend=100.0
dt=0.05
tprint=1
logevery=100
nbody=2
impulse_scheme=1
energy_projection=0
impulse_pair_metric_correction=0
