cex1=-4.0
cey1=0.0
cez1=0.0
oriw1=-0.5568652101789634
orii1=-0.6888466165985021
orij1=-0.46316832535955554
orik1=-0.029437711812572404
lvx1=-1.3781103969502457
lvy1=-1.302202303754299
lvz1=0.07160540192133502
avx1=5.252805649403323
avy1=-3.3779353847570177
avz1=-0.6899296705899993
shx1=1.0
shy1=0.7
shz1=0.7
req1=1.0
rhos1=1.0
cex2=4.0
cey2=0.0
cez2=0.0
oriw2=0.23647157905979266
orii2=-0.4585558369408477
orij2=-0.7488233997009573
orik2=0.4160183322460048
lvx2=-1.4996835207669925
lvy2=-1.4170790235433086
lvz2=0.07792223431226333
avx2=3.38045948506568
avy2=4.962372449649703
avz2=-1.8508838281060516
shx2=1.0
shy2=0.7
shz2=0.7
req2=1.0
rhos2=1.0
rhof=1.0
ndiv=2
tend=100.0
dt=0.05
tprint=1
logevery=100
nbody=2
impulse_scheme=1
energy_projection=0
impulse_pair_metric_correction=0
