cex1=-1.5
cey1=0.0
cez1=0.0
oriw1=0.3682919679113759
orii1=-0.4865658476561
orij1=-0.7921657148221236
orik1=0.009390555203014857
lvx1=0.9399946724051966
lvy1=0.747078612657924
lvz1=0.5233507342926301
avx1=-0.5871588382068784
avy1=5.349592029334388
avz1=3.2427653665899063
shx1=1.0
shy1=0.7
shz1=0.7
req1=1.0
rhos1=4.0
cex2=1.5
cey2=0.0
cez2=0.0
oriw2=0.9248950066646531
orii2=0.13170282855576002
orij2=0.25447748782478347
orik2=-0.24992958965994905
lvx2=0.9154200295524041
lvy2=0.7275474486758432
lvz2=0.5096685744256174
avx2=-2.5057598576444557
avy2=-5.757135418240176
avz2=-0.23447156804097075
shx2=1.0
shy2=0.7
shz2=0.7
req2=1.0
rhos2=4.0
rhof=1.0
ndiv=2
tend=100.0
dt=0.05
tprint=1
logevery=100
nbody=2
impulse_scheme=1
energy_projection=0
impulse_pair_metric_correction=0
