cex1=-4.0
cey1=0.0
cez1=0.0
oriw1=0.38452957633704066
orii1=-0.6984335118837763
orij1=-0.4139068923323745
orik1=-0.43932757582413046
lvx1=0.9790014260578955
lvy1=-3.3775669728904383
lvz1=4.385278887280051
avx1=-3.0650636101744952
avy1=-1.6728387206825863
avz1=5.223544130619226
shx1=1.001
shy1=1.0
shz1=0.9990009990009991
req1=1.0
rhos1=1.0
cex2=4.0
cey2=0.0
cez2=0.0
oriw2=0.2752887588919873
orii2=-0.7386847442878208
orij2=0.35943004935781225
orik2=-0.49937059124740873
lvx2=0.9784194117486368
lvy2=-3.375559016358018
lvz2=4.3826718481128415
avx2=-5.428690155909694
avy2=3.102185103012349
avz2=0.6198293169372374
shx2=1.001
shy2=1.0
shz2=0.9990009990009991
req2=1.0
rhos2=1.0
rhof=1.0
ndiv=2
tend=100.0
dt=0.05
tprint=1
logevery=100
nbody=2
impulse_scheme=1
energy_projection=0
impulse_pair_metric_correction=0
