cex1=-4.0
cey1=0.0
cez1=0.0
oriw1=0.3473375171727641
orii1=-0.7952119419137421
orij1=-0.4779737975128868
orik1=0.1361457509184358
lvx1=1.4894235011914088
lvy1=1.1761771840996489
lvz1=5.2658547010449865
avx1=-5.9120895663653
avy1=1.5926963932910616
avz1=-1.4102952749086406
shx1=1.01
shy1=1.01
shz1=0.9802960494069208
req1=1.0
rhos1=1.0
cex2=4.0
cey2=0.0
cez2=0.0
oriw2=0.37975046149606423
orii2=0.5770206810523415
orij2=-0.31884418095110906
orik2=-0.6489800527790008
lvx2=2.172518099377227
lvy2=1.7156075612389883
lvz2=7.680934695578362
avx2=5.531355867744576
avy2=-2.7000876418793216
avz2=1.261763287980613
shx2=2.0
shy2=2.0
shz2=0.25
req2=1.0
rhos2=1.0
rhof=1.0
ndiv=2
tend=100.0
dt=0.05
tprint=1
logevery=100
nbody=2
impulse_scheme=1
energy_projection=0
impulse_pair_metric_correction=0
