cex1=-1.5
cey1=0.0
cez1=0.0
oriw1=-0.795267910432894
orii1=0.10263114743768845
orij1=-0.5719675631652447
orik1=0.1728262274602262
lvx1=8.603577295717589
lvy1=-4.921035833088795
lvz1=-0.5413462863660305
avx1=-1.3351194531953126
avy1=-3.3803378098842414
avz1=-5.1253477873334505
shx1=1.0
shy1=0.8
shz1=0.6
req1=1.0
rhos1=0.03
cex2=1.5
cey2=0.0
cez2=0.0
oriw2=0.4260490449279688
orii2=-0.880578689699088
orij2=-0.1356511610932847
orik2=0.15704185766172885
lvx2=8.416860729225464
lvy2=-4.81423852276575
lvz2=-0.5295978802787348
avx2=0.9192352790892422
avy2=-4.778249441722447
avz2=3.9751423092405473
shx2=1.0
shy2=0.8
shz2=0.6
req2=1.0
rhos2=0.03
rhof=1.0
ndiv=2
tend=100.0
dt=0.05
tprint=1
logevery=100
nbody=2
impulse_scheme=1
energy_projection=0
impulse_pair_metric_correction=0
