cex1=-4.0
cey1=0.0
cez1=0.0
oriw1=0.3895448975150689
orii1=0.3115019901247081
orij1=0.0005089431479207947
orik1=0.8667300755974683
lvx1=-1.0021427761655277
lvy1=0.4634927765646567
lvz1=0.6450935117771328
avx1=3.8647858902065555
avy1=0.4144181361386845
avz1=4.93660867759002
shx1=1.0
shy1=0.8
shz1=0.6
req1=1.0
rhos1=10.0
cex2=4.0
cey2=0.0
cez2=0.0
oriw2=0.11116939308868629
orii2=-0.41035118281984073
orij2=0.8733404923340051
orik2=-0.23775966278670646
lvx2=-0.974143917865229
lvy2=0.4505432559146148
lvz2=0.6270702497667039
avx2=-4.2516891230064955
avy2=1.9605149382271077
avz2=-4.190219371662306
shx2=1.0
shy2=0.8
shz2=0.6
req2=1.0
rhos2=10.0
rhof=1.0
ndiv=2
tend=100.0
dt=0.05
tprint=1
logevery=100
nbody=2
impulse_scheme=1
energy_projection=0
impulse_pair_metric_correction=0
