cex1=-2.5
cey1=0.0
cez1=0.0
oriw1=-0.25536444415295
orii1=0.16442656506502826
orij1=-0.9509061560958131
orik1=-0.05941706541437383
lvx1=0.36490292469706237
lvy1=-1.8333328731415173
lvz1=-1.1086070210417591
avx1=0.4632770601408287
avy1=5.646630381080758
avz1=2.716497250018943
shx1=1.0
shy1=0.7
shz1=0.7
req1=1.0
rhos1=1.0
cex2=2.5
cey2=0.0
cez2=0.0
oriw2=0.8112393879836656
orii2=-0.2251093556663966
orij2=0.4225363409882067
orik2=0.3356776339282159
lvx2=0.3383235048739018
lvy2=-1.6997934553599696
lvz2=-1.0278564174240032
avx2=4.046610435829907
avy2=4.1618873603869595
avz2=-2.4045904400627545
shx2=1.0
shy2=0.7
shz2=0.7
req2=1.0
rhos2=1.0
rhof=1.0
ndiv=2
tend=100.0
dt=0.05
tprint=1
logevery=100
nbody=2
impulse_scheme=1
energy_projection=0
impulse_pair_metric_correction=0
