cex1=-4.0
cey1=0.0
cez1=0.0
oriw1=1.0
orii1=2.0
orij1=0.0
orik1=0.0
lvx1=-0.0056247773679787795
lvy1=0.002984444341800237
lvz1=0.9011928388519228
avx1=-6.012840837440983
avy1=0.06552403755904891
avz1=1.8220508413492247
shx1=1.0
shy1=0.7
shz1=0.7
req1=1.0
rhos1=1.0
cex2=4.0
cey2=0.0
cez2=0.0
oriw2=1.0
orii2=0.0
orij2=1.0
orik2=0.0
lvx2=-0.006787291115714796
lvy2=0.0036012612128904554
lvz2=1.0874489332692336
avx2=0.20125683196639652
avy2=-6.2792838499498735
avz2=0.09223678064076508
shx2=1.0
shy2=0.7
shz2=0.7
req2=1.0
rhos2=1.0
rhof=1.0
ndiv=2
tend=100.0
dt=0.05
tprint=1
logevery=100
nbody=2
impulse_scheme=1
energy_projection=1
