cex1=-4.0
cey1=0.0
cez1=0.0
oriw1=0.35098436247649784
orii1=0.0768918774224523
orij1=-0.5586289607461693
orik1=0.7475501994508943
lvx1=-5.082185269486259
lvy1=-1.1425206919829554
lvz1=2.1195044875082725
avx1=-2.6983074712712223
avy1=-5.56683740296787
avz1=-1.099033995724097
shx1=1.0060089999999997
shy1=0.9970089730807579
shz1=0.9970089730807579
req1=1.0
rhos1=1.0
cex2=4.0
cey2=0.0
cez2=0.0
oriw2=-0.2251627797830631
orii2=-0.07090961979299742
orij2=-0.6197296519823179
orik2=-0.7484709125110017
lvx2=-5.086135802756383
lvy2=-1.1434088071865829
lvz2=2.1211520411786102
avx2=-0.6779569268241579
avy2=-3.336169301847114
avz2=5.280981575345772
shx2=1.0060089999999997
shy2=0.9970089730807579
shz2=0.9970089730807579
req2=1.0
rhos2=1.0
rhof=1.0
ndiv=2
tend=100.0
dt=0.05
tprint=1
logevery=100
nbody=2
impulse_scheme=1
energy_projection=0
impulse_pair_metric_correction=0
