cex1=-4.0
cey1=0.0
cez1=0.0
oriw1=0.11052358970701082
orii1=-0.014789991755793826
orij1=-0.7589877662966749
orik1=0.641485278766492
lvx1=-2.3393801834248964
lvy1=5.067752191283
lvz1=0.6600268806311369
avx1=3.729681125237324
avy1=-3.3455401602392274
avz1=3.79147165947899
shx1=1.01
shy1=1.0
shz1=0.9900990099009901
req1=1.0
rhos1=1.0
cex2=4.0
cey2=0.0
cez2=0.0
oriw2=-0.3299307418355518
orii2=0.7378488615417778
orij2=-0.3247600520285571
orik2=-0.4911778412344694
lvx2=-2.3390945673886607
lvy2=5.067133467014172
lvz2=0.6599462976362092
avx2=5.667536602806588
avy2=-2.6002142176639875
avz2=-0.7722256680938875
shx2=1.0
shy2=1.0
shz2=1.0
req2=1.0
rhos2=1.0
rhof=1.0
ndiv=2
tend=100.0
dt=0.05
tprint=1
logevery=100
nbody=2
impulse_scheme=1
energy_projection=0
impulse_pair_metric_correction=0
