cex1=-4.0
cey1=0.0
cez1=0.0
oriw1=-0.5488055371165828
orii1=-0.21387132205773465
orij1=0.8016040911246776
orik1=-0.10248132085231704
lvx1=-0.8679544274305094
lvy1=5.785075020932717
lvz1=-5.473586262803195
avx1=4.866796114848727
avy1=3.9717548322374263
avz1=0.13370390214739827
shx1=2.0
shy1=2.0
shz1=0.25
req1=1.0
rhos1=1.0
cex2=4.0
cey2=0.0
cez2=0.0
oriw2=0.5200109057456088
orii2=-0.5810369800316589
orij2=-0.1689787969328562
orik2=0.6028522637665431
lvx2=-0.6088635153996376
lvy2=4.058186700565833
lvz2=-3.83967967497964
avx2=-2.6074920010779348
avy2=-5.3440283739550924
avz2=-2.0299664546575436
shx2=1.0
shy2=1.0
shz2=1.0
req2=1.0
rhos2=1.0
rhof=1.0
ndiv=2
tend=100.0
dt=0.05
tprint=1
logevery=100
nbody=2
impulse_scheme=1
energy_projection=0
impulse_pair_metric_correction=0
