cex1=-4.0
cey1=0.0
cez1=0.0
oriw1=-0.6878649706715453
orii1=-0.6894971465377585
orij1=0.17537852142735244
orik1=0.14379791813958478
lvx1=-3.0451668829369383
lvy1=-1.1956955469826704
lvz1=-7.8911309541851296
avx1=-5.461542061383311
avy1=-1.8113547462810393
avz1=-2.5236818141801316
shx1=1.0
shy1=0.8
shz1=0.6
req1=1.0
rhos1=10.0
cex2=4.0
cey2=0.0
cez2=0.0
oriw2=0.9105077126845665
orii2=0.38943543112090123
orij2=-0.13652731166870732
orik2=-0.02600083264267071
lvx2=-3.4213322867604585
lvy2=-1.3433982232468125
lvz2=-8.865911836848104
avx2=-1.936066900570947
avy2=-4.580631650523902
avz2=-3.840296374381763
shx2=1.0
shy2=0.8
shz2=0.6
req2=1.0
rhos2=10.0
rhof=1.0
ndiv=2
tend=100.0
dt=0.05
tprint=1
logevery=100
nbody=2
impulse_scheme=1
energy_projection=0
impulse_pair_metric_correction=0
