cex1=-4.0
cey1=0.0
cez1=0.0
oriw1=-0.23526025462122108
orii1=0.9260021317569924
orij1=-0.05276896418296325
orik1=0.2904963011745947
lvx1=0.5581431764872434
lvy1=3.390082183710656
lvz1=4.447095369682735
avx1=4.589517249763348
avy1=-1.1913954769638673
avz1=-4.122538761000575
shx1=1.00020001
shy1=0.9999000099990001
shz1=0.9999000099990001
req1=1.0
rhos1=1.0
cex2=4.0
cey2=0.0
cez2=0.0
oriw2=0.10209476256468569
orii2=0.004875523537526462
orij2=0.3914442053287254
orik2=-0.9145076942495662
lvx2=0.55815992926505
lvy2=3.3901839376977367
lvz2=4.4472288501296005
avx2=-0.6062638995215678
avy2=-4.485888613672958
avz2=-4.357483796207812
shx2=1.0
shy2=1.0
shz2=1.0
req2=1.0
rhos2=1.0
rhof=1.0
ndiv=2
tend=100.0
dt=0.05
tprint=1
logevery=100
nbody=2
impulse_scheme=1
energy_projection=0
impulse_pair_metric_correction=0
