cex1=-1.5
cey1=0.0
cez1=0.0
oriw1=-0.36465941791779083
orii1=0.618208840131469
orij1=0.6642180820843846
orik1=-0.20893941308260489
lvx1=-1.7057968435268216
lvy1=-0.27607555964416963
lvz1=1.145412725258265
avx1=-3.2529749975661653
avy1=-2.5311247888122588
avz1=4.74236002144786
shx1=1.0
shy1=0.7
shz1=0.7
req1=1.0
rhos1=0.3
cex2=1.5
cey2=0.0
cez2=0.0
oriw2=0.4525854151209472
orii2=-0.45695772511225663
orij2=0.4723882731424865
orik2=-0.602665246117188
lvx2=-1.7277279783727133
lvy2=-0.27962501534235995
lvz2=1.160139098464527
avx2=-2.8055023464377866
avy2=0.5605410108933462
avz2=-5.594047547491545
shx2=1.0
shy2=0.7
shz2=0.7
req2=1.0
rhos2=0.3
rhof=1.0
ndiv=2
tend=100.0
dt=0.05
tprint=1
logevery=100
nbody=2
impulse_scheme=1
energy_projection=0
impulse_pair_metric_correction=0
