cex1=-2.5
cey1=0.0
cez1=0.0
oriw1=-0.2903253450382978
orii1=0.15140096223348498
orij1=0.5715461292189165
orik1=-0.7524120977483294
lvx1=0.5888903507349003
lvy1=-2.8927701288888072
lvz1=-1.9709226239465325
avx1=-0.42141453220007286
avy1=0.8395876815052778
avz1=-6.2125614621887335
shx1=1.0
shy1=0.7
shz1=0.7
req1=1.0
rhos1=0.1
cex2=2.5
cey2=0.0
cez2=0.0
oriw2=0.04491518294461677
orii2=0.8347379667555314
orij2=0.13549738648658374
orik2=0.5318229136218168
lvx2=0.5893437811338862
lvy2=-2.8949974873640816
lvz2=-1.9724401835917726
avx2=-0.01339552704627663
avy2=0.010725531474357734
avz2=6.283161873387249
shx2=1.0
shy2=0.7
shz2=0.7
req2=1.0
rhos2=0.1
rhof=1.0
ndiv=2
tend=100.0
dt=0.05
tprint=1
logevery=100
nbody=2
impulse_scheme=1
energy_projection=0
impulse_pair_metric_correction=0
