cex1=-4.0
cey1=0.0
cez1=0.0
oriw1=0.6157155036330451
orii1=0.764534926901164
orij1=0.09903766793540485
orik1=-0.16301013607764986
lvx1=-1.5686744665050025
lvy1=4.665255069962926
lvz1=2.0986685430115704
avx1=5.338745475303384
avy1=-2.820017719746985
avz1=1.7388830939997366
shx1=1.6900000000000002
shy1=0.7692307692307692
shz1=0.7692307692307692
req1=1.0
rhos1=1.0
cex2=4.0
cey2=0.0
cez2=0.0
oriw2=0.21581671800777605
orii2=-0.2811162337597331
orij2=0.4874826916636494
orik2=-0.7979708219436714
lvx2=-4.357224096936321
lvy2=12.958432258087614
lvz2=5.8293606113611665
avx2=-2.3812062060353556
avy2=-4.97069222489197
avz2=3.016702407280948
shx2=4.0
shy2=0.5
shz2=0.5
req2=1.0
rhos2=1.0
rhof=1.0
ndiv=2
tend=100.0
dt=0.05
tprint=1
logevery=100
nbody=2
impulse_scheme=1
energy_projection=0
impulse_pair_metric_correction=0
