cex1=-4.0
cey1=0.0
cez1=0.0
oriw1=0.7155610289588319
orii1=-0.2661724469113568
orij1=-0.6017571450264072
orik1=0.2345484614109981
lvx1=-2.6886199029896867
lvy1=1.0203149407585295
lvz1=-2.032082063436181
avx1=1.417394692741877
avy1=-2.3112518664139348
avz1=-5.668114739429919
shx1=1.0
shy1=0.7
shz1=0.7
req1=1.0
rhos1=0.3
cex2=4.0
cey2=0.0
cez2=0.0
oriw2=-0.45606141143156387
orii2=0.3467850716325212
orij2=0.7876188068775853
orik2=-0.22672608616699974
lvx2=-2.582683867377416
lvy2=0.9801128579800246
lvz2=-1.9520146959366491
avx2=3.2808279702830307
avy2=-1.6523935992823482
avz2=-5.097468080019402
shx2=1.0
shy2=0.7
shz2=0.7
req2=1.0
rhos2=0.3
rhof=1.0
ndiv=2
tend=100.0
dt=0.05
tprint=1
logevery=100
nbody=2
impulse_scheme=1
energy_projection=0
impulse_pair_metric_correction=0
