cex1=-4.0
cey1=0.0
cez1=0.0
oriw1=1.0
orii1=1.0
orij1=1.0
orik1=0.0
lvx1=5.786101400888946
lvy1=-3.8255379747767884
lvz1=4.64382454391391
avx1=-1.2676104911139323
avy1=-6.071212868465339
avz1=1.0059600155852135
shx1=1.0
shy1=0.8
shz1=0.6
req1=1.0
rhos1=0.1
cex2=4.0
cey2=0.0
cez2=0.0
oriw2=1.0
orii2=-1.0
orij2=0.0
orik2=1.0
lvx2=5.876780589882747
lvy2=-3.885491414404454
lvz2=4.716602086908045
avx2=-0.9357761980906533
avy2=-5.7014735036931485
avz2=2.468995827888214
shx2=1.0
shy2=0.8
shz2=0.6
req2=1.0
rhos2=0.1
rhof=1.0
ndiv=2
tend=100.0
dt=0.05
tprint=1
logevery=100
nbody=2
impulse_scheme=1
energy_projection=1
