cex1=-4.0
cey1=0.0
cez1=0.0
oriw1=-0.6674982179502792
orii1=0.4120546785168717
orij1=0.022768075567134855
orik1=-0.6197892268187051
lvx1=3.01458306484511
lvy1=1.5712098135697052
lvz1=0.6130188699273088
avx1=-2.5052585417364592
avy1=4.962304909516909
avz1=-2.9287586497351255
shx1=1.0
shy1=0.7
shz1=0.7
req1=1.0
rhos1=10.0
cex2=4.0
cey2=0.0
cez2=0.0
oriw2=0.19157696706665778
orii2=-0.8940329611266313
orij2=0.02115564169524495
orik2=0.40442028748957487
lvx2=2.944635465510696
lvy2=1.5347529131805564
lvz2=0.5987949466265541
avx2=3.3583891741978564
avy2=-5.228185010598043
avz2=0.9304414296160836
shx2=1.0
shy2=0.7
shz2=0.7
req2=1.0
rhos2=10.0
rhof=1.0
ndiv=2
tend=100.0
dt=0.05
tprint=1
logevery=100
nbody=2
impulse_scheme=1
energy_projection=0
impulse_pair_metric_correction=0
