cex1=-4.0
cey1=0.0
cez1=0.0
oriw1=-0.8088665919988332
orii1=0.13444336300638063
orij1=-0.021905628255656267
orik1=-0.5719964702185258
lvx1=0.23866387411476486
lvy1=1.8389549383770274
lvz1=5.3050936253092855
avx1=0.8930804350139386
avy1=6.075980417354031
avz1=1.3278881386935726
shx1=1.0
shy1=1.0
shz1=1.0
req1=1.0
rhos1=1.0
cex2=4.0
cey2=0.0
cez2=0.0
oriw2=0.6315590439420409
orii2=-0.39864321836022587
orij2=-0.6648695281209681
orik2=-0.012855700938402487
lvx2=0.23866387411476486
lvy2=1.8389549383770274
lvz2=5.3050936253092855
avx2=-3.967743550686888
avy2=4.676466772434913
avz2=1.3660480396575472
shx2=1.0
shy2=1.0
shz2=1.0
req2=1.0
rhos2=1.0
rhof=1.0
ndiv=2
tend=100.0
dt=0.05
tprint=1
logevery=100
nbody=2
impulse_scheme=1
energy_projection=0
impulse_pair_metric_correction=0
