cex1=-2.5
cey1=0.0
cez1=0.0
oriw1=-0.6601169336519838
orii1=-0.5402280354367058
orij1=-0.5187782460591643
orik1=-0.05717022870233178
lvx1=2.099602880023387
lvy1=0.4104230913268203
lvz1=0.3373728241751739
avx1=1.005484655893415
avy1=5.980813852696597
avz1=1.6423409726706626
shx1=1.0
shy1=0.7
shz1=0.7
req1=1.0
rhos1=4.0
cex2=2.5
cey2=0.0
cez2=0.0
oriw2=-0.6535326308130077
orii2=0.14656992505617822
orij2=0.7191873327457508
orik2=0.1848835794485498
lvx2=2.0022098598776576
lvy2=0.39138504142596464
lvz2=0.321723313225204
avx2=3.3721685030636297
avy2=3.6880028545987886
avz2=3.808612888674068
shx2=1.0
shy2=0.7
shz2=0.7
req2=1.0
rhos2=4.0
rhof=1.0
ndiv=2
tend=100.0
dt=0.05
tprint=1
logevery=100
nbody=2
impulse_scheme=1
energy_projection=0
impulse_pair_metric_correction=0
