cex1=-2.5
cey1=0.0
cez1=0.0
oriw1=0.6102387394219059
orii1=-0.13896232507192893
orij1=0.4596437513455589
orik1=0.6300998134965197
lvx1=0.20712126246936421
lvy1=-1.3695077545623369
lvz1=1.642682966419514
avx1=-3.430767348716962
avy1=-1.4694869834487274
avz1=-5.054588114654821
shx1=1.0
shy1=0.8
shz1=0.6
req1=1.0
rhos1=10.0
cex2=2.5
cey2=0.0
cez2=0.0
oriw2=0.23731976977890196
orii2=-0.11450130623121778
orij2=-0.6727111557733896
orik2=0.6913960360325073
lvx2=0.1806527069931662
lvy2=-1.1944948585199604
lvz2=1.4327603118928618
avx2=5.777492153536906
avy2=-1.0660120239154747
avz2=2.227693961262306
shx2=1.0
shy2=0.8
shz2=0.6
req2=1.0
rhos2=10.0
rhof=1.0
ndiv=2
tend=100.0
dt=0.05
tprint=1
logevery=100
nbody=2
impulse_scheme=1
energy_projection=0
impulse_pair_metric_correction=0
