cex1=-2.5
cey1=0.0
cez1=0.0
oriw1=-0.10354989619184839
orii1=0.5195138349764176
orij1=0.8149463302272292
orik1=-0.2350431303312756
lvx1=-1.1335973090118763
lvy1=-0.658167131070347
lvz1=-0.027134717403635215
avx1=0.3466481207372627
avy1=2.7269437346431857
avz1=5.649958455850541
shx1=1.0
shy1=0.7
shz1=0.7
req1=1.0
rhos1=4.0
cex2=2.5
cey2=0.0
cez2=0.0
oriw2=-0.6057996460578257
orii2=-0.09512851812733393
orij2=-0.25699424285173394
orik2=0.7469346109373797
lvx2=-1.1293464955251227
lvy2=-0.6556991067595532
lvz2=-0.02703296643635464
avx2=0.9912867839876228
avy2=1.9414180702537271
avz2=5.892933394561761
shx2=1.0
shy2=0.7
shz2=0.7
req2=1.0
rhos2=4.0
rhof=1.0
ndiv=2
tend=100.0
dt=0.05
tprint=1
logevery=100
nbody=2
impulse_scheme=1
energy_projection=0
impulse_pair_metric_correction=0
