cex1=-4.0
cey1=0.0
cez1=0.0
oriw1=0.08669033752028972
orii1=0.34011068506194225
orij1=0.3621981193093951
orik1=-0.8634940820040702
lvx1=3.7189343344545036
lvy1=2.1810810405109056
lvz1=4.193150369209678
avx1=0.05458427472559563
avy1=4.890642126963769
avz1=-3.9442436216944583
shx1=1.2100000000000002
shy1=0.9090909090909091
shz1=0.9090909090909091
req1=1.0
rhos1=1.0
cex2=4.0
cey2=0.0
cez2=0.0
oriw2=-0.8580624923871498
orii2=-0.2864054629460212
orij2=-0.42539600067420114
orik2=-0.0271829461873229
lvx2=3.475109826968006
lvy2=2.0380828150343824
lvz2=3.9182348338324338
avx2=0.9889567390114307
avy2=-6.191701524697204
avz2=-0.40399802200460594
shx2=1.0
shy2=1.0
shz2=1.0
req2=1.0
rhos2=1.0
rhof=1.0
ndiv=2
tend=100.0
dt=0.05
tprint=1
logevery=100
nbody=2
impulse_scheme=1
energy_projection=0
impulse_pair_metric_correction=0
