cex1=-4.0
cey1=0.0
cez1=0.0
oriw1=-0.8583324036892435
orii1=0.22374331587474572
orij1=-0.45516193167290986
orik1=-0.07766614020411204
lvx1=5.554941591618415
lvy1=-0.044606341755692266
lvz1=1.133621563846209
avx1=2.7586001834076987
avy1=-1.2089384557037612
avz1=5.514255202906468
shx1=1.0
shy1=0.7
shz1=0.7
req1=1.0
rhos1=0.3
cex2=4.0
cey2=0.0
cez2=0.0
oriw2=0.7636283029410063
orii2=-0.06228638814805397
orij2=0.630661733210355
orik2=-0.12352327336587063
lvx2=5.6159421509624226
lvy2=-0.0450961780127454
lvz2=1.1460702184969416
avx2=2.2871098158126735
avy2=-0.88468033245755
avz2=-5.784884355294715
shx2=1.0
shy2=0.7
shz2=0.7
req2=1.0
rhos2=0.3
rhof=1.0
ndiv=2
tend=100.0
dt=0.05
tprint=1
logevery=100
nbody=2
impulse_scheme=1
energy_projection=0
impulse_pair_metric_correction=0
