cex1=-4.0
cey1=0.0
cez1=0.0
oriw1=1.0
orii1=2.0
orij1=0.0
orik1=0.0
lvx1=-8.057480705849343
lvy1=0.28608901322199154
lvz1=1.7915067777451836
avx1=-2.554586012328543
avy1=-5.442797151342921
avz1=-1.824408693058155
shx1=1.0
shy1=0.8
shz1=0.6
req1=1.0
rhos1=1.0
cex2=4.0
cey2=0.0
cez2=0.0
oriw2=1.0
orii2=0.0
orij2=1.0
orik2=0.0
lvx2=-7.909362314366747
lvy2=0.2808299197154415
lvz2=1.7585740147716218
avx2=-3.3060667191102415
avy2=5.134007810191091
avz2=-1.4799676543917968
shx2=1.0
shy2=0.8
shz2=0.6
req2=1.0
rhos2=1.0
rhof=1.0
ndiv=2
tend=100.0
dt=0.05
tprint=1
logevery=100
nbody=2
impulse_scheme=1
energy_projection=1
