cex1=-4.0
cey1=0.0
cez1=0.0
oriw1=-0.9559639362166531
orii1=-0.17906664869670394
orij1=-0.197347906620482
orik1=0.12297110119945905
lvx1=5.227822323001004
lvy1=1.0453157615352564
lvz1=-1.7940020150711387
avx1=2.280663211864774
avy1=5.495457004034388
avz1=2.0191446791187295
shx1=1.0060089999999997
shy1=0.9970089730807579
shz1=0.9970089730807579
req1=1.0
rhos1=1.0
cex2=4.0
cey2=0.0
cez2=0.0
oriw2=-0.07333985370984754
orii2=-0.6405994648681701
orij2=-0.7498629442780433
orik2=-0.14818622158316908
lvx2=5.222276103860827
lvy2=1.0442067815573701
lvz2=-1.7920987506335302
avx2=-3.808798803053635
avy2=-4.977320558830468
avz2=0.4446901582654994
shx2=1.0060089999999997
shy2=0.9970089730807579
shz2=0.9970089730807579
req2=1.0
rhos2=1.0
rhof=1.0
ndiv=2
tend=100.0
dt=0.05
tprint=1
logevery=100
nbody=2
impulse_scheme=1
energy_projection=0
impulse_pair_metric_correction=0
