cex1=-4.0
cey1=0.0
cez1=0.0
oriw1=-0.41108570224081087
orii1=0.8777432750155781
orij1=-0.1740333856445839
orik1=-0.1740335291235285
lvx1=5.606453075675809
lvy1=-2.170195583504291
lvz1=0.41055756144862915
avx1=5.271460097233849
avy1=1.792368453511427
avz1=2.911621777375246
shx1=2.0
shy1=1.0
shz1=0.5
req1=1.0
rhos1=1.0
cex2=4.0
cey2=0.0
cez2=0.0
oriw2=0.7282523752323589
orii2=-0.1173323956213893
orij2=-0.2735713977130045
orik2=0.6172845998885171
lvx2=8.197680470284993
lvy2=-3.1732308665487894
lvz2=0.600311758251818
avx2=-0.9382511836449835
avy2=0.12421555045815429
avz2=6.21149521595007
shx2=2.0
shy2=1.0
shz2=0.5
req2=1.0
rhos2=1.0
rhof=1.0
ndiv=2
tend=100.0
dt=0.05
tprint=1
logevery=100
nbody=2
impulse_scheme=1
energy_projection=0
impulse_pair_metric_correction=0
