cex1=-4.0
cey1=0.0
cez1=0.0
oriw1=0.6395978817098816
orii1=-0.5591572384750079
orij1=0.49888482122636646
orik1=-0.1713816429002005
lvx1=0.07393805984004087
lvy1=3.8406526700667634
lvz1=4.223299888468319
avx1=-0.9487577763644572
avy1=-3.4698949784711735
avz1=-5.151514837843907
shx1=1.0609
shy1=0.970873786407767
shz1=0.970873786407767
req1=1.0
rhos1=1.0
cex2=4.0
cey2=0.0
cez2=0.0
oriw2=0.4471972288237233
orii2=-0.7881194740846605
orij2=0.2535162866443306
orik2=-0.33854368330685186
lvx2=0.0707877423495938
lvy2=3.6770119780142614
lvz2=4.043355546747307
avx2=6.168594812461877
avy2=0.4297553872726018
avz2=1.1145249890137212
shx2=1.0609
shy2=0.970873786407767
shz2=0.970873786407767
req2=1.0
rhos2=1.0
rhof=1.0
ndiv=2
tend=100.0
dt=0.05
tprint=1
logevery=100
nbody=2
impulse_scheme=1
energy_projection=0
impulse_pair_metric_correction=0
