cex1=-4.0
cey1=0.0
cez1=0.0
oriw1=0.40578992832259775
orii1=0.285038126372699
orij1=0.13597801537018167
orik1=-0.8576699714469832
lvx1=0.46172945970896273
lvy1=-4.167568318312733
lvz1=-3.74177956348564
avx1=-2.5112319863519534
avy1=-2.6515485724128345
avz1=5.112868244265219
shx1=1.0
shy1=1.0
shz1=1.0
req1=1.0
rhos1=1.0
cex2=4.0
cey2=0.0
cez2=0.0
oriw2=-0.0042825416415328875
orii2=0.5467601560037705
orij2=-0.7388944834101788
orik2=-0.3937891999913481
lvx2=0.6654484665897045
lvy2=-6.006335286851978
lvz2=-5.392684873102282
avx2=-4.27805611925057
avy2=-4.500844534680176
avz2=-0.9586719561663297
shx2=2.0
shy2=2.0
shz2=0.25
req2=1.0
rhos2=1.0
rhof=1.0
ndiv=2
tend=100.0
dt=0.05
tprint=1
logevery=100
nbody=2
impulse_scheme=1
energy_projection=0
impulse_pair_metric_correction=0
