cex1=-5.5
cey1=0.0
cez1=0.0
oriw1=1.0
orii1=1.0
orij1=1.0
orik1=0.0
lvx1=0.48380486616010643
lvy1=-0.4961221160024484
lvz1=0.35960842681713556
avx1=1.9788618475566204
avy1=5.295752357191096
avz1=-2.7418115113820627
shx1=1.0
shy1=0.7
shz1=0.7
req1=1.0
rhos1=10.0
cex2=5.5
cey2=0.0
cez2=0.0
oriw2=1.0
orii2=-1.0
orij2=0.0
orik2=1.0
lvx2=0.4814479320505894
lvy2=-0.49370517640658873
lvz2=0.35785653586580607
avx2=2.2358176261962717
avy2=1.863459548386608
avz2=5.568397943598704
shx2=1.0
shy2=0.7
shz2=0.7
req2=1.0
rhos2=10.0
rhof=1.0
ndiv=2
tend=100.0
dt=0.05
tprint=1
logevery=100
nbody=2
impulse_scheme=1
energy_projection=0
impulse_pair_metric_correction=0
