cex1=-1.5
cey1=0.0
cez1=0.0
oriw1=0.17903581048800496
orii1=0.004669741848464244
orij1=-0.4604490392932628
orik1=-0.8694314546230101
lvx1=-4.834626654729235
lvy1=-0.7492563380958009
lvz1=-6.4281577478409115
avx1=5.984287596694286
avy1=0.08676465453350929
avz1=1.9129013197580371
shx1=1.0
shy1=0.7
shz1=0.7
req1=1.0
rhos1=0.3
cex2=1.5
cey2=0.0
cez2=0.0
oriw2=0.6368249686130063
orii2=0.35282471427814843
orij2=0.36261639104102755
orik2=0.5817886500216097
lvx2=-5.819337354770941
lvy2=-0.9018639303439602
lvz2=-7.737436864494738
avx2=-0.34132821973487665
avy2=4.543055298731967
avz2=4.326957499610258
shx2=1.0
shy2=0.7
shz2=0.7
req2=1.0
rhos2=0.3
rhof=1.0
ndiv=2
tend=100.0
dt=0.05
tprint=1
logevery=100
nbody=2
impulse_scheme=1
energy_projection=0
impulse_pair_metric_correction=0
