cex1=-4.0
cey1=0.0
cez1=0.0
oriw1=-0.4301748588183533
orii1=-0.18318800733377866
orij1=-0.8292497116401952
orik1=-0.30616443384943065
lvx1=0.6066889489864488
lvy1=-1.5310879633424712
lvz1=2.3902857296701687
avx1=-6.190783743762064
avy1=0.8505855577950818
avz1=0.655071332909039
shx1=1.0
shy1=0.7
shz1=0.7
req1=1.0
rhos1=10.0
cex2=4.0
cey2=0.0
cez2=0.0
oriw2=0.653647746422129
orii2=0.3868788970809519
orij2=0.2693089794292554
orik2=0.5920658883852973
lvx2=0.6505087668001559
lvy2=-1.6416751031321655
lvz2=2.5629308476863044
avx2=5.176780902582066
avy2=1.026716317092113
avz2=3.4095763219549524
shx2=1.0
shy2=0.7
shz2=0.7
req2=1.0
rhos2=10.0
rhof=1.0
ndiv=2
tend=100.0
dt=0.05
tprint=1
logevery=100
nbody=2
impulse_scheme=1
energy_projection=0
impulse_pair_metric_correction=0
