cex1=-4.0
cey1=0.0
cez1=0.0
oriw1=-0.2521773773179377
orii1=-0.18147309477606946
orij1=-0.8801178774689467
orik1=0.35897995487352524
lvx1=-4.245776018116493
lvy1=-3.871842656890624
lvz1=0.24886714618621972
avx1=1.9032150787315094
avy1=-4.876300339138601
avz1=-3.4753251604653066
shx1=1.0
shy1=0.8
shz1=0.6
req1=1.0
rhos1=4.0
cex2=4.0
cey2=0.0
cez2=0.0
oriw2=0.3279833077043522
orii2=0.32807015127003847
orij2=-0.22889484035039576
orik2=0.8558060982336672
lvx2=-4.179237467408749
lvy2=-3.8111642796378797
lvz2=0.2449669736016684
avx2=1.0624021949406606
avy2=5.972574457501293
avz2=-1.6364820592190576
shx2=1.0
shy2=0.8
shz2=0.6
req2=1.0
rhos2=4.0
rhof=1.0
ndiv=2
tend=100.0
dt=0.05
tprint=1
logevery=100
nbody=2
impulse_scheme=1
energy_projection=0
impulse_pair_metric_correction=0
