cex1=-4.0
cey1=0.0
cez1=0.0
oriw1=0.6925859916008864
orii1=0.5688785887511818
orij1=0.40402427819905595
orik1=-0.18293763452174738
lvx1=0.17890587065413724
lvy1=-2.624928553342798
lvz1=-2.191443677388232
avx1=2.8588634196775025
avy1=2.2752528008176203
avz1=5.111608576990111
shx1=1.0
shy1=0.7
shz1=0.7
req1=1.0
rhos1=0.03
cex2=4.0
cey2=0.0
cez2=0.0
oriw2=0.88974019648928
orii2=-0.1991257505194066
orij2=-0.40694621722994795
orik2=0.05573234710234643
lvx2=0.18410864975473595
lvy2=-2.7012643570140953
lvz2=-2.255173265037686
avx2=-1.3599523045971513
avy2=4.565379636923721
avz2=-4.097103379747766
shx2=1.0
shy2=0.7
shz2=0.7
req2=1.0
rhos2=0.03
rhof=1.0
ndiv=2
tend=100.0
dt=0.05
tprint=1
logevery=100
nbody=2
impulse_scheme=1
energy_projection=0
impulse_pair_metric_correction=0
