cex1=-4.0
cey1=0.0
cez1=0.0
oriw1=-0.11825747806738182
orii1=0.949298273176064
orij1=0.2535955103186436
orik1=0.1433083199689134
lvx1=5.57323485602
lvy1=-2.2177869032665662
lvz1=-0.3697648845419931
avx1=-0.4626958812182363
avy1=3.1125481998761417
avz1=5.438416481781154
shx1=1.2100000000000002
shy1=0.9090909090909091
shz1=0.9090909090909091
req1=1.0
rhos1=1.0
cex2=4.0
cey2=0.0
cez2=0.0
oriw2=-0.3772003911085612
orii2=0.2157798549484382
orij2=-0.8929103987345736
orik2=-0.11777070509105494
lvx2=5.536576806533747
lvy2=-2.203199371222749
lvz2=-0.367332749563655
avx2=1.4389895345170887
avy2=6.078726215225084
avz2=0.6758804067607374
shx2=1.2100000000000002
shy2=0.9090909090909091
shz2=0.9090909090909091
req2=1.0
rhos2=1.0
rhof=1.0
ndiv=2
tend=100.0
dt=0.05
tprint=1
logevery=100
nbody=2
impulse_scheme=1
energy_projection=0
impulse_pair_metric_correction=0
