cex1=-4.0
cey1=0.0
cez1=0.0
oriw1=-0.8307964236618781
orii1=0.22607189036114736
orij1=-0.010004450721161297
orik1=-0.5084965228838231
lvx1=-2.4556080000534255
lvy1=0.48868638785610957
lvz1=5.031292979730331
avx1=-2.0507321303227948
avy1=5.660895863988199
avz1=1.7964335086778123
shx1=1.0
shy1=1.0
shz1=1.0
req1=1.0
rhos1=1.0
cex2=4.0
cey2=0.0
cez2=0.0
oriw2=0.334189844480762
orii2=-0.17960241337633148
orij2=-0.8214307272739713
orik2=-0.4258070939351247
lvx2=-2.4556080000534255
lvy2=0.48868638785610957
lvz2=5.031292979730331
avx2=4.957192309719714
avy2=-1.88420576811375
avz2=3.3696336050407676
shx2=1.0
shy2=1.0
shz2=1.0
req2=1.0
rhos2=1.0
rhof=1.0
ndiv=2
tend=100.0
dt=0.05
tprint=1
logevery=100
nbody=2
impulse_scheme=1
energy_projection=0
impulse_pair_metric_correction=0
