cex1=-4.0
cey1=0.0
cez1=0.0
oriw1=1.0
orii1=2.0
orij1=0.0
orik1=0.0
lvx1=0.5678955730546149
lvy1=-0.44052838845152664
lvz1=0.10607339312466768
avx1=-4.341776075536193
avy1=-0.04608866780929594
avz1=4.54150569183377
shx1=1.0
shy1=0.7
shz1=0.7
req1=1.0
rhos1=1.0
cex2=4.0
cey2=0.0
cez2=0.0
oriw2=1.0
orii2=0.0
orij2=1.0
orik2=0.0
lvx2=0.6111131896511653
lvy2=-0.47405319106548083
lvz2=0.11414572094807228
avx2=-1.8990793333292075
avy2=-0.1696482575140534
avz2=-5.986913625466945
shx2=1.0
shy2=0.7
shz2=0.7
req2=1.0
rhos2=1.0
rhof=1.0
ndiv=2
tend=100.0
dt=0.05
tprint=1
logevery=100
nbody=2
impulse_scheme=1
energy_projection=0
impulse_pair_metric_correction=0
