cex1=-4.0
cey1=0.0
cez1=0.0
oriw1=-0.550719958536135
orii1=0.8149132926947208
orij1=-0.18032213046283874
orik1=0.010381807393174328
lvx1=0.27278517148160863
lvy1=4.795060004694549
lvz1=2.9185288424946356
avx1=2.3148807473755064
avy1=-5.12001261984061
avz1=-2.8116215076820956
shx1=1.001
shy1=1.0
shz1=0.9990009990009991
req1=1.0
rhos1=1.0
cex2=4.0
cey2=0.0
cez2=0.0
oriw2=0.12937082794893412
orii2=-0.45889576386084113
orij2=-0.263405206948172
orik2=-0.838627189959265
lvx2=0.2728872942095907
lvy2=4.796855133828062
lvz2=2.919621453670936
avx2=-1.2843547900355834
avy2=2.007287968123298
avz2=-5.813746244092317
shx2=1.001
shy2=1.0
shz2=0.9990009990009991
req2=1.0
rhos2=1.0
rhof=1.0
ndiv=2
tend=100.0
dt=0.05
tprint=1
logevery=100
nbody=2
impulse_scheme=1
energy_projection=0
impulse_pair_metric_correction=0
