cex1=-4.0
cey1=0.0
cez1=0.0
oriw1=0.18768978496440733
orii1=-0.5107300880579683
orij1=-0.8072221981674857
orik1=0.2287348783154128
lvx1=7.2002977276555615
lvy1=5.263967430828229
lvz1=2.6666891052241475
avx1=-4.470798114110208
avy1=-2.279641954807748
avz1=3.780689670563608
shx1=2.0
shy1=2.0
shz1=0.25
req1=1.0
rhos1=1.0
cex2=4.0
cey2=0.0
cez2=0.0
oriw2=-0.5553580751124131
orii2=0.7573237696401496
orij2=-0.34331697669380834
orik2=0.013098467822302996
lvx2=8.584674636979582
lvy2=6.2760526581768845
lvz2=3.1794044069038003
avx2=0.844246301191309
avy2=1.1308836967137337
avz2=6.122643861257104
shx2=2.0
shy2=2.0
shz2=0.25
req2=1.0
rhos2=1.0
rhof=1.0
ndiv=2
tend=100.0
dt=0.05
tprint=1
logevery=100
nbody=2
impulse_scheme=1
energy_projection=0
impulse_pair_metric_correction=0
