cex1=-4.0
cey1=0.0
cez1=0.0
oriw1=0.867733583767988
orii1=0.34168636667560787
orij1=0.16393160684120642
orik1=0.32158246641825217
lvx1=-0.6990718358670595
lvy1=-3.7431329392682224
lvz1=-4.133629475189874
avx1=0.7665867456540415
avy1=5.78734582597704
avz1=2.3232284985104497
shx1=1.001
shy1=1.0
shz1=0.9990009990009991
req1=1.0
rhos1=1.0
cex2=4.0
cey2=0.0
cez2=0.0
oriw2=0.1356879578104118
orii2=0.3433070994412516
orij2=-0.4186543554221673
orik2=0.8297334175893629
lvx2=-0.6990286310191852
lvy2=-3.7429016018277528
lvz2=-4.133374003829878
avx2=0.62193743102788
avy2=1.4959790213533217
avz2=-6.07072139073394
shx2=1.0
shy2=1.0
shz2=1.0
req2=1.0
rhos2=1.0
rhof=1.0
ndiv=2
tend=100.0
dt=0.05
tprint=1
logevery=100
nbody=2
impulse_scheme=1
energy_projection=0
impulse_pair_metric_correction=0
