cex1=-4.0
cey1=0.0
cez1=0.0
oriw1=-0.8118913809815766
orii1=0.012600216094933586
orij1=-0.5484853904319683
orik1=-0.19959307734708764
lvx1=-4.136982474089189
lvy1=-2.331678222633809
lvz1=3.003120347313223
avx1=2.37753966507982
avy1=5.098987530364556
avz1=-2.7975076247467734
shx1=1.001
shy1=1.001
shz1=0.9980029960049943
req1=1.0
rhos1=1.0
cex2=4.0
cey2=0.0
cez2=0.0
oriw2=0.6227673954102318
orii2=0.40745159593570424
orij2=-0.6641962626609168
orik2=0.07062076784256832
lvx2=-7.693748758840373
lvy2=-4.336336096118845
lvz2=5.585049873791477
avx2=-3.254052594991078
avy2=-0.5422596638404849
avz2=-5.347477327708915
shx2=2.0
shy2=2.0
shz2=0.25
req2=1.0
rhos2=1.0
rhof=1.0
ndiv=2
tend=100.0
dt=0.05
tprint=1
logevery=100
nbody=2
impulse_scheme=1
energy_projection=0
impulse_pair_metric_correction=0
