cex1=-2.5
cey1=0.0
cez1=0.0
oriw1=1.0
orii1=2.0
orij1=0.0
orik1=0.0
lvx1=-0.7167805378208427
lvy1=0.5967481208191536
lvz1=3.1189058345100107
avx1=3.9543612565837964
avy1=-4.633479878428914
avz1=1.540230136369505
shx1=1.0
shy1=0.8
shz1=0.6
req1=1.0
rhos1=10.0
cex2=2.5
cey2=0.0
cez2=0.0
oriw2=1.0
orii2=0.0
orij2=1.0
orik2=0.0
lvx2=-0.8015196537982491
lvy2=0.6672967832774427
lvz2=3.4876286294071184
avx2=2.23240966704267
avy2=1.4971612320022132
avz2=-5.679196503753104
shx2=1.0
shy2=0.8
shz2=0.6
req2=1.0
rhos2=10.0
rhof=1.0
ndiv=2
tend=100.0
dt=0.05
tprint=1
logevery=100
nbody=2
impulse_scheme=1
energy_projection=0
impulse_pair_metric_correction=0
