cex1=-4.0
cey1=0.0
cez1=0.0
oriw1=-0.07020818305478868
orii1=-0.2927249211031762
orij1=0.9524897970387107
orik1=-0.04632621433314015
lvx1=10.418900864942977
lvy1=9.069384949475861
lvz1=6.349013844837009
avx1=-2.0115736172547383
avy1=-5.877377981945836
avz1=-0.9425588809514303
shx1=4.0
shy1=0.5
shz1=0.5
req1=1.0
rhos1=1.0
cex2=4.0
cey2=0.0
cez2=0.0
oriw2=0.3708699887363977
orii2=-0.025891877824358516
orij2=0.4758672097022313
orik2=-0.7970793315897767
lvx2=10.60717595158447
lvy2=9.23327356491447
lvz2=6.463743905830949
avx2=1.6457837789157685
avy2=-3.099944691251857
avz2=-5.211540680892225
shx2=4.0
shy2=0.5
shz2=0.5
req2=1.0
rhos2=1.0
rhof=1.0
ndiv=2
tend=100.0
dt=0.05
tprint=1
logevery=100
nbody=2
impulse_scheme=1
energy_projection=0
impulse_pair_metric_correction=0
