cex1=-4.0
cey1=0.0
cez1=0.0
oriw1=1.0
orii1=2.0
orij1=0.0
orik1=0.0
lvx1=-3.422143586134746
lvy1=0.008289014121687527
lvz1=0.27078303096574996
avx1=-2.761654158786141
avy1=-2.293732332719861
avz1=5.1565953784888094
shx1=1.0
shy1=0.7
shz1=0.7
req1=1.0
rhos1=4.0
cex2=4.0
cey2=0.0
cez2=0.0
oriw2=1.0
orii2=0.0
orij2=1.0
orik2=0.0
lvx2=-3.3640943496886697
lvy2=0.008148408992608715
lvz2=0.2661897847168776
avx2=3.3540940929668857
avy2=4.580738667833107
avz2=2.6917101769879763
shx2=1.0
shy2=0.7
shz2=0.7
req2=1.0
rhos2=4.0
rhof=1.0
ndiv=2
tend=100.0
dt=0.05
tprint=1
logevery=100
nbody=2
impulse_scheme=1
energy_projection=0
impulse_pair_metric_correction=0
