cex1=-4.0
cey1=0.0
cez1=0.0
oriw1=-0.23907758028276563
orii1=0.6655134435324999
orij1=-0.40739288567824683
orik1=-0.5778968798863712
lvx1=2.653089211735112
lvy1=4.929811593716821
lvz1=-0.4895771954746906
avx1=-4.2226999994877294
avy1=2.0961127361589384
avz1=-4.153737319089407
shx1=1.01
shy1=1.0
shz1=0.9900990099009901
req1=1.0
rhos1=1.0
cex2=4.0
cey2=0.0
cez2=0.0
oriw2=0.5570179069690866
orii2=0.298602183066993
orij2=0.42994480779012045
orik2=0.6447598388839991
lvx2=2.6586345980820125
lvy2=4.940115698751687
lvz2=-0.49060049114206983
avx2=1.3625316628910085
avy2=-4.460499798970166
avz2=-4.210209806573066
shx2=1.01
shy2=1.0
shz2=0.9900990099009901
req2=1.0
rhos2=1.0
rhof=1.0
ndiv=2
tend=100.0
dt=0.05
tprint=1
logevery=100
nbody=2
impulse_scheme=1
energy_projection=0
impulse_pair_metric_correction=0
