cex1=-4.0
cey1=0.0
cez1=0.0
oriw1=-0.21233919166102694
orii1=-0.15961189056894726
orij1=0.30179061259740214
orik1=-0.9156192102734809
lvx1=2.9671283665826516
lvy1=-2.292907725872817
lvz1=-4.185616092620697
avx1=5.698102210538985
avy1=1.5826381164553367
avz1=-2.12257046878328
shx1=1.0001
shy1=1.0001
shz1=0.9998000299960006
req1=1.0
rhos1=1.0
cex2=4.0
cey2=0.0
cez2=0.0
oriw2=0.40438511645139935
orii2=-0.6177012461582823
orij2=-0.5529004031002066
orik2=-0.3862887421848097
lvx2=2.967225862218672
lvy2=-2.292983067573428
lvz2=-4.18575362603775
avx2=4.981289473807129
avy2=3.6853661765375
avz2=-1.0407924516103604
shx2=1.0
shy2=1.0
shz2=1.0
req2=1.0
rhos2=1.0
rhof=1.0
ndiv=2
tend=100.0
dt=0.05
tprint=1
logevery=100
nbody=2
impulse_scheme=1
energy_projection=0
impulse_pair_metric_correction=0
