cex1=-4.0
cey1=0.0
cez1=0.0
oriw1=-0.21274117157382585
orii1=-0.732588372034946
orij1=0.49892893162409907
orik1=0.4112485772194458
lvx1=-3.000286653213416
lvy1=-0.5684371228865054
lvz1=4.717827182015032
avx1=-0.8388415476714216
avy1=-2.9000170070386284
avz1=-5.510414124287244
shx1=1.0
shy1=1.0
shz1=1.0
req1=1.0
rhos1=1.0
cex2=4.0
cey2=0.0
cez2=0.0
oriw2=-0.1911179846542934
orii2=-0.4309135329613252
orij2=0.5491600884126481
orik2=-0.6900801695071977
lvx2=-5.952102810209811
lvy2=-1.1276909801057202
lvz2=9.359436505201977
avx2=-0.9486155863675759
avy2=-0.6250699863115532
avz2=6.179630537974775
shx2=2.0
shy2=2.0
shz2=0.25
req2=1.0
rhos2=1.0
rhof=1.0
ndiv=2
tend=100.0
dt=0.05
tprint=1
logevery=100
nbody=2
impulse_scheme=1
energy_projection=0
impulse_pair_metric_correction=0
