cex1=-2.5
cey1=0.0
cez1=0.0
oriw1=0.008087168556995785
orii1=0.8129079836646119
orij1=0.1293044662654217
orik1=0.5677988753096296
lvx1=0.8215551570895749
lvy1=0.042092873846957285
lvz1=3.069085547432588
avx1=4.802027401552949
avy1=-2.2209076235509775
avz1=-3.389176856811285
shx1=1.0
shy1=0.7
shz1=0.7
req1=1.0
rhos1=10.0
cex2=2.5
cey2=0.0
cez2=0.0
oriw2=-0.4184045568622505
orii2=0.45576037545235026
orij2=0.562574779922597
orik2=-0.5483882967017787
lvx2=0.8681233063210794
lvy2=0.044478821052050754
lvz2=3.243050292883649
avx2=-3.5073694620259057
avy2=-3.4446195257256673
avz2=-3.9129750042895775
shx2=1.0
shy2=0.7
shz2=0.7
req2=1.0
rhos2=10.0
rhof=1.0
ndiv=2
tend=100.0
dt=0.05
tprint=1
logevery=100
nbody=2
impulse_scheme=1
energy_projection=0
impulse_pair_metric_correction=0
