cex1=-4.0
cey1=0.0
cez1=0.0
oriw1=0.49453573261422984
orii1=-0.6766721272844876
orij1=0.3202161153691281
orik1=0.44160036320399293
lvx1=0.020559607896582646
lvy1=-2.7498314774651598
lvz1=-4.898538129626961
avx1=2.3151655010293997
avy1=-4.748077338765977
avz1=-3.4020858149520152
shx1=1.01
shy1=1.01
shz1=0.9802960494069208
req1=1.0
rhos1=1.0
cex2=4.0
cey2=0.0
cez2=0.0
oriw2=0.8502569720407444
orii2=0.11030919493530097
orij2=0.20311685363465312
orik2=0.47290433152847045
lvx2=0.02056777027552254
lvy2=-2.750923189264958
lvz2=-4.900482900396261
avx2=-1.4309753962947336
avy2=-3.615471215136978
avz2=-4.935493380815387
shx2=1.0
shy2=1.0
shz2=1.0
req2=1.0
rhos2=1.0
rhof=1.0
ndiv=2
tend=100.0
dt=0.05
tprint=1
logevery=100
nbody=2
impulse_scheme=1
energy_projection=0
impulse_pair_metric_correction=0
