cex1=-2.5
cey1=0.0
cez1=0.0
oriw1=1.0
orii1=1.0
orij1=1.0
orik1=0.0
lvx1=-0.31074142488169904
lvy1=-0.033511313426426256
lvz1=0.6077862686281114
avx1=5.638937711011191
avy1=-2.2694495379478408
avz1=1.59072244291757
shx1=1.0
shy1=0.8
shz1=0.6
req1=1.0
rhos1=0.03
cex2=2.5
cey2=0.0
cez2=0.0
oriw2=1.0
orii2=-1.0
orij2=0.0
orik2=1.0
lvx2=-0.34734451555754464
lvy2=-0.0374587035900684
lvz2=0.6793790918591889
avx2=4.094237225874198
avy2=1.1173495384194538
avz2=-4.63326765378574
shx2=1.0
shy2=0.8
shz2=0.6
req2=1.0
rhos2=0.03
rhof=1.0
ndiv=2
tend=100.0
dt=0.05
tprint=1
logevery=100
nbody=2
impulse_scheme=1
energy_projection=0
impulse_pair_metric_correction=0
