cex1=-4.0
cey1=0.0
cez1=0.0
oriw1=0.10566801812788379
orii1=-0.14015616474213047
orij1=0.9843938491972379
orik1=-0.012620185907796946
lvx1=-2.9969444864738435
lvy1=2.609207969237917
lvz1=-3.97429816104841
avx1=2.241059254480043
avy1=-3.6361116725747897
avz1=4.608119239649962
shx1=1.00020001
shy1=0.9999000099990001
shz1=0.9999000099990001
req1=1.0
rhos1=1.0
cex2=4.0
cey2=0.0
cez2=0.0
oriw2=0.6874819777124126
orii2=0.286144401806729
orij2=-0.6590562856239818
orik2=0.10552120173130936
lvx2=-2.996997838603992
lvy2=2.6092544188147397
lvz2=-3.9743689121996884
avx2=-0.5804348686699603
avy2=6.082576952433298
avz2=-1.4641620761776266
shx2=1.00020001
shy2=0.9999000099990001
shz2=0.9999000099990001
req2=1.0
rhos2=1.0
rhof=1.0
ndiv=2
tend=100.0
dt=0.05
tprint=1
logevery=100
nbody=2
impulse_scheme=1
energy_projection=0
impulse_pair_metric_correction=0
