cex1=-4.0
cey1=0.0
cez1=0.0
oriw1=-0.013103225854605516
orii1=0.32412793340526497
orij1=-0.06619226936242946
orik1=-0.9436037154098572
lvx1=5.016863228647143
lvy1=0.6311996240958705
lvz1=-2.4512222512051647
avx1=-1.4433699735956145
avy1=-5.8187997976264025
avz1=1.8806035304717912
shx1=1.0003
shy1=1.0003
shz1=0.9994002698920407
req1=1.0
rhos1=1.0
cex2=4.0
cey2=0.0
cez2=0.0
oriw2=-0.4523866127820455
orii2=-0.05708575575406805
orij2=0.48533615421240517
orik2=-0.7460136637353816
lvx2=5.018485052578729
lvy2=0.631403674836206
lvz2=-2.4520146688429314
avx2=-2.7511183220622963
avy2=0.033914399330151966
avz2=5.648771140335626
shx2=1.0003
shy2=1.0003
shz2=0.9994002698920407
req2=1.0
rhos2=1.0
rhof=1.0
ndiv=2
tend=100.0
dt=0.05
tprint=1
logevery=100
nbody=2
impulse_scheme=1
energy_projection=0
impulse_pair_metric_correction=0
