cex1=-4.0
cey1=0.0
cez1=0.0
oriw1=-0.9712073919183444
orii1=0.08248040869102741
orij1=-0.1977332918076052
orik1=0.10418603253918836
lvx1=0.1724875137081122
lvy1=-0.8278830048020122
lvz1=5.6072681729032965
avx1=-3.967164620992504
avy1=-4.339379169310703
avz1=2.215809310219449
shx1=1.2100000000000002
shy1=0.9090909090909091
shz1=0.9090909090909091
req1=1.0
rhos1=1.0
cex2=4.0
cey2=0.0
cez2=0.0
oriw2=0.1883139425814614
orii2=0.5246797145091144
orij2=-0.7153406698902459
orik2=0.4213511388533733
lvx2=0.4158609207995972
lvy2=-1.9959948479164042
lvz2=13.518913082020799
avx2=3.325986374060155
avy2=-2.7951491024240305
avz2=-4.539093933720886
shx2=4.0
shy2=0.5
shz2=0.5
req2=1.0
rhos2=1.0
rhof=1.0
ndiv=2
tend=100.0
dt=0.05
tprint=1
logevery=100
nbody=2
impulse_scheme=1
energy_projection=0
impulse_pair_metric_correction=0
