cex1=-2.5
cey1=0.0
cez1=0.0
oriw1=0.390315683858646
orii1=0.05743045650560307
orij1=-0.8770352258301621
orik1=-0.27416167174233536
lvx1=0.44165957686565804
lvy1=-0.13707103640385096
lvz1=-1.2157291909081325
avx1=-1.7790320670052615
avy1=-4.501553866458583
avz1=-4.006179638545456
shx1=1.0
shy1=0.8
shz1=0.6
req1=1.0
rhos1=0.1
cex2=2.5
cey2=0.0
cez2=0.0
oriw2=0.5093939267538092
orii2=0.0806561942722805
orij2=0.4949730694711358
orik2=-0.6992954069705942
lvx2=0.4291049067606925
lvy2=-0.13317463806192276
lvz2=-1.181170721606626
avx2=1.8999643450953114
avy2=5.537606045283436
avz2=2.2811120925908774
shx2=1.0
shy2=0.8
shz2=0.6
req2=1.0
rhos2=0.1
rhof=1.0
ndiv=2
tend=100.0
dt=0.05
tprint=1
logevery=100
nbody=2
impulse_scheme=1
energy_projection=0
impulse_pair_metric_correction=0
