cex1=-4.0
cey1=0.0
cez1=0.0
oriw1=0.6478920861847773
orii1=0.1270291771171736
orij1=-0.7155322638973038
orik1=-0.22828274604549073
lvx1=-1.6806200842147512
lvy1=5.109002325996369
lvz1=2.6985180872864007
avx1=2.2833401891797527
avy1=-1.1415035712971833
avz1=-5.741231991615543
shx1=1.0
shy1=0.8
shz1=0.6
req1=1.0
rhos1=0.3
cex2=4.0
cey2=0.0
cez2=0.0
oriw2=0.058433297515845674
orii2=0.6205921042652494
orij2=-0.7802715393269375
orik2=0.05125733880554166
lvx2=-1.5305738526575534
lvy2=4.652869168221516
lvz2=2.457593637085362
avx2=4.563730206098757
avy2=1.6745991215654048
avz2=3.980766508142823
shx2=1.0
shy2=0.8
shz2=0.6
req2=1.0
rhos2=0.3
rhof=1.0
ndiv=2
tend=100.0
dt=0.05
tprint=1
logevery=100
nbody=2
impulse_scheme=1
energy_projection=0
impulse_pair_metric_correction=0
