cex1=-4.0
cey1=0.0
cez1=0.0
oriw1=0.5487575230372013
orii1=-0.3210603684684025
orij1=0.5737391439570994
orik1=-0.516341762208311
lvx1=4.0097647106848955
lvy1=1.7274129644742378
lvz1=3.489655532019166
avx1=4.402886169054148
avy1=-1.3021455160414765
avz1=4.289222312000416
shx1=1.0609
shy1=0.970873786407767
shz1=0.970873786407767
req1=1.0
rhos1=1.0
cex2=4.0
cey2=0.0
cez2=0.0
oriw2=0.17624825589653742
orii2=0.9100298954098218
orij2=0.11356185339854977
orik2=-0.3576113074365849
lvx2=4.031709033484823
lvy2=1.7368666133629598
lvz2=3.5087534424903524
avx2=-5.549174971231196
avy2=-0.9446251303167478
avz2=-2.7915512007113095
shx2=1.0
shy2=1.0
shz2=1.0
req2=1.0
rhos2=1.0
rhof=1.0
ndiv=2
tend=100.0
dt=0.05
tprint=1
logevery=100
nbody=2
impulse_scheme=1
energy_projection=0
impulse_pair_metric_correction=0
