cex1=-4.0
cey1=0.0
cez1=0.0
oriw1=0.5078913192690746
orii1=-0.4587733833264732
orij1=0.7280229757131244
orik1=0.0394453723028101
lvx1=-0.12767213644588887
lvy1=-0.625812958017859
lvz1=-0.22322619068853933
avx1=-5.626408053174612
avy1=1.283149174078876
avz1=-2.4850509492946014
shx1=1.0
shy1=0.7
shz1=0.7
req1=1.0
rhos1=0.03
cex2=4.0
cey2=0.0
cez2=0.0
oriw2=-0.2577758208568171
orii2=-0.7235158359680939
orij2=0.430363585148413
orik2=0.4741978973626823
lvx2=-0.14850621864227204
lvy2=-0.7279357779992709
lvz2=-0.25965318983381985
avx2=1.4549113474719217
avy2=0.39357171075035874
avz2=6.099733755161114
shx2=1.0
shy2=0.7
shz2=0.7
req2=1.0
rhos2=0.03
rhof=1.0
ndiv=2
tend=100.0
dt=0.05
tprint=1
logevery=100
nbody=2
impulse_scheme=1
energy_projection=0
impulse_pair_metric_correction=0
