cex1=-2.5
cey1=0.0
cez1=0.0
oriw1=0.9035854844820568
orii1=0.08312799039670918
orij1=-0.3804019213710445
orik1=0.17865438047567994
lvx1=7.30578000435917
lvy1=-2.0719655270804753
lvz1=3.9459163378531947
avx1=5.107318467110293
avy1=-0.4016522828809011
avz1=-3.6376353752854564
shx1=1.0
shy1=0.7
shz1=0.7
req1=1.0
rhos1=1.0
cex2=2.5
cey2=0.0
cez2=0.0
oriw2=0.2759671337800112
orii2=-0.3175824007538783
orij2=-0.8860959504373579
orik2=-0.19446728882556027
lvx2=8.171724243479986
lvy2=-2.317552803286672
lvz2=4.413620473315511
avx2=-1.9163520820210203
avy2=3.2636132551803483
avz2=5.0154601805519565
shx2=1.0
shy2=0.7
shz2=0.7
req2=1.0
rhos2=1.0
rhof=1.0
ndiv=2
tend=100.0
dt=0.05
tprint=1
logevery=100
nbody=2
impulse_scheme=1
energy_projection=0
impulse_pair_metric_correction=0
