cex1=-4.0
cey1=0.0
cez1=0.0
oriw1=-0.7290436879061207
orii1=0.4801722910923131
orij1=0.44368605769712616
orik1=-0.202663647940582
lvx1=2.097234766614373
lvy1=0.2631911957759652
lvz1=0.0875791208831004
avx1=-3.904976032925585
avy1=0.6366929714588264
avz1=4.881004184256465
shx1=1.0
shy1=0.8
shz1=0.6
req1=1.0
rhos1=1.0
cex2=4.0
cey2=0.0
cez2=0.0
oriw2=0.4577694103644188
orii2=-0.7235442360084412
orij2=0.21271556223561294
orik2=-0.4708322366367457
lvx2=2.062973606753192
lvy2=0.2588916124503023
lvz2=0.08614839776671723
avx2=-2.9975903965256094
avy2=-4.590431968326546
avz2=-3.0693327879492887
shx2=1.0
shy2=0.8
shz2=0.6
req2=1.0
rhos2=1.0
rhof=1.0
ndiv=2
tend=100.0
dt=0.05
tprint=1
logevery=100
nbody=2
impulse_scheme=1
energy_projection=0
impulse_pair_metric_correction=0
