cex1=-4.0
cey1=0.0
cez1=0.0
oriw1=0.489415548019466
orii1=0.04481508720942747
orij1=0.8152376361574964
orik1=-0.3063521273103135
lvx1=1.9831874004417371
lvy1=-0.7216396184810306
lvz1=5.208798485711373
avx1=3.8583617690542584
avy1=-2.5385575865680132
avz1=-4.25995157755765
shx1=1.001
shy1=1.0
shz1=0.9990009990009991
req1=1.0
rhos1=1.0
cex2=4.0
cey2=0.0
cez2=0.0
oriw2=-0.12517233183735862
orii2=0.7447357055009747
orij2=-0.6105509162933201
orik2=-0.23859630111917288
lvx2=1.8547864861169625
lvy2=-0.6749172629410011
lvz2=4.871556282604461
avx2=5.736462435904232
avy2=2.561592249248829
avz2=-0.09829279935702104
shx2=2.0
shy2=1.0
shz2=0.5
req2=1.0
rhos2=1.0
rhof=1.0
ndiv=2
tend=100.0
dt=0.05
tprint=1
logevery=100
nbody=2
impulse_scheme=1
energy_projection=0
impulse_pair_metric_correction=0
