cex1=-4.0
cey1=0.0
cez1=0.0
oriw1=-0.054131945808723145
orii1=-0.6512737177209196
orij1=0.26294471188417784
orik1=-0.7097692269611864
lvx1=3.193728537426433
lvy1=-3.5305059875366958
lvz1=2.986415339452865
avx1=-0.6294506943338404
avy1=-5.083609616266355
avz1=-3.6385605254226996
shx1=1.001
shy1=1.001
shz1=0.9980029960049943
req1=1.0
rhos1=1.0
cex2=4.0
cey2=0.0
cez2=0.0
oriw2=0.24160238387593078
orii2=0.06445998150695623
orij2=-0.5170467961338053
orik2=0.818618231837868
lvx2=3.1933304421901836
lvy2=-3.530065913310375
lvz2=2.9860430856103215
avx2=-0.1469819330392478
avy2=5.431672705585897
avz2=-3.154955710483218
shx2=1.001
shy2=1.001
shz2=0.9980029960049943
req2=1.0
rhos2=1.0
rhof=1.0
ndiv=2
tend=100.0
dt=0.05
tprint=1
logevery=100
nbody=2
impulse_scheme=1
energy_projection=0
impulse_pair_metric_correction=0
