cex1=-2.5
cey1=0.0
cez1=0.0
oriw1=-0.5361901057611456
orii1=0.12916270668849505
orij1=-0.619650455789901
orik1=0.5584357423411589
lvx1=1.7018530732112556
lvy1=-2.0525464095518453
lvz1=2.0511168336716077
avx1=-3.4504364168905197
avy1=4.523675360112702
avz1=2.6663209434841786
shx1=1.0
shy1=0.7
shz1=0.7
req1=1.0
rhos1=10.0
cex2=2.5
cey2=0.0
cez2=0.0
oriw2=-0.1387610328078279
orii2=-0.20028499138159286
orij2=0.600103834701513
orik2=-0.7619098933456104
lvx2=1.7577445468091868
lvy2=-2.119955191933704
lvz2=2.118478666581844
avx2=2.2360965923819967
avy2=4.595942289638102
avz2=-3.654531995237027
shx2=1.0
shy2=0.7
shz2=0.7
req2=1.0
rhos2=10.0
rhof=1.0
ndiv=2
tend=100.0
dt=0.05
tprint=1
logevery=100
nbody=2
impulse_scheme=1
energy_projection=0
impulse_pair_metric_correction=0
