cex1=-5.5
cey1=0.0
cez1=0.0
oriw1=-0.871260380477712
orii1=-0.013961399802169741
orij1=0.0630676704758534
orik1=0.48655205031542675
lvx1=0.07049809484116215
lvy1=-0.9636888190708575
lvz1=-0.7771218119761806
avx1=3.503944129859
avy1=3.219574438482783
avz1=4.1030639251969205
shx1=1.0
shy1=0.7
shz1=0.7
req1=1.0
rhos1=1.0
cex2=5.5
cey2=0.0
cez2=0.0
oriw2=-0.38374833732023855
orii2=0.6869214491441261
orij2=0.22803267315599224
orik2=0.5734781916368037
lvx2=0.0738530697107441
lvy2=-1.0095503672072201
lvz2=-0.8141047142185512
avx2=-1.4949675171298726
avy2=2.2779712077009955
avz2=5.661654961578747
shx2=1.0
shy2=0.7
shz2=0.7
req2=1.0
rhos2=1.0
rhof=1.0
ndiv=2
tend=100.0
dt=0.05
tprint=1
logevery=100
nbody=2
impulse_scheme=1
energy_projection=0
impulse_pair_metric_correction=0
