cex1=-1.5
cey1=0.0
cez1=0.0
oriw1=0.7986889791688301
orii1=-0.002939547989407158
orij1=0.282355802081557
orik1=-0.531377901914213
lvx1=0.10398746518783393
lvy1=1.8781744298336833
lvz1=-1.1376249854431788
avx1=2.910416700292036
avy1=0.5067183642584036
avz1=5.5453700268189445
shx1=1.0
shy1=0.8
shz1=0.6
req1=1.0
rhos1=0.1
cex2=1.5
cey2=0.0
cez2=0.0
oriw2=-0.8394822008322336
orii2=-0.19260900124202457
orij2=-0.40958596131793495
orik2=0.3006837997260285
lvx2=0.10113647442527511
lvy2=1.8266811278260056
lvz2=-1.106435088479193
avx2=-1.5276018398208162
avy2=5.072323929320672
avz2=3.3788134277249458
shx2=1.0
shy2=0.8
shz2=0.6
req2=1.0
rhos2=0.1
rhof=1.0
ndiv=2
tend=100.0
dt=0.05
tprint=1
logevery=100
nbody=2
impulse_scheme=1
energy_projection=0
impulse_pair_metric_correction=0
