cex1=-4.0
cey1=0.0
cez1=0.0
oriw1=0.4817738579763834
orii1=-0.10671329132036518
orij1=0.4160808940940195
orik1=0.763795072513595
lvx1=1.0955074566754741
lvy1=3.983294699427525
lvz1=-3.809981736618559
avx1=0.8974987657397976
avy1=5.582845017389258
avz1=-2.7394808051280286
shx1=1.0
shy1=1.0
shz1=1.0
req1=1.0
rhos1=1.0
cex2=4.0
cey2=0.0
cez2=0.0
oriw2=0.8416442060267779
orii2=0.2885927241811174
orij2=-0.28955877785449846
orik2=0.3528526380497745
lvx2=1.095507456675474
lvy2=3.9832946994275247
lvz2=-3.8099817366185587
avx2=-1.580311253049678
avy2=5.888461480015269
avz2=1.518899386469815
shx2=1.0
shy2=1.0
shz2=1.0
req2=1.0
rhos2=1.0
rhof=1.0
ndiv=2
tend=100.0
dt=0.05
tprint=1
logevery=100
nbody=2
impulse_scheme=1
energy_projection=0
impulse_pair_metric_correction=0
