cex1=-1.5
cey1=0.0
cez1=0.0
oriw1=-0.1843423553117026
orii1=-0.6597847879245452
orij1=0.6648057620618714
orik1=-0.2978845890455416
lvx1=0.4109310712585865
lvy1=5.000818994655984
lvz1=3.064627674113559
avx1=1.9634358504264346
avy1=3.7787684917079427
avz1=4.6199833280752145
shx1=1.0
shy1=0.8
shz1=0.6
req1=1.0
rhos1=0.03
cex2=1.5
cey2=0.0
cez2=0.0
oriw2=0.6394447153973973
orii2=0.550687235896388
orij2=0.28383827390931454
orik2=0.4552909601950367
lvx2=0.3798976530634075
lvy2=4.623158316177145
lvz2=2.833187710394102
avx2=-4.829063321238955
avy2=0.19617384821229464
avz2=4.014982050408147
shx2=1.0
shy2=0.8
shz2=0.6
req2=1.0
rhos2=0.03
rhof=1.0
ndiv=2
tend=100.0
dt=0.05
tprint=1
logevery=100
nbody=2
impulse_scheme=1
energy_projection=0
impulse_pair_metric_correction=0
