cex1=-4.0
cey1=0.0
cez1=0.0
oriw1=0.05252570243978707
orii1=0.27088908701395975
orij1=-0.2796076511584322
orik1=-0.9196084571890445
lvx1=-0.5828099099469679
lvy1=-0.328010014948196
lvz1=5.580163047758694
avx1=-1.3168091067156684
avy1=3.8218838482638775
avz1=-4.81015958479631
shx1=1.00020001
shy1=0.9999000099990001
shz1=0.9999000099990001
req1=1.0
rhos1=1.0
cex2=4.0
cey2=0.0
cez2=0.0
oriw2=-0.40788304925077823
orii2=0.25396697796939316
orij2=0.5372062655158639
orik2=-0.6932110937697694
lvx2=-0.5827845979394827
lvy2=-0.3279957691507037
lvz2=5.579920695790371
avx2=-2.2763368341203125
avy2=3.246254653973129
avz2=-4.874273170796067
shx2=1.0
shy2=1.0
shz2=1.0
req2=1.0
rhos2=1.0
rhof=1.0
ndiv=2
tend=100.0
dt=0.05
tprint=1
logevery=100
nbody=2
impulse_scheme=1
energy_projection=0
impulse_pair_metric_correction=0
