cex1=-4.0
cey1=0.0
cez1=0.0
oriw1=0.3039508084313803
orii1=0.5105942712835106
orij1=0.8008957852344809
orik1=0.07398200713697532
lvx1=-4.982906860164153
lvy1=-0.7083520407982786
lvz1=-2.4137779203966994
avx1=-5.595646741825978
avy1=-2.855713852575576
avz1=0.1097886025856733
shx1=1.0201
shy1=0.9900990099009901
shz1=0.9900990099009901
req1=1.0
rhos1=1.0
cex2=4.0
cey2=0.0
cez2=0.0
oriw2=0.7060821249343263
orii2=-0.3317309690601653
orij2=0.5275865683779498
orik2=0.3362365385882519
lvx2=-5.016798953611905
lvy2=-0.7131700183833242
lvz2=-2.4301956438533066
avx2=-5.550639766255618
avy2=1.9359881666470014
avz2=-2.2182798759899516
shx2=1.0
shy2=1.0
shz2=1.0
req2=1.0
rhos2=1.0
rhof=1.0
ndiv=2
tend=100.0
dt=0.05
tprint=1
logevery=100
nbody=2
impulse_scheme=1
energy_projection=0
impulse_pair_metric_correction=0
