cex1=-4.0
cey1=0.0
cez1=0.0
oriw1=-0.03591135914024644
orii1=-0.43499570910516827
orij1=-0.6700243166753538
orik1=-0.600463589577684
lvx1=3.692623528319535
lvy1=-0.44688373617025423
lvz1=4.333227515739331
avx1=-0.7943480789466906
avy1=4.9494475922486085
avz1=3.7881918200396854
shx1=1.0609
shy1=0.970873786407767
shz1=0.970873786407767
req1=1.0
rhos1=1.0
cex2=4.0
cey2=0.0
cez2=0.0
oriw2=0.8261056513693386
orii2=0.06848473838489424
orij2=-0.19971179872353084
orik2=-0.5224696075702447
lvx2=3.633883075117924
lvy2=-0.4397749277607991
lvz2=4.264296646900921
avx2=2.3951813778333246
avy2=0.3433604509699053
avz2=-5.798588394803311
shx2=1.0
shy2=1.0
shz2=1.0
req2=1.0
rhos2=1.0
rhof=1.0
ndiv=2
tend=100.0
dt=0.05
tprint=1
logevery=100
nbody=2
impulse_scheme=1
energy_projection=0
impulse_pair_metric_correction=0
