cex1=-4.0
cey1=0.0
cez1=0.0
oriw1=1.0
orii1=2.0
orij1=0.0
orik1=0.0
lvx1=0.4936796959537017
lvy1=0.8066582499641247
lvz1=-0.5258875092940938
avx1=-1.0836576517520877
avy1=3.3794214453372216
avz1=5.184941117597331
shx1=1.0
shy1=0.7
shz1=0.7
req1=1.0
rhos1=0.1
cex2=4.0
cey2=0.0
cez2=0.0
oriw2=1.0
orii2=0.0
orij2=1.0
orik2=0.0
lvx2=0.4870738069368538
lvy2=0.7958644196375733
lvz2=-0.5188506500709648
avx2=2.0516158587890323
avy2=0.6887233767278033
avz2=5.898724445392531
shx2=1.0
shy2=0.7
shz2=0.7
req2=1.0
rhos2=0.1
rhof=1.0
ndiv=2
tend=100.0
dt=0.05
tprint=1
logevery=100
nbody=2
impulse_scheme=1
energy_projection=1
