cex1=-4.0
cey1=0.0
cez1=0.0
oriw1=-0.23712117450560105
orii1=0.42832337998451714
orij1=-0.8656988783841755
orik1=-0.1042980475565282
lvx1=0.9596373727789358
lvy1=-0.7166184754935155
lvz1=0.453011900394111
avx1=2.33137638425896
avy1=-5.3822498712561595
avz1=-2.2526624431192763
shx1=1.0
shy1=0.7
shz1=0.7
req1=1.0
rhos1=0.3
cex2=4.0
cey2=0.0
cez2=0.0
oriw2=0.379547446943566
orii2=-0.8961201853629802
orij2=-0.12721537907537311
orik2=-0.19164706162722145
lvx2=0.922673555668995
lvy2=-0.6890153881012022
lvz2=0.43556254972292563
avx2=-3.706602629321161
avy2=4.020982514993835
avz2=-3.0937378956176533
shx2=1.0
shy2=0.7
shz2=0.7
req2=1.0
rhos2=0.3
rhof=1.0
ndiv=2
tend=100.0
dt=0.05
tprint=1
logevery=100
nbody=2
impulse_scheme=1
energy_projection=0
impulse_pair_metric_correction=0
