cex1=-1.5
cey1=0.0
cez1=0.0
oriw1=0.3410208495073668
orii1=0.8137671539700327
orij1=-0.47022507964166627
orik1=0.019395200354096098
lvx1=0.5888763173651955
lvy1=-6.247673038676565
lvz1=-4.813060641128885
avx1=-6.254192199480465
avy1=0.15109806449351235
avz1=-0.5836667809816332
shx1=1.0
shy1=0.7
shz1=0.7
req1=1.0
rhos1=1.0
cex2=1.5
cey2=0.0
cez2=0.0
oriw2=0.2999598607474649
orii2=0.9484436916019527
orij2=0.09610305718490783
orik2=0.035254052256950504
lvx2=0.6821753554812253
lvy2=-7.237527559537667
lvz2=-5.575621326572382
avx2=-3.612250293890802
avy2=-3.8807019923932717
avz2=3.371975306089615
shx2=1.0
shy2=0.7
shz2=0.7
req2=1.0
rhos2=1.0
rhof=1.0
ndiv=2
tend=100.0
dt=0.05
tprint=1
logevery=100
nbody=2
impulse_scheme=1
energy_projection=0
impulse_pair_metric_correction=0
