cex1=-4.0
cey1=0.0
cez1=0.0
oriw1=0.8330676284058921
orii1=0.34741574050381924
orij1=-0.3588690197182474
orik1=0.23772601127943385
lvx1=4.735550514665101
lvy1=-0.8655322001383404
lvz1=-2.9344739581153116
avx1=2.2949557553469346
avy1=-5.516255316561653
avz1=1.9448709386133374
shx1=1.0201
shy1=0.9900990099009901
shz1=0.9900990099009901
req1=1.0
rhos1=1.0
cex2=4.0
cey2=0.0
cez2=0.0
oriw2=0.022048968978916565
orii2=-0.8576052905395707
orij2=0.27714086475629185
orik2=0.43268920680742684
lvx2=13.393371048739382
lvy2=-2.4479506395687483
lvz2=-8.299457144885036
avx2=0.6112536097942285
avy2=3.0302453244034204
avz2=5.47013710091458
shx2=4.0
shy2=0.5
shz2=0.5
req2=1.0
rhos2=1.0
rhof=1.0
ndiv=2
tend=100.0
dt=0.05
tprint=1
logevery=100
nbody=2
impulse_scheme=1
energy_projection=0
impulse_pair_metric_correction=0
