cex1=-1.5
cey1=0.0
cez1=0.0
oriw1=0.23983644291630307
orii1=-0.6204917392131898
orij1=0.730320190031268
orik1=0.15524465288742856
lvx1=-0.2976050136442526
lvy1=1.1198957265889116
lvz1=0.3908427635968263
avx1=3.8857321453441154
avy1=-3.6120403992597816
avz1=-3.3664027467182382
shx1=1.0
shy1=0.7
shz1=0.7
req1=1.0
rhos1=0.03
cex2=1.5
cey2=0.0
cez2=0.0
oriw2=-0.08436699171072579
orii2=-0.9336199349810996
orij2=0.31496285537428853
orik2=-0.14843997928470823
lvx2=-0.31897951259843405
lvy2=1.2003285450540624
lvz2=0.418913756553067
avx2=-0.4278162315255434
avy2=-1.3334757072075256
avz2=6.125131297750939
shx2=1.0
shy2=0.7
shz2=0.7
req2=1.0
rhos2=0.03
rhof=1.0
ndiv=2
tend=100.0
dt=0.05
tprint=1
logevery=100
nbody=2
impulse_scheme=1
energy_projection=0
impulse_pair_metric_correction=0
