cex1=-4.0
cey1=0.0
cez1=0.0
oriw1=0.11759188763839572
orii1=0.3276747116528653
orij1=-0.8367390745109653
orik1=0.42269274005048124
lvx1=4.120605577481798
lvy1=-1.0397643826200977
lvz1=3.6632254697489754
avx1=-4.0645706232802645
avy1=4.468611194860408
avz1=1.728929507496691
shx1=1.01
shy1=1.0
shz1=0.9900990099009901
req1=1.0
rhos1=1.0
cex2=4.0
cey2=0.0
cez2=0.0
oriw2=0.7881111144695914
orii2=-0.5640054828550002
orij2=0.21701003854167691
orik2=-0.11698431403883476
lvx2=4.131168787095338
lvy2=-1.0424298280056816
lvz2=3.6726161813254685
avx2=3.7850761566626945
avy2=-1.9739411087847962
avz2=4.610333240848263
shx2=1.01
shy2=1.0
shz2=0.9900990099009901
req2=1.0
rhos2=1.0
rhof=1.0
ndiv=2
tend=100.0
dt=0.05
tprint=1
logevery=100
nbody=2
impulse_scheme=1
energy_projection=0
impulse_pair_metric_correction=0
