cex1=-1.5
cey1=0.0
cez1=0.0
oriw1=-0.6517234038365299
orii1=-0.7094455355214575
orij1=0.04643078473344532
orik1=-0.26417384285624507
lvx1=-1.7814419009149738
lvy1=-1.0464338702751932
lvz1=-0.28459581200116724
avx1=-2.072307137122618
avy1=5.5634284102462965
avz1=2.0572372390787734
shx1=1.0
shy1=0.8
shz1=0.6
req1=1.0
rhos1=1.0
cex2=1.5
cey2=0.0
cez2=0.0
oriw2=-0.29697644202052353
orii2=0.19047284497545683
orij2=-0.4742244457281028
orik2=-0.8066202720522587
lvx2=-1.9278759174062121
lvy2=-1.1324504361470102
lvz2=-0.3079895066293848
avx2=-0.18026306115336158
avy2=2.8450693182109825
avz2=-5.5992413242970285
shx2=1.0
shy2=0.8
shz2=0.6
req2=1.0
rhos2=1.0
rhof=1.0
ndiv=2
tend=100.0
dt=0.05
tprint=1
logevery=100
nbody=2
impulse_scheme=1
energy_projection=0
impulse_pair_metric_correction=0
