cex1=-4.0
cey1=0.0
cez1=0.0
oriw1=0.9139896226939003
orii1=0.2748270561076898
orij1=-0.19009570082352356
orik1=-0.23012319172012166
lvx1=5.56131082362515
lvy1=0.4837517059100438
lvz1=-0.008307306516306264
avx1=-0.6690283868671844
avy1=5.791246301381601
avz1=-2.3435624375418853
shx1=1.03
shy1=1.03
shz1=0.9425959091337544
req1=1.0
rhos1=1.0
cex2=4.0
cey2=0.0
cez2=0.0
oriw2=-0.7750971734345321
orii2=0.25166475675729094
orij2=0.34650555232813374
orik2=0.46456767445213765
lvx2=5.534076765154878
lvy2=0.48138274602600334
lvz2=-0.00826662515923583
avx2=-0.2995420898614112
avy2=6.1895953939436605
avz2=-1.0380756234640693
shx2=1.03
shy2=1.03
shz2=0.9425959091337544
req2=1.0
rhos2=1.0
rhof=1.0
ndiv=2
tend=100.0
dt=0.05
tprint=1
logevery=100
nbody=2
impulse_scheme=1
energy_projection=0
impulse_pair_metric_correction=0
