cex1=-4.0
cey1=0.0
cez1=0.0
oriw1=0.23220349877528382
orii1=0.06398464011816082
orij1=0.43452460110120833
orik1=0.8678570573679183
lvx1=4.260249525478574
lvy1=-3.2608988123864457
lvz1=1.6771545316403094
avx1=3.387109843598144
avy1=-1.4786700634657153
avz1=-5.081283239022235
shx1=1.0060089999999997
shy1=0.9970089730807579
shz1=0.9970089730807579
req1=1.0
rhos1=1.0
cex2=4.0
cey2=0.0
cez2=0.0
oriw2=0.26502463726511205
orii2=-0.2164562441068007
orij2=-0.3309441245188072
orik2=-0.8794228917171495
lvx2=4.259352756910314
lvy2=-3.260212403869353
lvz2=1.6768014961058655
avx2=-1.5850679676222852
avy2=4.405817330475959
avz2=4.1898389936670455
shx2=1.0
shy2=1.0
shz2=1.0
req2=1.0
rhos2=1.0
rhof=1.0
ndiv=2
tend=100.0
dt=0.05
tprint=1
logevery=100
nbody=2
impulse_scheme=1
energy_projection=0
impulse_pair_metric_correction=0
