cex1=-4.0
cey1=0.0
cez1=0.0
oriw1=0.7073615583590634
orii1=-0.41829902960535686
orij1=0.08870188872520626
orik1=0.5628476903422767
lvx1=-4.817977161810827
lvy1=-1.4533873186621094
lvz1=2.43602451170508
avx1=-5.204102475344576
avy1=0.6999308818539254
avz1=-3.4504828344881067
shx1=1.0201
shy1=0.9900990099009901
shz1=0.9900990099009901
req1=1.0
rhos1=1.0
cex2=4.0
cey2=0.0
cez2=0.0
oriw2=-0.3273401551500561
orii2=-0.6880764429735824
orij2=-0.6473438238490259
orik2=-0.018579697943749706
lvx2=-5.896393164639211
lvy2=-1.7787014681721016
lvz2=2.981284011382241
avx2=-5.770621116014308
avy2=1.8043464600995225
avz2=1.7095857368653806
shx2=4.0
shy2=0.5
shz2=0.5
req2=1.0
rhos2=1.0
rhof=1.0
ndiv=2
tend=100.0
dt=0.05
tprint=1
logevery=100
nbody=2
impulse_scheme=1
energy_projection=0
impulse_pair_metric_correction=0
