cex1=-2.5
cey1=0.0
cez1=0.0
oriw1=-0.22172171128656742
orii1=0.0795313605785733
orij1=0.03335984408217586
orik1=-0.9712885082360904
lvx1=-3.488650077854876
lvy1=-0.6124593024813793
lvz1=0.2671166431676647
avx1=-0.1260886702861914
avy1=3.6721720716370245
avz1=5.096829556486261
shx1=1.0
shy1=0.7
shz1=0.7
req1=1.0
rhos1=0.1
cex2=2.5
cey2=0.0
cez2=0.0
oriw2=-0.5067367181284193
orii2=-0.4030732553923004
orij2=-0.22407354419627734
orik2=0.7283823831472116
lvx2=-3.4550946130637814
lvy2=-0.6065683830421246
lvz2=0.2645473906158469
avx2=-1.4912043094274128
avy2=-3.3385919823583454
avz2=-5.109650759810803
shx2=1.0
shy2=0.7
shz2=0.7
req2=1.0
rhos2=0.1
rhof=1.0
ndiv=2
tend=100.0
dt=0.05
tprint=1
logevery=100
nbody=2
impulse_scheme=1
energy_projection=0
impulse_pair_metric_correction=0
