cex1=-4.0
cey1=0.0
cez1=0.0
oriw1=0.5924614932632946
orii1=-0.5504394055922144
orij1=-0.5879158886808586
orik1=-0.01899335694692171
lvx1=-4.6792359585491425
lvy1=0.9553144124916926
lvz1=-2.947520246421123
avx1=-3.70305524791497
avy1=4.98993753376852
avz1=0.930764655718604
shx1=1.003
shy1=1.003
shz1=0.9940268924035474
req1=1.0
rhos1=1.0
cex2=4.0
cey2=0.0
cez2=0.0
oriw2=-0.3864767018656538
orii2=0.2054291788776067
orij2=0.8986626201678084
orik2=0.028984590627576124
lvx2=-4.685692966377177
lvy2=0.9566326774166367
lvz2=-2.951587611579244
avx2=5.621788676095323
avy2=-0.7944396002146136
avz2=2.6912404959970893
shx2=1.0
shy2=1.0
shz2=1.0
req2=1.0
rhos2=1.0
rhof=1.0
ndiv=2
tend=100.0
dt=0.05
tprint=1
logevery=100
nbody=2
impulse_scheme=1
energy_projection=0
impulse_pair_metric_correction=0
