cex1=-4.0
cey1=0.0
cez1=0.0
oriw1=-0.788783296112098
orii1=0.5956459582805523
orij1=-0.03025474353595955
orik1=0.14869920864668465
lvx1=0.16633213816265704
lvy1=-0.023596490763371683
lvz1=5.815546668096575
avx1=1.3776564486124316
avy1=6.1277925835785965
avz1=-0.175038186099977
shx1=1.0
shy1=0.7
shz1=0.7
req1=1.0
rhos1=10.0
cex2=4.0
cey2=0.0
cez2=0.0
oriw2=0.4862343958197364
orii2=0.7024083397234583
orij2=-0.4075334549243427
orik2=0.3226687461254645
lvx2=0.15359334686891382
lvy2=-0.02178931883364285
lvz2=5.370154478215267
avx2=-4.313772993847067
avy2=-4.128846129661609
avz2=-1.9550984117152526
shx2=1.0
shy2=0.7
shz2=0.7
req2=1.0
rhos2=10.0
rhof=1.0
ndiv=2
tend=100.0
dt=0.05
tprint=1
logevery=100
nbody=2
impulse_scheme=1
energy_projection=0
impulse_pair_metric_correction=0
