cex1=-5.5
cey1=0.0
cez1=0.0
oriw1=0.14275528561001555
orii1=0.20693570442699516
orij1=0.9406507834930955
orik1=0.2279794863085969
lvx1=0.9657508240539445
lvy1=0.6744756774692447
lvz1=-0.574135455447788
avx1=3.265198850992489
avy1=-0.27087852783790284
avz1=-5.361298246786046
shx1=1.0
shy1=0.8
shz1=0.6
req1=1.0
rhos1=0.03
cex2=5.5
cey2=0.0
cez2=0.0
oriw2=-0.0009976306367243412
orii2=0.2951227145270746
orij2=-0.948368936189648
orik2=-0.11618067383949394
lvx2=0.9035213647698712
lvy2=0.6310149258304497
lvz2=-0.5371402615960711
avx2=-2.9123629718202713
avy2=-5.553937633275708
avz2=-0.3877322406138897
shx2=1.0
shy2=0.8
shz2=0.6
req2=1.0
rhos2=0.03
rhof=1.0
ndiv=2
tend=100.0
dt=0.05
tprint=1
logevery=100
nbody=2
impulse_scheme=1
energy_projection=0
impulse_pair_metric_correction=0
