cex1=-4.0
cey1=0.0
cez1=0.0
oriw1=-0.539174441322956
orii1=0.18548326346637412
orij1=-0.7843046650495247
orik1=-0.24444441736209682
lvx1=-3.159398299833304
lvy1=-3.4652117091732193
lvz1=-3.0644359038883953
avx1=4.698395537726177
avy1=3.856289461951407
avz1=-1.5913920199230311
shx1=1.0201
shy1=0.9900990099009901
shz1=0.9900990099009901
req1=1.0
rhos1=1.0
cex2=4.0
cey2=0.0
cez2=0.0
oriw2=-0.38998187199223877
orii2=0.8309208329361948
orij2=-0.05648684109158206
orik2=-0.39280268035432697
lvx2=-9.006508325219302
lvy2=-9.878291733259044
lvz2=-8.735798674680552
avx2=0.5035896799367205
avy2=-5.98257646530139
avz2=1.852995918894747
shx2=4.0
shy2=0.5
shz2=0.5
req2=1.0
rhos2=1.0
rhof=1.0
ndiv=2
tend=100.0
dt=0.05
tprint=1
logevery=100
nbody=2
impulse_scheme=1
energy_projection=0
impulse_pair_metric_correction=0
