cex1=-4.0
cey1=0.0
cez1=0.0
oriw1=-0.6210979294571775
orii1=0.10853755352098048
orij1=0.6130694814756982
orik1=0.4760281214201593
lvx1=2.6858466796835323
lvy1=0.44382113764422
lvz1=-4.894151113818661
avx1=-5.836535880786844
avy1=1.4323167037216402
avz1=-1.8335035797306602
shx1=1.01
shy1=1.01
shz1=0.9802960494069208
req1=1.0
rhos1=1.0
cex2=4.0
cey2=0.0
cez2=0.0
oriw2=-0.4803798958236554
orii2=-0.8225742424889241
orij2=0.017569506826449942
orik2=-0.30380599683367326
lvx2=2.6852066798928953
lvy2=0.4437153812593447
lvz2=-4.8929849058917965
avx2=-4.633738207274061
avy2=-3.9085983055098774
avz2=-1.6521946365278264
shx2=1.01
shy2=1.01
shz2=0.9802960494069208
req2=1.0
rhos2=1.0
rhof=1.0
ndiv=2
tend=100.0
dt=0.05
tprint=1
logevery=100
nbody=2
impulse_scheme=1
energy_projection=0
impulse_pair_metric_correction=0
