cex1=-4.0
cey1=0.0
cez1=0.0
oriw1=0.19560796897915253
orii1=-0.008291536626949137
orij1=0.8031486218531129
orik1=-0.5626909134752937
lvx1=4.080136593756464
lvy1=2.8331009347080998
lvz1=-2.6249860121752526
avx1=1.2789221682492868
avy1=-5.686259664583589
avz1=2.347174198658401
shx1=1.001
shy1=1.001
shz1=0.9980029960049943
req1=1.0
rhos1=1.0
cex2=4.0
cey2=0.0
cez2=0.0
oriw2=0.662378132010142
orii2=0.5273038432619179
orij2=0.044859279184346436
orik2=-0.5302768259947124
lvx2=6.8316414772574285
lvy2=4.743647525042612
lvz2=-4.395187000709373
avx2=-0.8949035423821576
avy2=4.819168603499019
avz2=3.9310531954221393
shx2=2.0
shy2=2.0
shz2=0.25
req2=1.0
rhos2=1.0
rhof=1.0
ndiv=2
tend=100.0
dt=0.05
tprint=1
logevery=100
nbody=2
impulse_scheme=1
energy_projection=0
impulse_pair_metric_correction=0
