cex1=-5.5
cey1=0.0
cez1=0.0
oriw1=0.17066530599397609
orii1=-0.40385968612018375
orij1=-0.47878266964365
orik1=-0.7606167645442669
lvx1=8.765384624871961
lvy1=1.5603708735259514
lvz1=0.6809239001613279
avx1=4.262880001544501
avy1=4.612531946399364
avz1=0.17555836703124614
shx1=1.0
shy1=0.7
shz1=0.7
req1=1.0
rhos1=4.0
cex2=5.5
cey2=0.0
cez2=0.0
oriw2=0.3270249511627911
orii2=-0.3420825082631947
orij2=-0.858883859436499
orik2=-0.19583859388996738
lvx2=9.549514666929845
lvy2=1.6999578661163277
lvz2=0.7418377002194194
avx2=-0.09974124868811941
avy2=-4.2119778621289425
avz2=-4.661299365692281
shx2=1.0
shy2=0.7
shz2=0.7
req2=1.0
rhos2=4.0
rhof=1.0
ndiv=2
tend=100.0
dt=0.05
tprint=1
logevery=100
nbody=2
impulse_scheme=1
energy_projection=0
impulse_pair_metric_correction=0
