cex1=-4.0
cey1=0.0
cez1=0.0
oriw1=-0.010792979860085821
orii1=-0.7583949099148763
orij1=-0.6508594424836812
orik1=0.03320629956466068
lvx1=-1.9887923861060917
lvy1=4.916108487682042
lvz1=1.8766859111347902
avx1=1.4779648525351736
avy1=-5.2832202883089145
avz1=3.062943173522679
shx1=1.01
shy1=1.0
shz1=0.9900990099009901
req1=1.0
rhos1=1.0
cex2=4.0
cey2=0.0
cez2=0.0
oriw2=0.9015582427807776
orii2=-0.13621541132188938
orij2=0.3328699824475132
orik2=0.24049048084661728
lvx2=-1.9824753969466316
lvy2=4.900493482194103
lvz2=1.870725005089911
avx2=-4.239101587450048
avy2=4.635700331852189
avz2=-0.13681289742350672
shx2=1.01
shy2=1.0
shz2=0.9900990099009901
req2=1.0
rhos2=1.0
rhof=1.0
ndiv=2
tend=100.0
dt=0.05
tprint=1
logevery=100
nbody=2
impulse_scheme=1
energy_projection=0
impulse_pair_metric_correction=0
