cex1=-1.5
cey1=0.0
cez1=0.0
oriw1=-0.46998558399553747
orii1=-0.5808976182235248
orij1=-0.31066655198548654
orik1=0.5875013203866513
lvx1=-2.234056305508471
lvy1=-5.173488646328563
lvz1=-0.39422365275447385
avx1=-2.8967135747373907
avy1=-2.898543125739037
avz1=4.762973421983429
shx1=1.0
shy1=0.7
shz1=0.7
req1=1.0
rhos1=10.0
cex2=1.5
cey2=0.0
cez2=0.0
oriw2=-0.6113355269055936
orii2=-0.2624134277002006
orij2=-0.17329171283906689
orik2=-0.7262079927727279
lvx2=-2.2699997039419384
lvy2=-5.2567241329398495
lvz2=-0.4005662582599453
avx2=-2.2185415274650033
avy2=5.585160414556525
avz2=-1.8337050577836853
shx2=1.0
shy2=0.7
shz2=0.7
req2=1.0
rhos2=10.0
rhof=1.0
ndiv=2
tend=100.0
dt=0.05
tprint=1
logevery=100
nbody=2
impulse_scheme=1
energy_projection=0
impulse_pair_metric_correction=0
