cex1=-4.0
cey1=0.0
cez1=0.0
oriw1=0.17028781892238
orii1=-0.7092980520620847
orij1=0.05683182160470842
orik1=0.6816659564043678
lvx1=-1.4475976622323234
lvy1=0.7716423379379332
lvz1=-5.372167837807817
avx1=3.80658918551901
avy1=-4.885099395463477
avz1=-1.0602359518001276
shx1=1.003
shy1=1.0
shz1=0.9970089730807579
req1=1.0
rhos1=1.0
cex2=4.0
cey2=0.0
cez2=0.0
oriw2=0.9772980563493472
orii2=-0.05189029418185538
orij2=0.17692301857568246
orik2=0.10437505412490859
lvx2=-1.4483218478886433
lvy2=0.772028365304185
lvz2=-5.374855357270568
avx2=4.977962076663705
avy2=3.434096035914765
avz2=-1.704492764364199
shx2=1.0
shy2=1.0
shz2=1.0
req2=1.0
rhos2=1.0
rhof=1.0
ndiv=2
tend=100.0
dt=0.05
tprint=1
logevery=100
nbody=2
impulse_scheme=1
energy_projection=0
impulse_pair_metric_correction=0
