cex1=-1.5
cey1=0.0
cez1=0.0
oriw1=0.6145357541614834
orii1=0.03175809413158887
orij1=0.7778906161587893
orik1=-0.1273711882899936
lvx1=-1.0060377472105075
lvy1=0.661976317002363
lvz1=-0.3459985957940275
avx1=-3.9483040916996126
avy1=2.5562151253377867
avz1=-4.165942466815864
shx1=1.0
shy1=0.8
shz1=0.6
req1=1.0
rhos1=0.03
cex2=1.5
cey2=0.0
cez2=0.0
oriw2=0.3770397727015123
orii2=0.022927418919149123
orij2=-0.7725757944035517
orik2=0.5103351694373206
lvx2=-0.8830013645912649
lvy2=0.5810179517229165
lvz2=-0.3036836670193649
avx2=6.08015510233933
avy2=-1.0411981905272134
avz2=1.1941682728565952
shx2=1.0
shy2=0.8
shz2=0.6
req2=1.0
rhos2=0.03
rhof=1.0
ndiv=2
tend=100.0
dt=0.05
tprint=1
logevery=100
nbody=2
impulse_scheme=1
energy_projection=0
impulse_pair_metric_correction=0
