cex1=-1.5
cey1=0.0
cez1=0.0
oriw1=0.5731418830940086
orii1=-0.5176397788758712
orij1=0.5554587410152871
orik1=0.3082580545557651
lvx1=-0.6050671679463766
lvy1=-0.5624468570742559
lvz1=0.9661870046365607
avx1=-3.9916578812362946
avy1=-0.46527709749634005
avz1=-4.829969170301917
shx1=1.0
shy1=0.8
shz1=0.6
req1=1.0
rhos1=0.3
cex2=1.5
cey2=0.0
cez2=0.0
oriw2=-0.06901809255799322
orii2=0.35461545732284727
orij2=0.28720265378073445
orik2=0.8871296500448329
lvx2=-0.58592872358038
lvy2=-0.5446565051047711
lvz2=0.9356262384688208
avx2=-4.270998308383579
avy2=2.65637982361605
avz2=3.765718694595709
shx2=1.0
shy2=0.8
shz2=0.6
req2=1.0
rhos2=0.3
rhof=1.0
ndiv=2
tend=100.0
dt=0.05
tprint=1
logevery=100
nbody=2
impulse_scheme=1
energy_projection=0
impulse_pair_metric_correction=0
