cex1=-4.0
cey1=0.0
cez1=0.0
oriw1=-0.09989559793259765
orii1=0.14642545595262307
orij1=0.8690093908651824
orik1=-0.46195577055696563
lvx1=-1.3251452029849893
lvy1=5.380601402608712
lvz1=-0.002559237091196237
avx1=-5.797645063790643
avy1=-1.4163209729452284
avz1=-1.9646282651577895
shx1=1.1
shy1=1.1
shz1=0.8264462809917354
req1=1.0
rhos1=1.0
cex2=4.0
cey2=0.0
cez2=0.0
oriw2=-0.22881426096722388
orii2=-0.4802567783931408
orij2=0.7321850459671667
orik2=-0.4253263679194165
lvx2=-1.3439107548766531
lvy2=5.456796792066087
lvz2=-0.0025954787772618343
avx2=0.43184535979881933
avy2=5.659162601808095
avz2=-2.6955158756487227
shx2=1.0
shy2=1.0
shz2=1.0
req2=1.0
rhos2=1.0
rhof=1.0
ndiv=2
tend=100.0
dt=0.05
tprint=1
logevery=100
nbody=2
impulse_scheme=1
energy_projection=0
impulse_pair_metric_correction=0
