cex1=-5.5
cey1=0.0
cez1=0.0
oriw1=-0.48495689427851757
orii1=0.15148723933722966
orij1=-0.4140575193168435
orik1=0.755264720284816
lvx1=7.2818228394792825
lvy1=-1.950611649719196
lvz1=-4.917137635335043
avx1=-4.844391273195006
avy1=-0.47510845987695766
avz1=3.972979077204265
shx1=1.0
shy1=0.8
shz1=0.6
req1=1.0
rhos1=10.0
cex2=5.5
cey2=0.0
cez2=0.0
oriw2=0.8300436423365666
orii2=-0.0523139856595906
orij2=0.5346726702792688
orik2=0.14971951902637967
lvx2=7.685251352736688
lvy2=-2.058679694649147
lvz2=-5.189557545766029
avx2=3.7573657023357363
avy2=1.1835840677224287
avz2=-4.894869695702036
shx2=1.0
shy2=0.8
shz2=0.6
req2=1.0
rhos2=10.0
rhof=1.0
ndiv=2
tend=100.0
dt=0.05
tprint=1
logevery=100
nbody=2
impulse_scheme=1
energy_projection=0
impulse_pair_metric_correction=0
