cex1=-4.0
cey1=0.0
cez1=0.0
oriw1=-0.8464289672210934
orii1=0.0766165450432308
orij1=-0.1355318917917933
orik1=0.5092337525950232
lvx1=-3.0662420347472437
lvy1=3.657641190079071
lvz1=-2.9661271026799163
avx1=-3.6945820321743525
avy1=4.374793390476892
avz1=-2.5864384783968024
shx1=1.0003
shy1=1.0003
shz1=0.9994002698920407
req1=1.0
rhos1=1.0
cex2=4.0
cey2=0.0
cez2=0.0
oriw2=0.31489862401286595
orii2=0.19921558479377396
orij2=0.4255737516303865
orik2=0.8246447655162291
lvx2=-4.504594477060355
lvy2=5.373414791522422
lvz2=-4.357516338755813
avx2=0.13350080403128312
avy2=-6.076233136850339
avz2=1.5937333548377266
shx2=2.0
shy2=2.0
shz2=0.25
req2=1.0
rhos2=1.0
rhof=1.0
ndiv=2
tend=100.0
dt=0.05
tprint=1
logevery=100
nbody=2
impulse_scheme=1
energy_projection=0
impulse_pair_metric_correction=0
