cex1=-5.5
cey1=0.0
cez1=0.0
oriw1=-0.3515109720105359
orii1=-0.7515457202599295
orij1=-0.16438525868722906
orik1=-0.5334759166462201
lvx1=-0.18890433035420826
lvy1=0.6822942479010411
lvz1=1.91449019127412
avx1=3.7129147907659474
avy1=-2.2251029975812804
avz1=-4.554294458093778
shx1=1.0
shy1=0.7
shz1=0.7
req1=1.0
rhos1=10.0
cex2=5.5
cey2=0.0
cez2=0.0
oriw2=0.2761317723563275
orii2=-0.6792791140299895
orij2=-0.5545577446860596
orik2=-0.39344229227003163
lvx2=-0.186276502834137
lvy2=0.6728029270929962
lvz2=1.8878579271957727
avx2=-4.073263375383021
avy2=4.348940197264077
avz2=-1.9934046853916652
shx2=1.0
shy2=0.7
shz2=0.7
req2=1.0
rhos2=10.0
rhof=1.0
ndiv=2
tend=100.0
dt=0.05
tprint=1
logevery=100
nbody=2
impulse_scheme=1
energy_projection=0
impulse_pair_metric_correction=0
