cex1=-1.5
cey1=0.0
cez1=0.0
oriw1=1.0
orii1=2.0
orij1=0.0
orik1=0.0
lvx1=4.848837675714284
lvy1=0.7040301316457904
lvz1=0.12956729016258897
avx1=5.901348341249673
avy1=0.46222761454102473
avz1=2.106858085382801
shx1=1.0
shy1=0.7
shz1=0.7
req1=1.0
rhos1=1.0
cex2=1.5
cey2=0.0
cez2=0.0
oriw2=1.0
orii2=0.0
orij2=1.0
orik2=0.0
lvx2=4.783414881533071
lvy2=0.6945310266065091
lvz2=0.12781910745905564
avx2=-6.08143842710112
avy2=-0.7087177103585417
avz2=-1.411468550396869
shx2=1.0
shy2=0.7
shz2=0.7
req2=1.0
rhos2=1.0
rhof=1.0
ndiv=2
tend=100.0
dt=0.05
tprint=1
logevery=100
nbody=2
impulse_scheme=1
energy_projection=0
impulse_pair_metric_correction=0
