cex1=-1.5
cey1=0.0
cez1=0.0
oriw1=0.16607301564081417
orii1=-0.34427047315934617
orij1=-0.7574175487209098
orik1=-0.5293545614011597
lvx1=-1.8630984177977097
lvy1=-1.216091662742547
lvz1=0.392384127365029
avx1=1.155158578572277
avy1=2.163782037450491
avz1=5.7846411779050655
shx1=1.0
shy1=0.8
shz1=0.6
req1=1.0
rhos1=4.0
cex2=1.5
cey2=0.0
cez2=0.0
oriw2=-0.9128676488413533
orii2=0.11704940649724381
orij2=-0.3864171261486028
orik2=0.06044747105179434
lvx2=-1.6651403102660192
lvy2=-1.0868793775288952
lvz2=0.3506924923249048
avx2=-4.673079553464674
avy2=1.669891545453869
avz2=3.85385616204984
shx2=1.0
shy2=0.8
shz2=0.6
req2=1.0
rhos2=4.0
rhof=1.0
ndiv=2
tend=100.0
dt=0.05
tprint=1
logevery=100
nbody=2
impulse_scheme=1
energy_projection=0
impulse_pair_metric_correction=0
