cex1=-4.0
cey1=0.0
cez1=0.0
oriw1=0.4290164904520606
orii1=-0.5593067209395965
orij1=-0.11610893629021526
orik1=-0.6997424938829627
lvx1=1.930481159018825
lvy1=3.5789509779462367
lvz1=-3.840548194516018
avx1=-1.8800094865899746
avy1=-5.990068787938903
avz1=0.25111322237047573
shx1=1.01
shy1=1.01
shz1=0.9802960494069208
req1=1.0
rhos1=1.0
cex2=4.0
cey2=0.0
cez2=0.0
oriw2=0.11616508818092003
orii2=-0.4463890240902355
orij2=0.47575271320593565
orik2=-0.748933820398623
lvx2=2.958310499581391
lvy2=5.484460807131967
lvz2=-5.885337960904853
avx2=0.7396655471308816
avy2=5.746006563371541
avz2=-2.432019953955187
shx2=2.0
shy2=2.0
shz2=0.25
req2=1.0
rhos2=1.0
rhof=1.0
ndiv=2
tend=100.0
dt=0.05
tprint=1
logevery=100
nbody=2
impulse_scheme=1
energy_projection=0
impulse_pair_metric_correction=0
