cex1=-4.0
cey1=0.0
cez1=0.0
oriw1=-0.24684458696040681
orii1=0.7031308807358284
orij1=-0.5045472056760174
orik1=-0.43601242148421293
lvx1=2.835425923320091
lvy1=-2.487231955707087
lvz1=-4.165920699427574
avx1=-3.4510278213257783
avy1=-3.9044530067555883
avz1=3.510565666503068
shx1=1.001
shy1=1.001
shz1=0.9980029960049943
req1=1.0
rhos1=1.0
cex2=4.0
cey2=0.0
cez2=0.0
oriw2=-0.7847404859740221
orii2=0.031324645418691614
orij2=-0.42367771608336807
orik2=0.45132951283627565
lvx2=2.83414542831548
lvy2=-2.48610870714383
lvz2=-4.164039345165645
avx2=6.15418392853361
avy2=1.0865439581962923
avz2=0.651045317196265
shx2=1.001
shy2=1.001
shz2=0.9980029960049943
req2=1.0
rhos2=1.0
rhof=1.0
ndiv=2
tend=100.0
dt=0.05
tprint=1
logevery=100
nbody=2
impulse_scheme=1
energy_projection=0
impulse_pair_metric_correction=0
