cex1=-4.0
cey1=0.0
cez1=0.0
oriw1=0.020296883629393428
orii1=0.15288939988104078
orij1=0.2592085624074773
orik1=-0.9534273905723493
lvx1=-2.5739752515409187
lvy1=4.370398355295254
lvz1=2.414380725179042
avx1=3.2746723529661215
avy1=5.218814927594047
avz1=-1.2324403988016261
shx1=1.001
shy1=1.001
shz1=0.9980029960049943
req1=1.0
rhos1=1.0
cex2=4.0
cey2=0.0
cez2=0.0
oriw2=-0.6607940330067091
orii2=-0.4501765987161758
orij2=-0.464781330661041
orik2=-0.3803558735973658
lvx2=-2.57510759436365
lvy2=4.372320980311612
lvz2=2.415442859200673
avx2=3.8665124606847074
avy2=-3.566172637600873
avz2=3.436700701916615
shx2=1.0
shy2=1.0
shz2=1.0
req2=1.0
rhos2=1.0
rhof=1.0
ndiv=2
tend=100.0
dt=0.05
tprint=1
logevery=100
nbody=2
impulse_scheme=1
energy_projection=0
impulse_pair_metric_correction=0
