cex1=-1.5
cey1=0.0
cez1=0.0
oriw1=-0.0387441805440669
orii1=-0.7976084033828059
orij1=0.2746863179581437
orik1=-0.5355998040082702
lvx1=0.28044447579164056
lvy1=0.4476599992144725
lvz1=-0.5110543904044256
avx1=-4.072310337604468
avy1=0.6443293774592975
avz1=-4.741259935074235
shx1=1.0
shy1=0.7
shz1=0.7
req1=1.0
rhos1=1.0
cex2=1.5
cey2=0.0
cez2=0.0
oriw2=-0.6481443737226075
orii2=-0.2137508395492658
orij2=-0.1917282956339709
orik2=-0.7053082376216838
lvx2=0.30307634154800395
lvy2=0.4837861556599391
lvz2=-0.5522964734413054
avx2=0.03851540661416946
avy2=-3.1233247203921453
avz2=-5.451768232307579
shx2=1.0
shy2=0.7
shz2=0.7
req2=1.0
rhos2=1.0
rhof=1.0
ndiv=2
tend=100.0
dt=0.05
tprint=1
logevery=100
nbody=2
impulse_scheme=1
energy_projection=0
impulse_pair_metric_correction=0
