cex1=-1.5
cey1=0.0
cez1=0.0
oriw1=0.498743176330241
orii1=-0.39593265710301706
orij1=0.7526455215582555
orik1=0.16738367298416035
lvx1=0.7437691144599559
lvy1=-0.6744748435175199
lvz1=0.36482023336815433
avx1=6.232681906471905
avy1=-0.07940660510126481
avz1=0.7910679162761376
shx1=1.0
shy1=0.7
shz1=0.7
req1=1.0
rhos1=0.3
cex2=1.5
cey2=0.0
cez2=0.0
oriw2=-0.484658165727183
orii2=-0.38978006027909556
orij2=0.3342225851233264
orik2=0.7081477463045884
lvx2=0.8894108288951585
lvy2=-0.8065476476223686
lvz2=0.436257784639651
avx2=2.440573735549576
avy2=0.3432613730878088
avz2=-5.779635721691194
shx2=1.0
shy2=0.7
shz2=0.7
req2=1.0
rhos2=0.3
rhof=1.0
ndiv=2
tend=100.0
dt=0.05
tprint=1
logevery=100
nbody=2
impulse_scheme=1
energy_projection=0
impulse_pair_metric_correction=0
