cex1=-5.5
cey1=0.0
cez1=0.0
oriw1=-0.24831106650788573
orii1=0.22809407498533707
orij1=0.7763446237199234
orik1=-0.5325445825726428
lvx1=3.0367984843673548
lvy1=-8.188056695509642
lvz1=3.270509189860236
avx1=-3.0591246070070395
avy1=5.017558111632602
avz1=-2.2235747883872348
shx1=1.0
shy1=0.7
shz1=0.7
req1=1.0
rhos1=10.0
cex2=5.5
cey2=0.0
cez2=0.0
oriw2=0.9551047326024306
orii2=0.22253511167053874
orij2=0.1952540559249338
orik2=-0.011354623687439818
lvx2=3.148981740734575
lvy2=-8.490534080212715
lvz2=3.3913260213971745
avx2=-1.1762188938168576
avy2=4.50184493107784
avz2=4.222359403782964
shx2=1.0
shy2=0.7
shz2=0.7
req2=1.0
rhos2=10.0
rhof=1.0
ndiv=2
tend=100.0
dt=0.05
tprint=1
logevery=100
nbody=2
impulse_scheme=1
energy_projection=0
impulse_pair_metric_correction=0
