cex1=-2.5
cey1=0.0
cez1=0.0
oriw1=0.11941169855012147
orii1=0.8547381289720551
orij1=0.07202025641575872
orik1=-0.4999766592517433
lvx1=0.83872051170842
lvy1=-0.6802863360952751
lvz1=0.3965529105355534
avx1=5.585826750118485
avy1=0.7332609766553723
avz1=2.7819571280184405
shx1=1.0
shy1=0.8
shz1=0.6
req1=1.0
rhos1=10.0
cex2=2.5
cey2=0.0
cez2=0.0
oriw2=-0.6700842207318847
orii2=-0.17136731980127748
orij2=-0.5275751613652346
orik2=0.49323911842099083
lvx2=0.82793603937421
lvy2=-0.6715390489256594
lvz2=0.3914539367617871
avx2=5.358872270612628
avy2=3.2074123772181276
avz2=-0.6880490055835007
shx2=1.0
shy2=0.8
shz2=0.6
req2=1.0
rhos2=10.0
rhof=1.0
ndiv=2
tend=100.0
dt=0.05
tprint=1
logevery=100
nbody=2
impulse_scheme=1
energy_projection=0
impulse_pair_metric_correction=0
