cex1=-5.5
cey1=0.0
cez1=0.0
oriw1=0.47110906016240833
orii1=-0.4313196201414728
orij1=0.7544591544487975
orik1=0.15103318503664515
lvx1=1.1515354844032173
lvy1=-0.011565067229277018
lvz1=-0.07115304943183344
avx1=5.407199488361042
avy1=-2.0235153567216404
avz1=-2.479112118992851
shx1=1.0
shy1=0.8
shz1=0.6
req1=1.0
rhos1=10.0
cex2=5.5
cey2=0.0
cez2=0.0
oriw2=-0.04165043941086705
orii2=0.24325316491935453
orij2=0.960241759010712
orik2=0.13049483861675418
lvx2=1.3473393849172266
lvy2=-0.013531559190549712
lvz2=-0.08325171664697303
avx2=-2.0089119940430726
avy2=1.5963101430959277
avz2=5.735371315930328
shx2=1.0
shy2=0.8
shz2=0.6
req2=1.0
rhos2=10.0
rhof=1.0
ndiv=2
tend=100.0
dt=0.05
tprint=1
logevery=100
nbody=2
impulse_scheme=1
energy_projection=0
impulse_pair_metric_correction=0
