cex1=-4.0
cey1=0.0
cez1=0.0
oriw1=-0.46358911116881074
orii1=-0.3883453682020222
orij1=-0.795952625623435
orik1=0.027063421160446858
lvx1=2.5610777581903665
lvy1=-3.624410925306174
lvz1=3.4433337585545076
avx1=-4.856278593137345
avy1=-3.950233401635765
avz1=-0.5391028684718218
shx1=1.001
shy1=1.001
shz1=0.9980029960049943
req1=1.0
rhos1=1.0
cex2=4.0
cey2=0.0
cez2=0.0
oriw2=-0.8678395513121723
orii2=-0.011156372004582651
orij2=0.20827987509032952
orik2=-0.4509429478041979
lvx2=4.20996835861334
lvy2=-5.957903958735369
lvz2=5.660244451891454
avx2=2.996105524617727
avy2=-4.135321704625032
avz2=-3.660721744269794
shx2=2.0
shy2=2.0
shz2=0.25
req2=1.0
rhos2=1.0
rhof=1.0
ndiv=2
tend=100.0
dt=0.05
tprint=1
logevery=100
nbody=2
impulse_scheme=1
energy_projection=0
impulse_pair_metric_correction=0
