cex1=-4.0
cey1=0.0
cez1=0.0
oriw1=0.5708523166134253
orii1=-0.6396506227504707
orij1=-0.4651839135872364
orik1=0.22040562599825653
lvx1=5.094116543266033
lvy1=2.059748637205022
lvz1=-1.205147835545801
avx1=-2.2953632857874617
avy1=-3.5391411472320025
avz1=4.656630211922111
shx1=1.003
shy1=1.003
shz1=0.9940268924035474
req1=1.0
rhos1=1.0
cex2=4.0
cey2=0.0
cez2=0.0
oriw2=0.06705667017399601
orii2=-0.5765235789089125
orij2=-0.5560870839524539
orik2=0.5948874860076412
lvx2=5.0833140373942705
lvy2=2.0553807656499092
lvz2=-1.2025922174206063
avx2=-4.9186366600066895
avy2=3.5079315750659794
avz2=1.7262233563043887
shx2=1.003
shy2=1.003
shz2=0.9940268924035474
req2=1.0
rhos2=1.0
rhof=1.0
ndiv=2
tend=100.0
dt=0.05
tprint=1
logevery=100
nbody=2
impulse_scheme=1
energy_projection=0
impulse_pair_metric_correction=0
