cex1=-1.5
cey1=0.0
cez1=0.0
oriw1=0.09834161537230177
orii1=-0.5060566800530802
orij1=-0.5755493776733736
orik1=0.6348058578175008
lvx1=3.2098276691111405
lvy1=3.9906409536977776
lvz1=-7.952656369352216
avx1=-2.5097721193520237
avy1=-3.9063968961363043
avz1=4.233145969977569
shx1=1.0
shy1=0.7
shz1=0.7
req1=1.0
rhos1=10.0
cex2=1.5
cey2=0.0
cez2=0.0
oriw2=-0.8519680287606749
orii2=0.043343214923817576
orij2=-0.0006365614331976845
orik2=-0.5217963572882235
lvx2=3.155993389805445
lvy2=3.9237111051649425
lvz2=-7.819276771335204
avx2=-3.150532615283704
avy2=-5.326474007677899
avz2=1.0868470407204502
shx2=1.0
shy2=0.7
shz2=0.7
req2=1.0
rhos2=10.0
rhof=1.0
ndiv=2
tend=100.0
dt=0.05
tprint=1
logevery=100
nbody=2
impulse_scheme=1
energy_projection=0
impulse_pair_metric_correction=0
