cex1=-2.5
cey1=0.0
cez1=0.0
oriw1=0.48956908740231786
orii1=0.3622968833864215
orij1=-0.17649438443223958
orik1=0.7732482196632801
lvx1=-6.394481517819008
lvy1=-3.6355870012458746
lvz1=2.899507001982049
avx1=6.257281805589191
avy1=0.3801828704541906
avz1=0.4246210013801913
shx1=1.0
shy1=0.7
shz1=0.7
req1=1.0
rhos1=10.0
cex2=2.5
cey2=0.0
cez2=0.0
oriw2=-0.692023838449618
orii2=0.09685925457424738
orij2=-0.22221812840657557
orik2=0.6799561715495027
lvx2=-7.862331432183995
lvy2=-4.470134110901977
lvz2=3.5650873297537458
avx2=-0.403160520029872
avy2=-2.23326146220284
avz2=5.859046205730614
shx2=1.0
shy2=0.7
shz2=0.7
req2=1.0
rhos2=10.0
rhof=1.0
ndiv=2
tend=100.0
dt=0.05
tprint=1
logevery=100
nbody=2
impulse_scheme=1
energy_projection=0
impulse_pair_metric_correction=0
