cex1=-4.0
cey1=0.0
cez1=0.0
oriw1=-0.17122291588369906
orii1=-0.9173200744214441
orij1=0.05254804009820444
orik1=-0.3555914757436649
lvx1=-0.14852340496872057
lvy1=0.784548331856905
lvz1=0.8237372129395673
avx1=5.626350110929287
avy1=-0.6225331827359495
avz1=-2.726729629060439
shx1=1.0
shy1=0.8
shz1=0.6
req1=1.0
rhos1=0.3
cex2=4.0
cey2=0.0
cez2=0.0
oriw2=0.20153045866663602
orii2=0.3857819634956689
orij2=-0.6672765841932287
orik2=0.6044002904189066
lvx2=-0.17268794870900528
lvy2=0.9121932137226031
lvz2=0.9577580692266318
avx2=-0.21535718752772237
avy2=-4.107454611811886
avz2=4.749826891376448
shx2=1.0
shy2=0.8
shz2=0.6
req2=1.0
rhos2=0.3
rhof=1.0
ndiv=2
tend=100.0
dt=0.05
tprint=1
logevery=100
nbody=2
impulse_scheme=1
energy_projection=0
impulse_pair_metric_correction=0
