cex1=-1.5
cey1=0.0
cez1=0.0
oriw1=-0.7320810333168054
orii1=0.11383421155125395
orij1=0.6225486030746608
orik1=-0.2520562828974735
lvx1=1.1650322325159932
lvy1=-0.27283394071547584
lvz1=0.4076511865134825
avx1=-2.869422668375308
avy1=4.077391308799026
avz1=3.823573102413701
shx1=1.0
shy1=0.7
shz1=0.7
req1=1.0
rhos1=0.1
cex2=1.5
cey2=0.0
cez2=0.0
oriw2=-0.07711172249277538
orii2=0.4744943817939813
orij2=-0.492357524484112
orik2=-0.7255983268889349
lvx2=1.0498027419781428
lvy2=-0.2458488366877667
lvz2=0.36733175394494716
avx2=5.326602281792027
avy2=-2.651942604987777
avz2=-2.018149190673487
shx2=1.0
shy2=0.7
shz2=0.7
req2=1.0
rhos2=0.1
rhof=1.0
ndiv=2
tend=100.0
dt=0.05
tprint=1
logevery=100
nbody=2
impulse_scheme=1
energy_projection=0
impulse_pair_metric_correction=0
