cex1=-1.5
cey1=0.0
cez1=0.0
oriw1=0.7997036166915957
orii1=0.20583244034569628
orij1=-0.5145435040051836
orik1=0.23098076638063253
lvx1=1.3489198503908708
lvy1=-0.5300565098412262
lvz1=1.3684707466173525
avx1=-3.833954535178401
avy1=4.86283460710612
avz1=-1.063978294174027
shx1=1.0
shy1=0.8
shz1=0.6
req1=1.0
rhos1=0.3
cex2=1.5
cey2=0.0
cez2=0.0
oriw2=0.46172044675217444
orii2=-0.21543189219101053
orij2=0.14875817027555152
orik2=0.8475106699353369
lvx2=1.343028154339078
lvy2=-0.5277413746274078
lvz2=1.3624936578433209
avx2=3.9798535396415358
avy2=-4.749516027222563
avz2=-1.0398465822015173
shx2=1.0
shy2=0.8
shz2=0.6
req2=1.0
rhos2=0.3
rhof=1.0
ndiv=2
tend=100.0
dt=0.05
tprint=1
logevery=100
nbody=2
impulse_scheme=1
energy_projection=0
impulse_pair_metric_correction=0
