cex1=-4.0
cey1=0.0
cez1=0.0
oriw1=-0.2709499045443011
orii1=0.36996158791806405
orij1=0.8785973653236503
orik1=-0.1333463248046938
lvx1=0.1611047790691414
lvy1=0.7876309742213514
lvz1=0.06760490876922036
avx1=1.2931540772869927
avy1=-3.6939130011337884
avz1=-4.915402005615434
shx1=1.0
shy1=0.8
shz1=0.6
req1=1.0
rhos1=1.0
cex2=4.0
cey2=0.0
cez2=0.0
oriw2=-0.3254926087208414
orii2=-0.634999150812145
orij2=0.22669142368552814
orik2=0.6629039436927378
lvx2=0.15619896946304293
lvy2=0.7636467844181581
lvz2=0.06554626834417676
avx2=-1.8182662695086524
avy2=-4.767695313184858
avz2=-3.666252416045526
shx2=1.0
shy2=0.8
shz2=0.6
req2=1.0
rhos2=1.0
rhof=1.0
ndiv=2
tend=100.0
dt=0.05
tprint=1
logevery=100
nbody=2
impulse_scheme=1
energy_projection=0
impulse_pair_metric_correction=0
