cex1=-4.0
cey1=0.0
cez1=0.0
oriw1=1.0
orii1=1.0
orij1=1.0
orik1=0.0
lvx1=-1.2135508630303184
lvy1=-1.1188016580333122
lvz1=-1.416114314496914
avx1=0.23553468682513473
avy1=-3.846224227232933
avz1=-4.962811724164644
shx1=1.0
shy1=0.7
shz1=0.7
req1=1.0
rhos1=0.1
cex2=4.0
cey2=0.0
cez2=0.0
oriw2=1.0
orii2=-1.0
orij2=0.0
orik2=1.0
lvx2=-1.16742668185004
lvy2=-1.0762786687198966
lvz2=-1.3622911784391962
avx2=2.941468737337096
avy2=0.6490987871917728
avz2=5.514059306544691
shx2=1.0
shy2=0.7
shz2=0.7
req2=1.0
rhos2=0.1
rhof=1.0
ndiv=2
tend=100.0
dt=0.05
tprint=1
logevery=100
nbody=2
impulse_scheme=1
energy_projection=1
