cex1=-4.0
cey1=0.0
cez1=0.0
oriw1=0.6381837007750014
orii1=0.7442311002883668
orij1=-0.07430957912754836
orik1=-0.18253690004647552
lvx1=5.114568761578397
lvy1=2.5156443532562958
lvz1=0.5412548126220629
avx1=3.6672123318406937
avy1=-0.8933510163471982
avz1=-5.023136000462699
shx1=1.1
shy1=1.0
shz1=0.9090909090909091
req1=1.0
rhos1=1.0
cex2=4.0
cey2=0.0
cez2=0.0
oriw2=0.017525067316542166
orii2=0.3755761074667381
orij2=0.8041663065549567
orik2=0.460382461565863
lvx2=5.020278839450834
lvy2=2.469267049278868
lvz2=0.5312764788636655
avx2=-5.020314726427515
avy2=1.6688601431386094
avz2=3.3896553622183836
shx2=1.0
shy2=1.0
shz2=1.0
req2=1.0
rhos2=1.0
rhof=1.0
ndiv=2
tend=100.0
dt=0.05
tprint=1
logevery=100
nbody=2
impulse_scheme=1
energy_projection=0
impulse_pair_metric_correction=0
