cex1=-4.0
cey1=0.0
cez1=0.0
oriw1=-0.715031899923412
orii1=0.2968958773693101
orij1=-0.5778826778516922
orik1=-0.2581352954014244
lvx1=1.6268670956438136
lvy1=-3.3763994951580196
lvz1=4.355671440689623
avx1=-2.163364417943439
avy1=4.4211569364727215
avz1=3.9053352407460267
shx1=1.0
shy1=0.7
shz1=0.7
req1=1.0
rhos1=0.03
cex2=4.0
cey2=0.0
cez2=0.0
oriw2=0.5993543280800758
orii2=0.11326911131349189
orij2=0.22891802893781707
orik2=0.7586442076897163
lvx2=1.6409012284074005
lvy2=-3.405525930196773
lvz2=4.393245543354112
avx2=-1.6621432369724605
avy2=-4.746581190275853
avz2=-3.7663861284079223
shx2=1.0
shy2=0.7
shz2=0.7
req2=1.0
rhos2=0.03
rhof=1.0
ndiv=2
tend=100.0
dt=0.05
tprint=1
logevery=100
nbody=2
impulse_scheme=1
energy_projection=0
impulse_pair_metric_correction=0
