cex1=-4.0
cey1=0.0
cez1=0.0
oriw1=-0.009672632936236514
orii1=-0.13537756525570438
orij1=-0.14805285658475772
orik1=0.9796222265009158
lvx1=0.09333472440371567
lvy1=-7.330170916469437
lvz1=8.426980921391547
avx1=-4.574872536057521
avy1=4.256850712906151
avz1=0.6543553248919505
shx1=4.0
shy1=0.5
shz1=0.5
req1=1.0
rhos1=1.0
cex2=4.0
cey2=0.0
cez2=0.0
oriw2=-0.24342326481519536
orii2=0.5704463286495834
orij2=0.7388231947265976
orik2=0.2635837385175849
lvx2=0.04696135884969849
lvy2=-3.688174889218835
lvz2=4.240034752310007
avx2=-3.7376638833732803
avy2=1.5080076483157119
avz2=4.8201866387003856
shx2=1.0
shy2=1.0
shz2=1.0
req2=1.0
rhos2=1.0
rhof=1.0
ndiv=2
tend=100.0
dt=0.05
tprint=1
logevery=100
nbody=2
impulse_scheme=1
energy_projection=0
impulse_pair_metric_correction=0
