cex1=-4.0
cey1=0.0
cez1=0.0
oriw1=-0.6453910949261726
orii1=-0.43784545706528233
orij1=0.12548171348929302
orik1=-0.6132014594707688
lvx1=-4.845602109253659
lvy1=-0.3310669516791681
lvz1=-2.567810864045599
avx1=-5.816245291276941
avy1=-2.033954681019699
avz1=-1.2299336045552647
shx1=1.0609
shy1=0.970873786407767
shz1=0.970873786407767
req1=1.0
rhos1=1.0
cex2=4.0
cey2=0.0
cez2=0.0
oriw2=0.7987710331784583
orii2=0.35983055000841624
orij2=0.1999550599362414
orik2=0.4387536733083302
lvx2=-5.029114970413414
lvy2=-0.3436051341729512
lvz2=-2.665059112654004
avx2=-1.4106740034704353
avy2=0.25849955385987794
avz2=6.117319220127749
shx2=1.0609
shy2=0.970873786407767
shz2=0.970873786407767
req2=1.0
rhos2=1.0
rhof=1.0
ndiv=2
tend=100.0
dt=0.05
tprint=1
logevery=100
nbody=2
impulse_scheme=1
energy_projection=0
impulse_pair_metric_correction=0
