cex1=-4.0
cey1=0.0
cez1=0.0
oriw1=0.22443243394523446
orii1=0.7872269742868675
orij1=0.4471288236211107
orik1=0.3605268209658797
lvx1=1.5529601558290067
lvy1=1.0959393553591195
lvz1=0.6178292900004959
avx1=-4.240056094737208
avy1=-1.3403700479466376
avz1=4.438890633075658
shx1=1.0
shy1=0.7
shz1=0.7
req1=1.0
rhos1=0.1
cex2=4.0
cey2=0.0
cez2=0.0
oriw2=0.9027081872228745
orii2=-0.4268930743715458
orij2=-0.0122794361270965
orik2=-0.0522441118481534
lvx2=1.6761247962363317
lvy2=1.182857861351944
lvz2=0.6668290805298304
avx2=-1.3864987896170067
avy2=2.763324320069618
avz2=5.469924808702565
shx2=1.0
shy2=0.7
shz2=0.7
req2=1.0
rhos2=0.1
rhof=1.0
ndiv=2
tend=100.0
dt=0.05
tprint=1
logevery=100
nbody=2
impulse_scheme=1
energy_projection=0
impulse_pair_metric_correction=0
