cex1=-4.0
cey1=0.0
cez1=0.0
oriw1=-0.24599886935060292
orii1=-0.15255070301641419
orij1=-0.7685236721770085
orik1=0.5705998638196373
lvx1=5.066858284734597
lvy1=4.045546908171619
lvz1=-0.9138491873976667
avx1=-3.5742289865236536
avy1=-4.649700488695922
avz1=2.254681822713003
shx1=1.6900000000000002
shy1=0.7692307692307692
shz1=0.7692307692307692
req1=1.0
rhos1=1.0
cex2=4.0
cey2=0.0
cez2=0.0
oriw2=-0.6996483212501031
orii2=-0.1514085079707447
orij2=-0.6829513040117787
orik2=-0.1454139148589173
lvx2=4.348740192960285
lvy2=3.4721777190959386
lvz2=-0.7843307367631447
avx2=5.998337474062707
avy2=0.8246783459778192
avz2=1.6787706148511623
shx2=1.0
shy2=1.0
shz2=1.0
req2=1.0
rhos2=1.0
rhof=1.0
ndiv=2
tend=100.0
dt=0.05
tprint=1
logevery=100
nbody=2
impulse_scheme=1
energy_projection=0
impulse_pair_metric_correction=0
