cex1=-5.5
cey1=0.0
cez1=0.0
oriw1=-0.10099559431978487
orii1=-0.42099561684716696
orij1=-0.8631348652091124
orik1=-0.2599245755674405
lvx1=-2.988966375464413
lvy1=1.5373384135485477
lvz1=-1.2262981276522003
avx1=0.25281897046512697
avy1=-4.569271547160688
avz1=-4.3053754424949
shx1=1.0
shy1=0.8
shz1=0.6
req1=1.0
rhos1=10.0
cex2=5.5
cey2=0.0
cez2=0.0
oriw2=-0.5933892806963654
orii2=0.4078133729319407
orij2=-0.5252472391882693
orik2=0.453533628452869
lvx2=-2.474397468835675
lvy2=1.2726761700814821
lvz2=-1.0151833784443518
avx2=-6.103744395616881
avy2=1.4195292761240914
avz2=0.4556957225600883
shx2=1.0
shy2=0.8
shz2=0.6
req2=1.0
rhos2=10.0
rhof=1.0
ndiv=2
tend=100.0
dt=0.05
tprint=1
logevery=100
nbody=2
impulse_scheme=1
energy_projection=0
impulse_pair_metric_correction=0
