cex1=-4.0
cey1=0.0
cez1=0.0
oriw1=-0.44179619448377483
orii1=-0.4845818816480756
orij1=-0.6752131476672143
orik1=-0.3377628276400436
lvx1=-0.10834855909115251
lvy1=-2.2012757161381313
lvz1=-2.783522481527446
avx1=-0.3515960295586016
avy1=-0.504317090375492
avz1=-6.253036231200908
shx1=1.0
shy1=0.7
shz1=0.7
req1=1.0
rhos1=0.03
cex2=4.0
cey2=0.0
cez2=0.0
oriw2=0.0033670375658708474
orii2=-0.8244587037931074
orij2=-0.48088281602215455
orik2=0.2983424643801515
lvx2=-0.10592364061791933
lvy2=-2.1520095865881093
lvz2=-2.721225251709768
avx2=2.2854125126266505
avy2=5.184671508520426
avz2=2.715600964836976
shx2=1.0
shy2=0.7
shz2=0.7
req2=1.0
rhos2=0.03
rhof=1.0
ndiv=2
tend=100.0
dt=0.05
tprint=1
logevery=100
nbody=2
impulse_scheme=1
energy_projection=0
impulse_pair_metric_correction=0
