cex1=-4.0
cey1=0.0
cez1=0.0
oriw1=-0.4701158884199264
orii1=-0.06780954505005814
orij1=-0.40847934385812457
orik1=-0.7794469466849451
lvx1=3.5279278792087347
lvy1=-2.6849114065307615
lvz1=-3.452720857751346
avx1=-5.426800644565253
avy1=2.411823583080864
avz1=-2.0521596849657135
shx1=1.0003
shy1=1.0003
shz1=0.9994002698920407
req1=1.0
rhos1=1.0
cex2=4.0
cey2=0.0
cez2=0.0
oriw2=0.1688674151590095
orii2=-0.9691313487005505
orij2=-0.16847603851415804
orik2=0.06232214301468246
lvx2=5.58128676801444
lvy2=-4.247609650660479
lvz2=-5.462307024637133
avx2=4.213892692297999
avy2=-3.5036565268327218
avz2=3.0734210456976814
shx2=2.0
shy2=2.0
shz2=0.25
req2=1.0
rhos2=1.0
rhof=1.0
ndiv=2
tend=100.0
dt=0.05
tprint=1
logevery=100
nbody=2
impulse_scheme=1
energy_projection=0
impulse_pair_metric_correction=0
