cex1=-1.5
cey1=0.0
cez1=0.0
oriw1=1.0
orii1=1.0
orij1=1.0
orik1=0.0
lvx1=0.4407467816272398
lvy1=-0.07620996603518941
lvz1=0.6037708900563228
avx1=4.262420828972269
avy1=2.068024366991198
avz1=-4.127161433555931
shx1=1.0
shy1=0.8
shz1=0.6
req1=1.0
rhos1=0.3
cex2=1.5
cey2=0.0
cez2=0.0
oriw2=1.0
orii2=-1.0
orij2=0.0
orik2=1.0
lvx2=0.45938263641476196
lvy2=-0.07943231029179466
lvz2=0.6292998039385319
avx2=-0.3131417308920495
avy2=-5.437636192658395
avz2=-3.1324866315792756
shx2=1.0
shy2=0.8
shz2=0.6
req2=1.0
rhos2=0.3
rhof=1.0
ndiv=2
tend=100.0
dt=0.05
tprint=1
logevery=100
nbody=2
impulse_scheme=1
energy_projection=0
impulse_pair_metric_correction=0
