cex1=-4.0
cey1=0.0
cez1=0.0
oriw1=-0.8560680440470195
orii1=-0.32272146223982334
orij1=-0.3721399251943439
orik1=0.15655745861391845
lvx1=-2.0927524705710296
lvy1=0.3137261198638692
lvz1=0.1260903333711914
avx1=0.42655070789771926
avy1=-5.833473004677744
avz1=2.295008671366057
shx1=1.0
shy1=0.8
shz1=0.6
req1=1.0
rhos1=4.0
cex2=4.0
cey2=0.0
cez2=0.0
oriw2=0.8508586674649262
orii2=-0.10835968755675952
orij2=0.4982176452643628
orik2=-0.12679465311930582
lvx2=-2.1486457665721352
lvy2=0.3221051265201342
lvz2=0.12945795779170927
avx2=2.10665214291468
avy2=-3.69451578097181
avz2=-4.625039188727018
shx2=1.0
shy2=0.8
shz2=0.6
req2=1.0
rhos2=4.0
rhof=1.0
ndiv=2
tend=100.0
dt=0.05
tprint=1
logevery=100
nbody=2
impulse_scheme=1
energy_projection=0
impulse_pair_metric_correction=0
