cex1=-4.0
cey1=0.0
cez1=0.0
oriw1=0.5470497744691376
orii1=-0.562464985452199
orij1=-0.61121408858521
orik1=-0.10386059073813472
lvx1=3.9848150833808
lvy1=3.4903594178737505
lvz1=-2.4122383001646286
avx1=3.3266907336028324
avy1=4.783356191332818
avz1=-2.35181842712325
shx1=1.3
shy1=1.0
shz1=0.7692307692307692
req1=1.0
rhos1=1.0
cex2=4.0
cey2=0.0
cez2=0.0
oriw2=0.021129561225911184
orii2=-0.3342079090217899
orij2=0.586729281493394
orik2=0.73729733854662
lvx2=3.847332378007544
lvy2=3.3699362500596046
lvz2=-2.3290120925308617
avx2=-3.6366784793105547
avy2=-0.728116430367828
avz2=-5.071768301717392
shx2=1.0
shy2=1.0
shz2=1.0
req2=1.0
rhos2=1.0
rhof=1.0
ndiv=2
tend=100.0
dt=0.05
tprint=1
logevery=100
nbody=2
impulse_scheme=1
energy_projection=0
impulse_pair_metric_correction=0
