cex1=-1.5
cey1=0.0
cez1=0.0
oriw1=-0.6720048466727162
orii1=0.008538398096005371
orij1=-0.7386839449304332
orik1=0.0517939311922372
lvx1=-1.8177789595657274
lvy1=-0.034559420173339246
lvz1=5.775259444976544
avx1=-0.7805495804471819
avy1=-3.0188382556487467
avz1=5.454885474787972
shx1=1.0
shy1=0.8
shz1=0.6
req1=1.0
rhos1=1.0
cex2=1.5
cey2=0.0
cez2=0.0
oriw2=0.32830938937498083
orii2=-0.4584463641938638
orij2=-0.5676351587408034
orik2=0.5998584854504914
lvx2=-1.6087719742546598
lvy2=-0.030585801606286534
lvz2=5.111224051876719
avx2=4.933898674394309
avy2=-1.6442462740576858
avz2=-3.525835456372706
shx2=1.0
shy2=0.8
shz2=0.6
req2=1.0
rhos2=1.0
rhof=1.0
ndiv=2
tend=100.0
dt=0.05
tprint=1
logevery=100
nbody=2
impulse_scheme=1
energy_projection=0
impulse_pair_metric_correction=0
