cex1=-4.0
cey1=0.0
cez1=0.0
oriw1=0.6100136403225694
orii1=-0.02806121621086077
orij1=-0.7497511918726495
orik1=-0.25489032357215113
lvx1=2.1088795568370378
lvy1=-2.984972587500504
lvz1=3.643339964164996
avx1=6.001213312473015
avy1=-0.3969254660928376
avz1=-1.8183252065901425
shx1=1.3
shy1=1.0
shz1=0.7692307692307692
req1=1.0
rhos1=1.0
cex2=4.0
cey2=0.0
cez2=0.0
oriw2=-0.6838658406147975
orii2=-0.1132121110178929
orij2=0.7068512731171063
orik2=-0.14096739925179422
lvx2=2.5434857397385042
lvy2=-3.6001274635166665
lvz2=4.394173775277933
avx2=-0.8817312522953776
avy2=-4.561580527259006
avz2=-4.2300059924797395
shx2=1.3
shy2=1.0
shz2=0.7692307692307692
req2=1.0
rhos2=1.0
rhof=1.0
ndiv=2
tend=100.0
dt=0.05
tprint=1
logevery=100
nbody=2
impulse_scheme=1
energy_projection=0
impulse_pair_metric_correction=0
