cex1=-2.5
cey1=0.0
cez1=0.0
oriw1=-0.7690954576656481
orii1=0.618710667509838
orij1=0.11208855751999762
orik1=-0.11456632219236135
lvx1=-6.548284626920608
lvy1=-5.067673550391748
lvz1=2.074081064788226
avx1=-5.151812719567083
avy1=0.5887656193085521
avz1=3.548323315649868
shx1=1.0
shy1=0.7
shz1=0.7
req1=1.0
rhos1=0.1
cex2=2.5
cey2=0.0
cez2=0.0
oriw2=-0.06731227313208489
orii2=-0.132701221364832
orij2=-0.03438958074806542
orik2=0.9882695990821765
lvx2=-6.3569184632111195
lvy2=-4.919576559878592
lvz2=2.0134684067862687
avx2=5.626309916083866
avy2=-2.6556937834905994
avz2=-0.8776929194559961
shx2=1.0
shy2=0.7
shz2=0.7
req2=1.0
rhos2=0.1
rhof=1.0
ndiv=2
tend=100.0
dt=0.05
tprint=1
logevery=100
nbody=2
impulse_scheme=1
energy_projection=0
impulse_pair_metric_correction=0
