cex1=-4.0
cey1=0.0
cez1=0.0
oriw1=0.4817645336299445
orii1=-0.14686844007468153
orij1=0.7077131785476652
orik1=-0.49545398611406105
lvx1=-3.5084631776941437
lvy1=-2.6646090009997945
lvz1=-3.4895090518462286
avx1=-2.6657119955244637
avy1=-4.591499466243682
avz1=3.3601383621449865
shx1=1.001
shy1=1.0
shz1=0.9990009990009991
req1=1.0
rhos1=1.0
cex2=4.0
cey2=0.0
cez2=0.0
oriw2=0.5028466082467241
orii2=0.7788071125638506
orij2=-0.37022392081406963
orik2=0.059489649955103495
lvx2=-3.509588693092728
lvy2=-2.6654638078795982
lvz2=-3.490628486759019
avx2=-1.9122133474006706
avy2=1.6166424359711085
avz2=5.762666479382401
shx2=1.001
shy2=1.0
shz2=0.9990009990009991
req2=1.0
rhos2=1.0
rhof=1.0
ndiv=2
tend=100.0
dt=0.05
tprint=1
logevery=100
nbody=2
impulse_scheme=1
energy_projection=0
impulse_pair_metric_correction=0
