cex1=-5.5
cey1=0.0
cez1=0.0
oriw1=0.1663785580807891
orii1=0.8003846868089411
orij1=0.3162189607643216
orik1=-0.4813606728699832
lvx1=-6.23169815130923
lvy1=-5.950325546396389
lvz1=0.8730843709828751
avx1=-5.027818132611539
avy1=-3.038940641103821
avz1=2.228071410342932
shx1=1.0
shy1=0.8
shz1=0.6
req1=1.0
rhos1=1.0
cex2=5.5
cey2=0.0
cez2=0.0
oriw2=-0.8744590299698937
orii2=-0.3689046074827231
orij2=-0.22960794632644785
orik2=-0.21566405928174814
lvx2=-7.316787452469977
lvy2=-6.986421074781652
lvz2=1.0251094670259404
avx2=1.452641630476694
avy2=-0.16085688828714068
avz2=-6.110840773515051
shx2=1.0
shy2=0.8
shz2=0.6
req2=1.0
rhos2=1.0
rhof=1.0
ndiv=2
tend=100.0
dt=0.05
tprint=1
logevery=100
nbody=2
impulse_scheme=1
energy_projection=0
impulse_pair_metric_correction=0
