cex1=-1.5
cey1=0.0
cez1=0.0
oriw1=0.8829510381609467
orii1=-0.24818832547855912
orij1=-0.37244550725624453
orik1=-0.141719312132447
lvx1=-1.94284456096752
lvy1=-2.6952493659536367
lvz1=-0.8702479589252852
avx1=2.741912919696256
avy1=5.6476070099481355
avz1=-0.25468844957096476
shx1=1.0
shy1=0.7
shz1=0.7
req1=1.0
rhos1=0.3
cex2=1.5
cey2=0.0
cez2=0.0
oriw2=-0.20148842362105207
orii2=0.851943489219303
orij2=0.2817380303805696
orik2=0.39270649162042137
lvx2=-1.9609225274982802
lvy2=-2.720328380924087
lvz2=-0.878345525653464
avx2=2.345682883501015
avy2=-5.4466276210842395
avz2=-2.07615918745409
shx2=1.0
shy2=0.7
shz2=0.7
req2=1.0
rhos2=0.3
rhof=1.0
ndiv=2
tend=100.0
dt=0.05
tprint=1
logevery=100
nbody=2
impulse_scheme=1
energy_projection=0
impulse_pair_metric_correction=0
