cex1=-4.0
cey1=0.0
cez1=0.0
oriw1=0.41099930571037185
orii1=-0.8423611278532656
orij1=-0.312314555150353
orik1=0.15481253059298472
lvx1=2.7797435721387664
lvy1=1.0633835192963768
lvz1=4.767904088468418
avx1=1.4687621189157885
avy1=4.512038651138744
avz1=4.118575318362589
shx1=1.0006000899999998
shy1=0.9997000899730081
shz1=0.9997000899730081
req1=1.0
rhos1=1.0
cex2=4.0
cey2=0.0
cez2=0.0
oriw2=-0.15958501853387883
orii2=-0.8168232597959124
orij2=-0.48641816024388407
orik2=-0.26595066741949763
lvx2=7.806450597121824
lvy2=2.9863369385520793
lvz2=13.38987095482554
avx2=1.088335776674745
avy2=-5.6924140808357215
avz2=-2.4270073699662356
shx2=4.0
shy2=0.5
shz2=0.5
req2=1.0
rhos2=1.0
rhof=1.0
ndiv=2
tend=100.0
dt=0.05
tprint=1
logevery=100
nbody=2
impulse_scheme=1
energy_projection=0
impulse_pair_metric_correction=0
