cex1=-4.0
cey1=0.0
cez1=0.0
oriw1=0.5546991681707995
orii1=0.6648439324278457
orij1=-0.48351414290705647
orik1=0.12847354573357112
lvx1=-5.540684482220771
lvy1=-7.487247747388295
lvz1=0.43345878561684037
avx1=-3.0624488618894823
avy1=-1.3081507599802795
avz1=-5.3280921690444005
shx1=1.0
shy1=0.7
shz1=0.7
req1=1.0
rhos1=0.1
cex2=4.0
cey2=0.0
cez2=0.0
oriw2=0.7298671267164798
orii2=0.07609003836872845
orij2=0.35131921777919367
orik2=-0.5814456901712238
lvx2=-5.418231112437186
lvy2=-7.321773838882182
lvz2=0.42387901453776106
avx2=-3.743052964210323
avy2=4.790773716762886
avz2=1.5863351809273065
shx2=1.0
shy2=0.7
shz2=0.7
req2=1.0
rhos2=0.1
rhof=1.0
ndiv=2
tend=100.0
dt=0.05
tprint=1
logevery=100
nbody=2
impulse_scheme=1
energy_projection=0
impulse_pair_metric_correction=0
