cex1=-1.5
cey1=0.0
cez1=0.0
oriw1=0.05694518873214835
orii1=-0.3815942546039625
orij1=0.2773490497593974
orik1=-0.8798980480323078
lvx1=0.1115826758755672
lvy1=-0.5443808106968276
lvz1=0.5073886191391769
avx1=-4.2845662621670115
avy1=1.8181538624164315
avz1=-4.220808700004993
shx1=1.0
shy1=0.8
shz1=0.6
req1=1.0
rhos1=0.3
cex2=1.5
cey2=0.0
cez2=0.0
oriw2=-0.40119296103861707
orii2=-0.7384459243148779
orij2=-0.540036877972443
orik2=-0.045847522349511664
lvx2=0.10402790694770173
lvy2=-0.5075231963646091
lvz2=0.47303558230665044
avx2=4.843171391974056
avy2=3.997567581365184
avz2=0.20386737046333414
shx2=1.0
shy2=0.8
shz2=0.6
req2=1.0
rhos2=0.3
rhof=1.0
ndiv=2
tend=100.0
dt=0.05
tprint=1
logevery=100
nbody=2
impulse_scheme=1
energy_projection=0
impulse_pair_metric_correction=0
