cex1=-4.0
cey1=0.0
cez1=0.0
oriw1=0.6246834402327999
orii1=-0.2974929468257445
orij1=-0.224802554674327
orik1=-0.6860993787344111
lvx1=-4.010530107183225
lvy1=3.8486861192319846
lvz1=0.9053233447562202
avx1=-0.5412010616460058
avy1=-2.7464908272439823
avz1=5.625149522554519
shx1=1.003
shy1=1.003
shz1=0.9940268924035474
req1=1.0
rhos1=1.0
cex2=4.0
cey2=0.0
cez2=0.0
oriw2=-0.7752195605786543
orii2=0.5223812587382022
orij2=-0.1285510322390264
orik2=0.33109981202895666
lvx2=-3.997398844751813
lvy2=3.8360847657706922
lvz2=0.9023591385022924
avx2=2.384534059654512
avy2=5.5747808156912235
avz2=-1.6474931804733217
shx2=1.003
shy2=1.003
shz2=0.9940268924035474
req2=1.0
rhos2=1.0
rhof=1.0
ndiv=2
tend=100.0
dt=0.05
tprint=1
logevery=100
nbody=2
impulse_scheme=1
energy_projection=0
impulse_pair_metric_correction=0
