cex1=-5.5
cey1=0.0
cez1=0.0
oriw1=0.4106253960903806
orii1=0.906198907853826
orij1=0.020687471637476272
orik1=0.09880461531426389
lvx1=-3.214928390986855
lvy1=-0.2976953912369668
lvz1=1.1063263098084866
avx1=1.71100321070266
avy1=-5.767385049577215
avz1=-1.8133271374012578
shx1=1.0
shy1=0.8
shz1=0.6
req1=1.0
rhos1=4.0
cex2=5.5
cey2=0.0
cez2=0.0
oriw2=0.022836797567264335
orii2=0.16598095461089854
orij2=-0.8712137923995171
orik2=0.46142749302157704
lvx2=-2.910402531901444
lvy2=-0.2694969576369024
lvz2=1.0015323831792824
avx2=-5.560849438155386
avy2=-1.9475980738765644
avz2=2.1822540807973434
shx2=1.0
shy2=0.8
shz2=0.6
req2=1.0
rhos2=4.0
rhof=1.0
ndiv=2
tend=100.0
dt=0.05
tprint=1
logevery=100
nbody=2
impulse_scheme=1
energy_projection=0
impulse_pair_metric_correction=0
