cex1=-5.5
cey1=0.0
cez1=0.0
oriw1=-0.8379227605285104
orii1=0.038141141375424355
orij1=0.5311551448512551
orik1=0.11960314720316735
lvx1=-0.2720490853826223
lvy1=-3.480656387987986
lvz1=-0.2808901499318244
avx1=2.050541339611219
avy1=4.491116801944035
avz1=3.886330877601499
shx1=1.0
shy1=0.8
shz1=0.6
req1=1.0
rhos1=0.03
cex2=5.5
cey2=0.0
cez2=0.0
oriw2=0.5531511050799346
orii2=-0.4219046218393789
orij2=-0.239079239520095
orik2=-0.6773931371440891
lvx2=-0.29116056264609735
lvy2=-3.7251728704729175
lvz2=-0.300622712922823
avx2=-0.03836207412064033
avy2=0.6925620825983319
avz2=-6.244782119287562
shx2=1.0
shy2=0.8
shz2=0.6
req2=1.0
rhos2=0.03
rhof=1.0
ndiv=2
tend=100.0
dt=0.05
tprint=1
logevery=100
nbody=2
impulse_scheme=1
energy_projection=0
impulse_pair_metric_correction=0
