cex1=-1.5
cey1=0.0
cez1=0.0
oriw1=1.0
orii1=1.0
orij1=1.0
orik1=0.0
lvx1=0.9774314253967676
lvy1=-7.756039419926718
lvz1=1.4866826095658845
avx1=3.9111076164093306
avy1=4.792339992226271
avz1=1.1023303570758904
shx1=1.0
shy1=0.8
shz1=0.6
req1=1.0
rhos1=1.0
cex2=1.5
cey2=0.0
cez2=0.0
oriw2=1.0
orii2=-1.0
orij2=0.0
orik2=1.0
lvx2=1.0435673056312669
lvy2=-8.280835820822164
lvz2=1.587275920214813
avx2=1.158476263238499
avy2=-5.53331329011666
avz2=2.7420420101247056
shx2=1.0
shy2=0.8
shz2=0.6
req2=1.0
rhos2=1.0
rhof=1.0
ndiv=2
tend=100.0
dt=0.05
tprint=1
logevery=100
nbody=2
impulse_scheme=1
energy_projection=1
