cex1=-4.0
cey1=0.0
cez1=0.0
oriw1=-0.5950992347354115
orii1=0.050430098869106904
orij1=0.19379353206332683
orik1=0.7783044217244305
lvx1=-4.0968876692667635
lvy1=3.543974045576142
lvz1=1.9459782890249844
avx1=3.4522241409574264
avy1=5.2492256667045805
avz1=-0.07871457906928023
shx1=1.2100000000000002
shy1=0.9090909090909091
shz1=0.9090909090909091
req1=1.0
rhos1=1.0
cex2=4.0
cey2=0.0
cez2=0.0
oriw2=-0.5424303855018363
orii2=0.24778983127414517
orij2=0.1076867458299597
orik2=0.7954703270229591
lvx2=-8.524509689149378
lvy2=7.374046722402485
lvz2=4.049051894712241
avx2=4.2383559008757095
avy2=-4.599497704401896
avz2=-0.599481216612478
shx2=4.0
shy2=0.5
shz2=0.5
req2=1.0
rhos2=1.0
rhof=1.0
ndiv=2
tend=100.0
dt=0.05
tprint=1
logevery=100
nbody=2
impulse_scheme=1
energy_projection=0
impulse_pair_metric_correction=0
