cex1=-4.0
cey1=0.0
cez1=0.0
oriw1=-0.2832362887325111
orii1=-0.7441173129587827
orij1=0.20504841527230674
orik1=-0.5692291073850233
lvx1=-1.932708271410422
lvy1=5.291004171954581
lvz1=0.002603285329592797
avx1=2.3919667731612506
avy1=0.44365771467141424
avz1=5.793106281837278
shx1=1.003
shy1=1.003
shz1=0.9940268924035474
req1=1.0
rhos1=1.0
cex2=4.0
cey2=0.0
cez2=0.0
oriw2=-0.422242005035665
orii2=0.40830720803453274
orij2=-0.7971266726839986
orik2=-0.13994992228023378
lvx2=-2.7486155307986335
lvy2=7.524641176157335
lvz2=0.0037022817120750573
avx2=-2.6866321973474
avy2=5.6785573940985135
avz2=-0.12004566823844166
shx2=2.0
shy2=2.0
shz2=0.25
req2=1.0
rhos2=1.0
rhof=1.0
ndiv=2
tend=100.0
dt=0.05
tprint=1
logevery=100
nbody=2
impulse_scheme=1
energy_projection=0
impulse_pair_metric_correction=0
