cex1=-1.5
cey1=0.0
cez1=0.0
oriw1=-0.4130942295740733
orii1=0.1014883593988638
orij1=0.9015823325001782
orik1=-0.07875638464701297
lvx1=1.0636180073685975
lvy1=0.09475952446058804
lvz1=-0.719242818288458
avx1=-2.7751791154611403
avy1=3.744598444509659
avz1=-4.213642245236488
shx1=1.0
shy1=0.8
shz1=0.6
req1=1.0
rhos1=0.03
cex2=1.5
cey2=0.0
cez2=0.0
oriw2=-0.5116198773496914
orii2=-0.2074281977575833
orij2=-0.43201628746284265
orik2=0.7131483514967627
lvx2=0.9195133259575401
lvy2=0.08192099503700329
lvz2=-0.621795937482941
avx2=5.755784363477297
avy2=2.515010823545515
avz2=-0.1551918907565261
shx2=1.0
shy2=0.8
shz2=0.6
req2=1.0
rhos2=0.03
rhof=1.0
ndiv=2
tend=100.0
dt=0.05
tprint=1
logevery=100
nbody=2
impulse_scheme=1
energy_projection=0
impulse_pair_metric_correction=0
