cex1=-1.5
cey1=0.0
cez1=0.0
oriw1=0.4959574503895485
orii1=0.4850776056072045
orij1=-0.14422865903739948
orik1=0.7056373132521788
lvx1=-0.16944395942139057
lvy1=0.5025077277717838
lvz1=0.5752135364367825
avx1=-3.560757107416545
avy1=-1.1075528880727312
avz1=-5.056950961445221
shx1=1.0
shy1=0.8
shz1=0.6
req1=1.0
rhos1=0.3
cex2=1.5
cey2=0.0
cez2=0.0
oriw2=0.20997343903631124
orii2=0.6491470030250098
orij2=-0.5980582557549536
orik2=0.42053019640241623
lvx2=-0.1610842758085131
lvy2=0.47771601709916495
lvz2=0.546834813519329
avx2=3.1155056281163382
avy2=-5.231377249993916
avz2=1.5507205917827176
shx2=1.0
shy2=0.8
shz2=0.6
req2=1.0
rhos2=0.3
rhof=1.0
ndiv=2
tend=100.0
dt=0.05
tprint=1
logevery=100
nbody=2
impulse_scheme=1
energy_projection=0
impulse_pair_metric_correction=0
