cex1=-4.0
cey1=0.0
cez1=0.0
oriw1=-0.7543194280294457
orii1=0.13178004209595878
orij1=0.3753846629314786
orik1=-0.5222284709189431
lvx1=3.5809940434555636
lvy1=-3.052807582165209
lvz1=3.0719467502559055
avx1=-6.063977167676577
avy1=-0.0102914513245235
avz1=-1.64514212160659
shx1=1.0001
shy1=1.0
shz1=0.9999000099990001
req1=1.0
rhos1=1.0
cex2=4.0
cey2=0.0
cez2=0.0
oriw2=-0.2523492414090764
orii2=0.03804525127928803
orij2=-0.4249219707626963
orik2=0.8685123706536976
lvx2=5.16043275541455
lvy2=-4.399283565348027
lvz2=4.4268642842009704
avx2=1.158289996705228
avy2=6.154535490672166
avz2=0.508404152173012
shx2=2.0
shy2=1.0
shz2=0.5
req2=1.0
rhos2=1.0
rhof=1.0
ndiv=2
tend=100.0
dt=0.05
tprint=1
logevery=100
nbody=2
impulse_scheme=1
energy_projection=0
impulse_pair_metric_correction=0
