cex1=-4.0
cey1=0.0
cez1=0.0
oriw1=-0.420620820091589
orii1=-0.5573672842596112
orij1=-0.546178300251474
orik1=-0.4627192458467183
lvx1=0.33059122593312046
lvy1=-0.2988022076022239
lvz1=0.6526922187679869
avx1=-1.0785399484876106
avy1=4.11695931442758
avz1=4.622317079909357
shx1=1.0
shy1=0.7
shz1=0.7
req1=1.0
rhos1=10.0
cex2=4.0
cey2=0.0
cez2=0.0
oriw2=0.7674391039785857
orii2=-0.093875772826582
orij2=0.19500016635173886
orik2=-0.6034894332824325
lvx2=0.3252403524444236
lvy2=-0.2939658638471532
lvz2=0.6421278927492713
avx2=-2.197584723326703
avy2=-0.31194250633974935
avz2=-5.878072036041836
shx2=1.0
shy2=0.7
shz2=0.7
req2=1.0
rhos2=10.0
rhof=1.0
ndiv=2
tend=100.0
dt=0.05
tprint=1
logevery=100
nbody=2
impulse_scheme=1
energy_projection=0
impulse_pair_metric_correction=0
