cex1=-4.0
cey1=0.0
cez1=0.0
oriw1=0.34643398880284476
orii1=-0.133561474641571
orij1=0.7514424544805538
orik1=-0.545416411100693
lvx1=-4.758132857975332
lvy1=-3.1923037437157356
lvz1=8.109978643479245
avx1=-3.98719129740314
avy1=1.3068033222225584
avz1=-4.676856662257053
shx1=2.0
shy1=2.0
shz1=0.25
req1=1.0
rhos1=1.0
cex2=4.0
cey2=0.0
cez2=0.0
oriw2=0.42724607112815227
orii2=-0.7664799910942997
orij2=0.4783537838579067
orik2=0.03386554925678023
lvx2=-4.48140445026151
lvy2=-3.0066424437256316
lvz2=7.638310124841435
avx2=-2.975499355966204
avy2=3.977704194043714
avz2=-3.8474264816483736
shx2=2.0
shy2=2.0
shz2=0.25
req2=1.0
rhos2=1.0
rhof=1.0
ndiv=2
tend=100.0
dt=0.05
tprint=1
logevery=100
nbody=2
impulse_scheme=1
energy_projection=0
impulse_pair_metric_correction=0
