cex1=-4.0
cey1=0.0
cez1=0.0
oriw1=1.0
orii1=2.0
orij1=0.0
orik1=0.0
lvx1=-1.7518193464259177
lvy1=0.4933757514817693
lvz1=-0.8842457509201083
avx1=-3.9430962250484596
avy1=-1.3251048847542066
avz1=-4.708981504398436
shx1=1.0
shy1=0.7
shz1=0.7
req1=1.0
rhos1=1.0
cex2=4.0
cey2=0.0
cez2=0.0
oriw2=1.0
orii2=0.0
orij2=1.0
orik2=0.0
lvx2=-1.879758357876499
lvy2=0.5294080090584694
lvz2=-0.9488240577431855
avx2=0.663235093274936
avy2=6.246146960408972
avz2=-0.1555151580386205
shx2=1.0
shy2=0.7
shz2=0.7
req2=1.0
rhos2=1.0
rhof=1.0
ndiv=2
tend=100.0
dt=0.05
tprint=1
logevery=100
nbody=2
impulse_scheme=1
energy_projection=1
