cex1=-4.0
cey1=0.0
cez1=0.0
oriw1=-0.4615086337238799
orii1=-0.07554001455799511
orij1=-0.3400566096480491
orik1=0.8158829508168252
lvx1=0.42113339965826335
lvy1=1.1928608850167826
lvz1=-0.32945876579193045
avx1=-1.7624975375267118
avy1=-4.28427121550463
avz1=-4.244648417309517
shx1=1.0
shy1=0.8
shz1=0.6
req1=1.0
rhos1=0.3
cex2=4.0
cey2=0.0
cez2=0.0
oriw2=-0.15740831935262678
orii2=0.4801815872083293
orij2=-0.7263002161588404
orik2=-0.4659788195962267
lvx2=0.4298322656274821
lvy2=1.2175004338322053
lvz2=-0.33626401478983436
avx2=-0.7504516946997022
avy2=-3.9470656070249968
avz2=-4.830725923929051
shx2=1.0
shy2=0.8
shz2=0.6
req2=1.0
rhos2=0.3
rhof=1.0
ndiv=2
tend=100.0
dt=0.05
tprint=1
logevery=100
nbody=2
impulse_scheme=1
energy_projection=0
impulse_pair_metric_correction=0
