cex1=-2.5
cey1=0.0
cez1=0.0
oriw1=-0.6699604287312558
orii1=-0.34863927063713845
orij1=0.4500891160570992
orik1=0.4764698002085494
lvx1=2.794083440829992
lvy1=-0.2786566107757229
lvz1=2.0969789438128488
avx1=-1.1599556765714003
avy1=-5.145455118543162
avz1=-3.414265961492338
shx1=1.0
shy1=0.8
shz1=0.6
req1=1.0
rhos1=4.0
cex2=2.5
cey2=0.0
cez2=0.0
oriw2=0.5890717845093607
orii2=0.7252255074235264
orij2=-0.07486373525092743
orik2=0.3484792923855376
lvx2=2.8813724359440887
lvy2=-0.2873620256466859
lvz2=2.1624899382613427
avx2=-2.630420430601444
avy2=-0.9684925245241705
avz2=-5.62328446662382
shx2=1.0
shy2=0.8
shz2=0.6
req2=1.0
rhos2=4.0
rhof=1.0
ndiv=2
tend=100.0
dt=0.05
tprint=1
logevery=100
nbody=2
impulse_scheme=1
energy_projection=0
impulse_pair_metric_correction=0
