cex1=-4.0
cey1=0.0
cez1=0.0
oriw1=-0.08419016034581053
orii1=0.4374342752297878
orij1=0.2351323412471104
orik1=-0.8638727069741174
lvx1=1.51158734400356
lvy1=-3.717777013367116
lvz1=-3.950730426681736
avx1=-0.39637145420125436
avy1=-2.803978319855496
avz1=-5.608833466633874
shx1=1.003
shy1=1.003
shz1=0.9940268924035474
req1=1.0
rhos1=1.0
cex2=4.0
cey2=0.0
cez2=0.0
oriw2=-0.779894749942161
orii2=-0.5782433719889432
orij2=-0.23572553357669027
orik2=-0.042804842991132096
lvx2=1.5084312611137394
lvy2=-3.7100145691612925
lvz2=-3.9424815929299792
avx2=-4.959454698117681
avy2=-3.32355153969367
avz2=1.958630098991571
shx2=1.0
shy2=1.0
shz2=1.0
req2=1.0
rhos2=1.0
rhof=1.0
ndiv=2
tend=100.0
dt=0.05
tprint=1
logevery=100
nbody=2
impulse_scheme=1
energy_projection=0
impulse_pair_metric_correction=0
