cex1=-4.0
cey1=0.0
cez1=0.0
oriw1=-0.9683404542296282
orii1=0.22088672704429774
orij1=0.08361341391424378
orik1=-0.08083696884235929
lvx1=-4.9244732817035946
lvy1=3.3051028636272393
lvz1=1.7558704401999399
avx1=4.227643217542242
avy1=4.038770173772505
avz1=-2.3008228773576036
shx1=1.6900000000000002
shy1=0.7692307692307692
shz1=0.7692307692307692
req1=1.0
rhos1=1.0
cex2=4.0
cey2=0.0
cez2=0.0
oriw2=-0.32635549311850454
orii2=0.17810960269471607
orij2=0.26651580542835407
orik2=-0.8892347198553281
lvx2=-7.510441535611658
lvy2=5.040697838422985
lvz2=2.6779234104542162
avx2=5.158181571395369
avy2=0.0316787418561691
avz2=3.587558632021092
shx2=4.0
shy2=0.5
shz2=0.5
req2=1.0
rhos2=1.0
rhof=1.0
ndiv=2
tend=100.0
dt=0.05
tprint=1
logevery=100
nbody=2
impulse_scheme=1
energy_projection=0
impulse_pair_metric_correction=0
