cex1=-1.5
cey1=0.0
cez1=0.0
oriw1=0.521009214108313
orii1=0.4060855962233336
orij1=0.44117192764188623
orik1=0.6074629351778756
lvx1=-0.3494302714577727
lvy1=1.7861718737984362
lvz1=-2.2970349432480797
avx1=-6.281614136883623
avy1=0.04663481056918485
avz1=-0.13253917950714794
shx1=1.0
shy1=0.8
shz1=0.6
req1=1.0
rhos1=4.0
cex2=1.5
cey2=0.0
cez2=0.0
oriw2=-0.1829924011588032
orii2=-0.23215152740129225
orij2=-0.4386037237952082
orik2=-0.8486732132666609
lvx2=-0.3811881463460326
lvy2=1.9485076172369507
lvz2=-2.5058003373775044
avx2=-5.223005923068185
avy2=1.0190100847849102
avz2=3.3406953137122137
shx2=1.0
shy2=0.8
shz2=0.6
req2=1.0
rhos2=4.0
rhof=1.0
ndiv=2
tend=100.0
dt=0.05
tprint=1
logevery=100
nbody=2
impulse_scheme=1
energy_projection=0
impulse_pair_metric_correction=0
