cex1=-1.5
cey1=0.0
cez1=0.0
oriw1=0.280898289101989
orii1=0.6920130377834547
orij1=0.6080656196277862
orik1=-0.26920309980378543
lvx1=0.27691054251009595
lvy1=-0.6001648153390928
lvz1=-0.4192651580101385
avx1=1.8281836123448052
avy1=-4.03697390235778
avz1=-4.454099684065628
shx1=1.0
shy1=0.7
shz1=0.7
req1=1.0
rhos1=1.0
cex2=1.5
cey2=0.0
cez2=0.0
oriw2=0.4192324383621952
orii2=0.7177036276552653
orij2=-0.016180037139140926
orik2=0.5557732198240004
lvx2=0.22794334031103783
lvy2=-0.4940352631773211
lvz2=-0.34512481802451306
avx2=-6.280901552364193
avy2=-0.039241104524179705
avz2=0.16478297722223212
shx2=1.0
shy2=0.7
shz2=0.7
req2=1.0
rhos2=1.0
rhof=1.0
ndiv=2
tend=100.0
dt=0.05
tprint=1
logevery=100
nbody=2
impulse_scheme=1
energy_projection=0
impulse_pair_metric_correction=0
