cex1=-1.5
cey1=0.0
cez1=0.0
oriw1=-0.11723604989017013
orii1=0.39049565071387227
orij1=-0.8043692964334367
orik1=0.43215609487183826
lvx1=0.5372487034701133
lvy1=1.055838852147927
lvz1=-0.17295399545401638
avx1=4.982279180063746
avy1=1.3743107404167911
avz1=-3.5730353713664535
shx1=1.0
shy1=0.8
shz1=0.6
req1=1.0
rhos1=1.0
cex2=1.5
cey2=0.0
cez2=0.0
oriw2=-0.9964539749810433
orii2=0.012614860344245327
orij2=-0.04269363496805113
orik2=0.07139744096386401
lvx2=0.5347000187819035
lvy2=1.0508299981510627
lvz2=-0.17213350915571324
avx2=4.796509136549109
avy2=-2.770331127542773
avz2=2.9660045770574834
shx2=1.0
shy2=0.8
shz2=0.6
req2=1.0
rhos2=1.0
rhof=1.0
ndiv=2
tend=100.0
dt=0.05
tprint=1
logevery=100
nbody=2
impulse_scheme=1
energy_projection=0
impulse_pair_metric_correction=0
