cex1=-1.5
cey1=0.0
cez1=0.0
oriw1=0.4397456989544142
orii1=0.1297761166973474
orij1=0.22344501458167992
orik1=-0.8601477810496537
lvx1=0.36735888574371706
lvy1=0.376641067727771
lvz1=1.6944133776728925
avx1=-6.213999022833068
avy1=-0.46815855597762174
avz1=0.8034060710823959
shx1=1.0
shy1=0.7
shz1=0.7
req1=1.0
rhos1=0.1
cex2=1.5
cey2=0.0
cez2=0.0
oriw2=0.4447201321430836
orii2=-0.5957815956241408
orij2=-0.48914622170742283
orik2=-0.45607484930825104
lvx2=0.40176451155003134
lvy2=0.4119160321901053
lvz2=1.8531065654404995
avx2=4.854805632344322
avy2=-1.0798330397786946
avz2=-3.839692758895898
shx2=1.0
shy2=0.7
shz2=0.7
req2=1.0
rhos2=0.1
rhof=1.0
ndiv=2
tend=100.0
dt=0.05
tprint=1
logevery=100
nbody=2
impulse_scheme=1
energy_projection=0
impulse_pair_metric_correction=0
