cex1=-1.5
cey1=0.0
cez1=0.0
oriw1=-0.25956235246621917
orii1=-0.3056674357444678
orij1=-0.039270348257113986
orik1=-0.9152336552243743
lvx1=1.0762917494059678
lvy1=-8.385016947488742
lvz1=4.0321553379023705
avx1=0.013424361660312077
avy1=-6.25778863483289
avz1=-0.5641974766230009
shx1=1.0
shy1=0.8
shz1=0.6
req1=1.0
rhos1=4.0
cex2=1.5
cey2=0.0
cez2=0.0
oriw2=0.6168601250367671
orii2=-0.02861643548472454
orij2=0.48374854033349624
orik2=0.6202032211178723
lvx2=1.0624250862711317
lvy2=-8.276986568685885
lvz2=3.9802060966219437
avx2=-2.2274566416765516
avy2=5.721617185192828
avz2=-1.334148155159143
shx2=1.0
shy2=0.8
shz2=0.6
req2=1.0
rhos2=4.0
rhof=1.0
ndiv=2
tend=100.0
dt=0.05
tprint=1
logevery=100
nbody=2
impulse_scheme=1
energy_projection=0
impulse_pair_metric_correction=0
