cex1=-1.5
cey1=0.0
cez1=0.0
oriw1=0.9859580337530469
orii1=-0.07405081134761039
orij1=0.1308343817968143
orik1=0.07270211521291255
lvx1=0.7632195938951695
lvy1=-2.8990529732865213
lvz1=1.2702775318637207
avx1=4.998360254473412
avy1=0.23129582192869788
avz1=3.8001729715390913
shx1=1.0
shy1=0.8
shz1=0.6
req1=1.0
rhos1=0.1
cex2=1.5
cey2=0.0
cez2=0.0
oriw2=0.344089076612751
orii2=0.5971250431723966
orij2=-0.6919907431369469
orik2=-0.21492603747550923
lvx2=0.7776583310541174
lvy2=-2.953897822954912
lvz2=1.2943088900052107
avx2=4.42376432172788
avy2=2.4040817256751934
avz2=-3.7588718901339906
shx2=1.0
shy2=0.8
shz2=0.6
req2=1.0
rhos2=0.1
rhof=1.0
ndiv=2
tend=100.0
dt=0.05
tprint=1
logevery=100
nbody=2
impulse_scheme=1
energy_projection=0
impulse_pair_metric_correction=0
