cex1=-4.0
cey1=0.0
cez1=0.0
oriw1=1.0
orii1=2.0
orij1=0.0
orik1=0.0
lvx1=-0.08921347095270603
lvy1=0.9324027457199754
lvz1=0.014380845980083008
avx1=5.751638003595991
avy1=1.3817846309829975
avz1=2.1184308139580423
shx1=1.0
shy1=0.8
shz1=0.6
req1=1.0
rhos1=0.03
cex2=4.0
cey2=0.0
cez2=0.0
oriw2=1.0
orii2=0.0
orij2=1.0
orik2=0.0
lvx2=-0.10856908378562104
lvy2=1.1346953631663916
lvz2=0.017500891462315486
avx2=0.015360934928373158
avy2=1.8952928479850597
avz2=5.990496362273517
shx2=1.0
shy2=0.8
shz2=0.6
req2=1.0
rhos2=0.03
rhof=1.0
ndiv=2
tend=100.0
dt=0.05
tprint=1
logevery=100
nbody=2
impulse_scheme=1
energy_projection=1
