cex1=-4.0
cey1=0.0
cez1=0.0
oriw1=-0.5418363374788753
orii1=0.4437509902313203
orij1=0.0664772414129954
orik1=-0.7106892558849609
lvx1=-5.154106738075989
lvy1=-0.7986213952599216
lvz1=-2.2171182190193797
avx1=0.0032863776041151065
avy1=4.308304994709888
avz1=-4.57350138041277
shx1=1.03
shy1=1.0
shz1=0.970873786407767
req1=1.0
rhos1=1.0
cex2=4.0
cey2=0.0
cez2=0.0
oriw2=0.3306534387930155
orii2=-0.7102049025165378
orij2=0.47982739041525907
orik2=-0.39502275284230304
lvx2=-5.110960187601511
lvy2=-0.7919358995781918
lvz2=-2.198558067278999
avx2=-1.506260706810248
avy2=-6.099139411624421
avz2=-0.10047250890987089
shx2=1.0
shy2=1.0
shz2=1.0
req2=1.0
rhos2=1.0
rhof=1.0
ndiv=2
tend=100.0
dt=0.05
tprint=1
logevery=100
nbody=2
impulse_scheme=1
energy_projection=0
impulse_pair_metric_correction=0
