cex1=-2.5
cey1=0.0
cez1=0.0
oriw1=0.45067763910504205
orii1=-0.33998559757195346
orij1=-0.824616352461754
orik1=0.03615702292804763
lvx1=1.2802789682465838
lvy1=1.0288737888905048
lvz1=1.4771924217179022
avx1=-1.149569060324004
avy1=-3.811606856463089
avz1=4.86092190347333
shx1=1.0
shy1=0.8
shz1=0.6
req1=1.0
rhos1=10.0
cex2=2.5
cey2=0.0
cez2=0.0
oriw2=0.5735387275598778
orii2=0.1718717466847794
orij2=0.6360833084619456
orik2=0.4867355086457375
lvx2=1.2012382757378715
lvy2=0.9653541195098972
lvz2=1.3859948664373432
avx2=2.5111767040062603
avy2=5.357699729946694
avz2=-2.113637331554968
shx2=1.0
shy2=0.8
shz2=0.6
req2=1.0
rhos2=10.0
rhof=1.0
ndiv=2
tend=100.0
dt=0.05
tprint=1
logevery=100
nbody=2
impulse_scheme=1
energy_projection=0
impulse_pair_metric_correction=0
