cex1=-1.5
cey1=0.0
cez1=0.0
oriw1=0.7929679744631216
orii1=0.01826398368301076
orij1=-0.40108787591776907
orik1=0.45825400616650713
lvx1=2.8884934796166615
lvy1=1.8233542515730887
lvz1=-3.8071923483643126
avx1=5.205298872412049
avy1=-3.431199590830262
avz1=-0.7811213869236479
shx1=1.0
shy1=0.8
shz1=0.6
req1=1.0
rhos1=4.0
cex2=1.5
cey2=0.0
cez2=0.0
oriw2=-0.4108105506233099
orii2=0.2766900723099159
orij2=0.5346707752682673
orik2=-0.6846929658290177
lvx2=3.2973354723856705
lvy2=2.081434732279564
lvz2=-4.346068450229968
avx2=-0.9852112765625531
avy2=4.872110429735645
avz2=-3.843216921454289
shx2=1.0
shy2=0.8
shz2=0.6
req2=1.0
rhos2=4.0
rhof=1.0
ndiv=2
tend=100.0
dt=0.05
tprint=1
logevery=100
nbody=2
impulse_scheme=1
energy_projection=0
impulse_pair_metric_correction=0
