cex1=-2.5
cey1=0.0
cez1=0.0
oriw1=-0.4095612439756943
orii1=0.7466760704853804
orij1=0.02109480471997462
orik1=-0.5237264958080879
lvx1=-1.518217294581343
lvy1=0.6499675932809302
lvz1=-0.8226052455425134
avx1=5.689237313495453
avy1=1.6855511789949997
avz1=2.066376930300241
shx1=1.0
shy1=0.7
shz1=0.7
req1=1.0
rhos1=0.3
cex2=2.5
cey2=0.0
cez2=0.0
oriw2=-0.007767900686736704
orii2=-0.9242459120721966
orij2=0.3515924168848049
orik2=0.1486335296151433
lvx2=-1.7692874606095672
lvy2=0.7574538352967731
lvz2=-0.958640868579596
avx2=-1.6297434596307516
avy2=3.3096374573411116
avz2=-5.086123647839569
shx2=1.0
shy2=0.7
shz2=0.7
req2=1.0
rhos2=0.3
rhof=1.0
ndiv=2
tend=100.0
dt=0.05
tprint=1
logevery=100
nbody=2
impulse_scheme=1
energy_projection=0
impulse_pair_metric_correction=0
