cex1=-1.5
cey1=0.0
cez1=0.0
oriw1=0.8821232096352017
orii1=0.20895985775915954
orij1=-0.41956349624520367
orik1=0.04648541154666232
lvx1=-0.5087071077501758
lvy1=-0.031184751761970646
lvz1=-0.5596403162213153
avx1=-1.8764241780536093
avy1=5.917316935620533
avz1=-0.9709841357054703
shx1=1.0
shy1=0.8
shz1=0.6
req1=1.0
rhos1=0.1
cex2=1.5
cey2=0.0
cez2=0.0
oriw2=-0.6576453524615471
orii2=-0.5678249030151716
orij2=0.23360478469951257
orik2=0.43647024465252243
lvx2=-0.500406948897443
lvy2=-0.030675935609288715
lvz2=-0.5505091217593897
avx2=-3.0393626086209133
avy2=-5.295096306108358
avz2=-1.4841319505731723
shx2=1.0
shy2=0.8
shz2=0.6
req2=1.0
rhos2=0.1
rhof=1.0
ndiv=2
tend=100.0
dt=0.05
tprint=1
logevery=100
nbody=2
impulse_scheme=1
energy_projection=0
impulse_pair_metric_correction=0
