cex1=-4.0
cey1=0.0
cez1=0.0
oriw1=-0.049993318293414434
orii1=0.4768029966101602
orij1=-0.877342322094149
orik1=-0.020736933525266864
lvx1=0.3238836474091061
lvy1=7.954391146431248
lvz1=-0.9145463932911998
avx1=-6.218350425285303
avy1=-0.8784502705700399
avz1=0.1971312122596259
shx1=2.0
shy1=2.0
shz1=0.25
req1=1.0
rhos1=1.0
cex2=4.0
cey2=0.0
cez2=0.0
oriw2=0.05067246307719551
orii2=-0.876751144331355
orij2=0.45596792231391975
orik2=0.14433636485680587
lvx2=0.42335090907414896
lvy2=10.3972483634515
lvz2=-1.1954109140350138
avx2=0.27583535521113134
avy2=3.236703737370509
avz2=-5.378297256350262
shx2=2.0
shy2=2.0
shz2=0.25
req2=1.0
rhos2=1.0
rhof=1.0
ndiv=2
tend=100.0
dt=0.05
tprint=1
logevery=100
nbody=2
impulse_scheme=1
energy_projection=0
impulse_pair_metric_correction=0
