cex1=-5.5
cey1=0.0
cez1=0.0
oriw1=-0.40534462268634075
orii1=-0.8306326636486882
orij1=-0.07242081719417474
orik1=-0.3748337500493803
lvx1=-0.4314735058541322
lvy1=0.11783597536184098
lvz1=-0.5210276406371337
avx1=5.398374883330021
avy1=2.0986562941721942
avz1=-2.4354892695966543
shx1=1.0
shy1=0.7
shz1=0.7
req1=1.0
rhos1=4.0
cex2=5.5
cey2=0.0
cez2=0.0
oriw2=0.03549212345588175
orii2=0.31345492983764095
orij2=0.268615410516876
orik2=-0.9101275061033604
lvx2=-0.4764681829493439
lvy2=0.1301240801693649
lvz2=-0.5753611515713446
avx2=3.1980802885463557
avy2=3.457041147650777
avz2=4.1592747656073525
shx2=1.0
shy2=0.7
shz2=0.7
req2=1.0
rhos2=4.0
rhof=1.0
ndiv=2
tend=100.0
dt=0.05
tprint=1
logevery=100
nbody=2
impulse_scheme=1
energy_projection=0
impulse_pair_metric_correction=0
