cex1=-4.0
cey1=0.0
cez1=0.0
oriw1=-0.8484499403281592
orii1=-0.5115242650106278
orij1=0.13355974542662538
orik1=0.02524716744617392
lvx1=0.4264219150851675
lvy1=6.4541725771119935
lvz1=5.425038079480035
avx1=5.339952044890616
avy1=-3.1642702747297404
avz1=0.9750504556625479
shx1=1.0
shy1=0.8
shz1=0.6
req1=1.0
rhos1=10.0
cex2=4.0
cey2=0.0
cez2=0.0
oriw2=-0.09278837166527273
orii2=-0.044264617910245004
orij2=-0.9946970535571157
orik2=-0.002955220763269664
lvx2=0.4837478348659053
lvy2=7.321837596937868
lvz2=6.154351669494765
avx2=-3.4662601928351973
avy2=1.7182847720193
avz2=-4.950853999278318
shx2=1.0
shy2=0.8
shz2=0.6
req2=1.0
rhos2=10.0
rhof=1.0
ndiv=2
tend=100.0
dt=0.05
tprint=1
logevery=100
nbody=2
impulse_scheme=1
energy_projection=0
impulse_pair_metric_correction=0
