cex1=-2.5
cey1=0.0
cez1=0.0
oriw1=0.8261798964079566
orii1=0.21356827307477028
orij1=0.4848016266334643
orik1=0.19178830600624627
lvx1=1.886192376147229
lvy1=-0.5433382624795077
lvz1=0.5587267343724384
avx1=-3.7174064294293223
avy1=-3.2021813998400135
avz1=-3.9249638629309223
shx1=1.0
shy1=0.7
shz1=0.7
req1=1.0
rhos1=0.1
cex2=2.5
cey2=0.0
cez2=0.0
oriw2=-0.0581513203886241
orii2=0.8991792509580291
orij2=0.4296191421001858
orik2=-0.059350579817872236
lvx2=1.8425774629771858
lvy2=-0.5307745115919068
lvz2=0.5458071518772467
avx2=4.296483018229979
avy2=4.319717527288907
avz2=1.535803295624758
shx2=1.0
shy2=0.7
shz2=0.7
req2=1.0
rhos2=0.1
rhof=1.0
ndiv=2
tend=100.0
dt=0.05
tprint=1
logevery=100
nbody=2
impulse_scheme=1
energy_projection=0
impulse_pair_metric_correction=0
