cex1=-5.5
cey1=0.0
cez1=0.0
oriw1=1.0
orii1=2.0
orij1=0.0
orik1=0.0
lvx1=0.4903403788783591
lvy1=0.8558015133209761
lvz1=0.504092960736215
avx1=5.7532198712063725
avy1=-1.9764391796698713
avz1=-1.5724397880298795
shx1=1.0
shy1=0.7
shz1=0.7
req1=1.0
rhos1=1.0
cex2=5.5
cey2=0.0
cez2=0.0
oriw2=1.0
orii2=0.0
orij2=1.0
orik2=0.0
lvx2=0.5070881518756438
lvy2=0.8850317584592988
lvz2=0.5213104587021202
avx2=5.233140715341197
avy2=-3.158054720583893
avz2=1.455797458300245
shx2=1.0
shy2=0.7
shz2=0.7
req2=1.0
rhos2=1.0
rhof=1.0
ndiv=2
tend=100.0
dt=0.05
tprint=1
logevery=100
nbody=2
impulse_scheme=1
energy_projection=0
impulse_pair_metric_correction=0
