cex1=-1.5
cey1=0.0
cez1=0.0
oriw1=-0.3722588016832316
orii1=-0.14162539204575306
orij1=0.17194366966618926
orik1=0.9010000040837823
lvx1=0.6097191773559721
lvy1=0.4725602054409401
lvz1=0.7914464925647372
avx1=-5.976463623925767
avy1=1.5815377209190413
avz1=1.122068889845772
shx1=1.0
shy1=0.8
shz1=0.6
req1=1.0
rhos1=1.0
cex2=1.5
cey2=0.0
cez2=0.0
oriw2=0.25569108705193855
orii2=0.5052040396757893
orij2=-0.7909460996196157
orik2=-0.23193795246569365
lvx2=0.6415563002018295
lvy2=0.49723542949724875
lvz2=0.832772696734621
avx2=5.27145576989225
avy2=2.2056589734219973
avz2=2.6125160599296158
shx2=1.0
shy2=0.8
shz2=0.6
req2=1.0
rhos2=1.0
rhof=1.0
ndiv=2
tend=100.0
dt=0.05
tprint=1
logevery=100
nbody=2
impulse_scheme=1
energy_projection=0
impulse_pair_metric_correction=0
