cex1=-5.5
cey1=0.0
cez1=0.0
oriw1=-0.9265405913787178
orii1=-0.2718956354992931
orij1=-0.08985314046770485
orik1=0.24397071355411173
lvx1=-0.2163104973341909
lvy1=-1.270234471417926
lvz1=-0.2033861062687899
avx1=-0.5981681124093483
avy1=5.04974219171323
avz1=-3.690625463371395
shx1=1.0
shy1=0.8
shz1=0.6
req1=1.0
rhos1=0.03
cex2=5.5
cey2=0.0
cez2=0.0
oriw2=0.007784639649975532
orii2=0.20293923507279266
orij2=-0.9247468389861789
orik2=0.3218669756881868
lvx2=-0.22351743465717802
lvy2=-1.3125555808131086
lvz2=-0.2101624344558634
avx2=-0.7410569208963318
avy2=-3.343745634190648
avz2=5.267695642136138
shx2=1.0
shy2=0.8
shz2=0.6
req2=1.0
rhos2=0.03
rhof=1.0
ndiv=2
tend=100.0
dt=0.05
tprint=1
logevery=100
nbody=2
impulse_scheme=1
energy_projection=0
impulse_pair_metric_correction=0
