cex1=-4.0
cey1=0.0
cez1=0.0
oriw1=-0.3694489955171198
orii1=0.30322254260180775
orij1=0.25450269154649413
orik1=0.8407091705013549
lvx1=3.699650663166878
lvy1=-3.5366738537186593
lvz1=2.2190295314634327
avx1=4.585800614923964
avy1=-4.02096463817011
avz1=1.5101965776368151
shx1=1.0609
shy1=0.970873786407767
shz1=0.970873786407767
req1=1.0
rhos1=1.0
cex2=4.0
cey2=0.0
cez2=0.0
oriw2=0.36778347350818974
orii2=0.30087721132445727
orij2=-0.2545264096769352
orik2=-0.8422734277518421
lvx2=5.062147612993637
lvy2=-4.839150162143666
lvz2=3.0362474916062965
avx2=-5.611046401724516
avy2=1.3276512933925932
avz2=2.4963809655588958
shx2=4.0
shy2=0.5
shz2=0.5
req2=1.0
rhos2=1.0
rhof=1.0
ndiv=2
tend=100.0
dt=0.05
tprint=1
logevery=100
nbody=2
impulse_scheme=1
energy_projection=0
impulse_pair_metric_correction=0
