cex1=-4.0
cey1=0.0
cez1=0.0
oriw1=-0.5589436472522014
orii1=-0.5080620536640807
orij1=0.2318680004533111
orik1=-0.6129373370817172
lvx1=-1.4728287065211345
lvy1=5.349599668251928
lvz1=0.5769985851517964
avx1=3.137090440584751
avy1=-4.975165162550959
avz1=-2.2101612559468355
shx1=1.03
shy1=1.03
shz1=0.9425959091337544
req1=1.0
rhos1=1.0
cex2=4.0
cey2=0.0
cez2=0.0
oriw2=-0.8171947717767121
orii2=0.3289510494924271
orij2=0.0029061179227677174
orik2=-0.4732604636954764
lvx2=-1.4837295205485357
lvy2=5.389193540130215
lvz2=0.5812691118213029
avx2=-0.5191775129236279
avy2=0.9388711172508201
avz2=-6.1909121573176975
shx2=1.0
shy2=1.0
shz2=1.0
req2=1.0
rhos2=1.0
rhof=1.0
ndiv=2
tend=100.0
dt=0.05
tprint=1
logevery=100
nbody=2
impulse_scheme=1
energy_projection=0
impulse_pair_metric_correction=0
