cex1=-4.0
cey1=0.0
cez1=0.0
oriw1=0.24765427470310386
orii1=-0.5669507730722552
orij1=0.13866477517829312
orik1=0.7733086455347601
lvx1=0.3361386280092328
lvy1=-0.6216568420661472
lvz1=-0.011960487056134145
avx1=5.357821815092461
avy1=1.2418133103796225
avz1=-3.0381018258512618
shx1=1.0
shy1=0.8
shz1=0.6
req1=1.0
rhos1=4.0
cex2=4.0
cey2=0.0
cez2=0.0
oriw2=-0.3841343361263039
orii2=0.021017833876001812
orij2=0.8791166843814717
orik2=0.2813412833376792
lvx2=0.3898560566563145
lvy2=-0.7210021843567131
lvz2=-0.013871860984882921
avx2=2.0846120774210037
avy2=-0.7699414049722695
avz2=-5.877074129525443
shx2=1.0
shy2=0.8
shz2=0.6
req2=1.0
rhos2=4.0
rhof=1.0
ndiv=2
tend=100.0
dt=0.05
tprint=1
logevery=100
nbody=2
impulse_scheme=1
energy_projection=0
impulse_pair_metric_correction=0
