cex1=-4.0
cey1=0.0
cez1=0.0
oriw1=0.5183083840423897
orii1=-0.09915227527883742
orij1=-0.09988398817945257
orik1=-0.84353330357714
lvx1=4.323916379475914
lvy1=1.867031495398244
lvz1=3.0659552307901183
avx1=4.809167043770803
avy1=2.007692905682185
avz1=3.509914407209905
shx1=1.0003
shy1=1.0003
shz1=0.9994002698920407
req1=1.0
rhos1=1.0
cex2=4.0
cey2=0.0
cez2=0.0
oriw2=-0.5918536192471846
orii2=0.4433474492780826
orij2=-0.20084455297483947
orik2=0.6425058740143654
lvx2=4.32395698306164
lvy2=1.8670490276922855
lvz2=3.065984021535618
avx2=-5.452662215871016
avy2=0.5610845108070164
avz2=3.0711685944771023
shx2=1.0
shy2=1.0
shz2=1.0
req2=1.0
rhos2=1.0
rhof=1.0
ndiv=2
tend=100.0
dt=0.05
tprint=1
logevery=100
nbody=2
impulse_scheme=1
energy_projection=0
impulse_pair_metric_correction=0
