cex1=-4.0
cey1=0.0
cez1=0.0
oriw1=0.07925872041508454
orii1=-0.7622196138447322
orij1=-0.15462744868294545
orik1=0.6235620800067574
lvx1=-0.6193384963334378
lvy1=0.33225558818703904
lvz1=-0.11274462935878121
avx1=4.766017805621979
avy1=-1.3782204476822448
avz1=-3.855385879317691
shx1=1.0
shy1=0.7
shz1=0.7
req1=1.0
rhos1=0.03
cex2=4.0
cey2=0.0
cez2=0.0
oriw2=0.7010677924010991
orii2=0.659323020456181
orij2=-0.2687283298807535
orik2=0.03977675041891682
lvx2=-0.6803996733938281
lvy2=0.36501298566789964
lvz2=-0.12386023062794284
avx2=-1.8843645665164939
avy2=4.508505390058766
avz2=-3.9498059360714928
shx2=1.0
shy2=0.7
shz2=0.7
req2=1.0
rhos2=0.03
rhof=1.0
ndiv=2
tend=100.0
dt=0.05
tprint=1
logevery=100
nbody=2
impulse_scheme=1
energy_projection=0
impulse_pair_metric_correction=0
