cex1=-4.0
cey1=0.0
cez1=0.0
oriw1=0.4918106470837803
orii1=-0.34379616087149295
orij1=-0.3812726324739885
orik1=-0.703247941277762
lvx1=2.0727191488113963
lvy1=7.965607792195556
lvz1=1.3443285120591195
avx1=0.39812880007839246
avy1=-5.5271403333206575
avz1=-2.9615250798677337
shx1=2.0
shy1=1.0
shz1=0.5
req1=1.0
rhos1=1.0
cex2=4.0
cey2=0.0
cez2=0.0
oriw2=0.6402102361855636
orii2=-0.4179906510911806
orij2=-0.17739558435583644
orik2=0.6196333397539605
lvx2=1.7532895436887213
lvy2=6.738016995303343
lvz2=1.1371521920022278
avx2=3.9140435554943904
avy2=4.549438579456357
avz2=-1.8604540472165374
shx2=2.0
shy2=1.0
shz2=0.5
req2=1.0
rhos2=1.0
rhof=1.0
ndiv=2
tend=100.0
dt=0.05
tprint=1
logevery=100
nbody=2
impulse_scheme=1
energy_projection=0
impulse_pair_metric_correction=0
