cex1=-4.0
cey1=0.0
cez1=0.0
oriw1=0.9192779202982777
orii1=0.015272159988043738
orij1=0.36691177953274295
orik1=-0.14167078887861403
lvx1=3.3594532547344995
lvy1=3.2313977255498783
lvz1=-9.509437618076646
avx1=-2.8977024665634894
avy1=0.776195338067995
avz1=-5.52080237074203
shx1=2.0
shy1=2.0
shz1=0.25
req1=1.0
rhos1=1.0
cex2=4.0
cey2=0.0
cez2=0.0
oriw2=0.04833988646632971
orii2=0.22583517910257772
orij2=-0.8637240309951438
orik2=0.4479313848544538
lvx2=1.7827061652317429
lvy2=1.714753029986383
lvz2=-5.04621787659661
avx2=4.019090483085811
avy2=-4.713200002989215
avz2=-1.0540754360808158
shx2=1.0
shy2=1.0
shz2=1.0
req2=1.0
rhos2=1.0
rhof=1.0
ndiv=2
tend=100.0
dt=0.05
tprint=1
logevery=100
nbody=2
impulse_scheme=1
energy_projection=0
impulse_pair_metric_correction=0
