cex1=-4.0
cey1=0.0
cez1=0.0
oriw1=0.05840916094384396
orii1=-0.5150066044148646
orij1=0.8230899091945353
orik1=-0.23211972925419128
lvx1=-2.9872815412856832
lvy1=-4.165713950454294
lvz1=-3.0981301994025325
avx1=1.2501844079941404
avy1=6.019065323067077
avz1=1.2985796806577514
shx1=1.3
shy1=1.0
shz1=0.7692307692307692
req1=1.0
rhos1=1.0
cex2=4.0
cey2=0.0
cez2=0.0
oriw2=0.6779227830062314
orii2=-0.7118760806248864
orij2=0.07498259344084282
orik2=-0.16742388358929441
lvx2=-2.8028666273331213
lvy2=-3.9085504494227226
lvz2=-2.9068722258100084
avx2=1.3080561059677083
avy2=-2.866140701709576
avz2=5.436234386595354
shx2=1.0
shy2=1.0
shz2=1.0
req2=1.0
rhos2=1.0
rhof=1.0
ndiv=2
tend=100.0
dt=0.05
tprint=1
logevery=100
nbody=2
impulse_scheme=1
energy_projection=0
impulse_pair_metric_correction=0
