cex1=-4.0
cey1=0.0
cez1=0.0
oriw1=-0.43591062423464555
orii1=0.7570530909226695
orij1=0.2552560037427823
orik1=0.41436326786656497
lvx1=-0.47804917013739495
lvy1=3.995298805934152
lvz1=-3.783207447668809
avx1=4.285058036418806
avy1=-4.268642508943622
avz1=-1.7015834859681545
shx1=1.1
shy1=1.1
shz1=0.8264462809917354
req1=1.0
rhos1=1.0
cex2=4.0
cey2=0.0
cez2=0.0
oriw2=-0.2689093600561067
orii2=0.3735298186588123
orij2=0.8854232060523707
orik2=-0.06472230551263632
lvx2=-0.6932969895461749
lvy2=5.7942337473266115
lvz2=-5.486645512936705
avx2=-4.565953977217663
avy2=4.315961748119103
avz2=0.05436976237146901
shx2=2.0
shy2=2.0
shz2=0.25
req2=1.0
rhos2=1.0
rhof=1.0
ndiv=2
tend=100.0
dt=0.05
tprint=1
logevery=100
nbody=2
impulse_scheme=1
energy_projection=0
impulse_pair_metric_correction=0
