cex1=-5.5
cey1=0.0
cez1=0.0
oriw1=-0.2723720359062273
orii1=0.3997082628832465
orij1=-0.41328670130930545
orik1=-0.7715185552921118
lvx1=-2.4355000624913608
lvy1=0.8755072958301516
lvz1=5.314576507961688
avx1=-0.7746643872634837
avy1=-4.412231463438955
avz1=-4.405737872876968
shx1=1.0
shy1=0.8
shz1=0.6
req1=1.0
rhos1=0.3
cex2=5.5
cey2=0.0
cez2=0.0
oriw2=0.2707424214907917
orii2=-0.878150078381617
orij2=0.29421981553168314
orik2=0.2626512539322148
lvx2=-2.531567779123075
lvy2=0.9100414714190336
lvz2=5.524208705409533
avx2=-0.26817053050612333
avy2=-1.9365082440508827
avz2=5.971301197532115
shx2=1.0
shy2=0.8
shz2=0.6
req2=1.0
rhos2=0.3
rhof=1.0
ndiv=2
tend=100.0
dt=0.05
tprint=1
logevery=100
nbody=2
impulse_scheme=1
energy_projection=0
impulse_pair_metric_correction=0
