cex1=-5.5
cey1=0.0
cez1=0.0
oriw1=0.7663298168919169
orii1=0.3052611801799647
orij1=0.5616306392187617
orik1=-0.06422809905533189
lvx1=3.59945094523421
lvy1=4.107851478498887
lvz1=-2.0230071492556774
avx1=1.2841808811689028
avy1=4.2496572780365005
avz1=4.446314213821274
shx1=1.0
shy1=0.7
shz1=0.7
req1=1.0
rhos1=4.0
cex2=5.5
cey2=0.0
cez2=0.0
oriw2=-0.07707341907745915
orii2=-0.9009712485414717
orij2=-0.31278917449322885
orik2=0.29064313116462337
lvx2=3.501340307738644
lvy2=3.995883310735343
lvz2=-1.9678658168437562
avx2=2.786102140564251
avy2=5.550467679311405
avz2=-0.9530797488249345
shx2=1.0
shy2=0.7
shz2=0.7
req2=1.0
rhos2=4.0
rhof=1.0
ndiv=2
tend=100.0
dt=0.05
tprint=1
logevery=100
nbody=2
impulse_scheme=1
energy_projection=0
impulse_pair_metric_correction=0
