cex1=-4.0
cey1=0.0
cez1=0.0
oriw1=0.7211813277539326
orii1=-0.48713982739694806
orij1=0.00920624062198879
orik1=-0.49245053172512315
lvx1=4.117308594503342
lvy1=3.7964261667461905
lvz1=0.45261272782076356
avx1=5.562569222967054
avy1=-0.3193450121304545
avz1=-2.904179747757453
shx1=1.0006000899999998
shy1=0.9997000899730081
shz1=0.9997000899730081
req1=1.0
rhos1=1.0
cex2=4.0
cey2=0.0
cez2=0.0
oriw2=-0.4311860900675072
orii2=0.42872224419734395
orij2=-0.03736892043482542
orik2=0.7930191402786091
lvx2=4.1177234701162515
lvy2=3.7968087090299774
lvz2=0.4526583347939975
avx2=4.701770931223511
avy2=1.6646743352483635
avz2=-3.821076690178365
shx2=1.0006000899999998
shy2=0.9997000899730081
shz2=0.9997000899730081
req2=1.0
rhos2=1.0
rhof=1.0
ndiv=2
tend=100.0
dt=0.05
tprint=1
logevery=100
nbody=2
impulse_scheme=1
energy_projection=0
impulse_pair_metric_correction=0
