cex1=-4.0
cey1=0.0
cez1=0.0
oriw1=0.5426765643078855
orii1=0.2304162515858387
orij1=0.0901664302719158
orik1=0.8026708618158134
lvx1=-1.1124919655225949
lvy1=5.197554148032102
lvz1=-1.6429058273884949
avx1=-4.829987179290559
avy1=-3.914492017032883
avz1=0.9090619895431211
shx1=1.0609
shy1=0.970873786407767
shz1=0.970873786407767
req1=1.0
rhos1=1.0
cex2=4.0
cey2=0.0
cez2=0.0
oriw2=-0.24634621801715345
orii2=0.8238053895083667
orij2=-0.5035832061924739
orik2=-0.084036751046917
lvx2=-1.1203348544016873
lvy2=5.234196066256594
lvz2=-1.654488048422306
avx2=4.1645058552295104
avy2=0.46477547808232106
avz2=-4.681804389451775
shx2=1.0609
shy2=0.970873786407767
shz2=0.970873786407767
req2=1.0
rhos2=1.0
rhof=1.0
ndiv=2
tend=100.0
dt=0.05
tprint=1
logevery=100
nbody=2
impulse_scheme=1
energy_projection=0
impulse_pair_metric_correction=0
