cex1=-1.5
cey1=0.0
cez1=0.0
oriw1=-0.20503721317853393
orii1=-0.6653373478608506
orij1=0.7147437428568059
orik1=0.06653823562820241
lvx1=0.23107089318679733
lvy1=-1.1560916473650704
lvz1=-0.3213333264057556
avx1=-3.905488873840396
avy1=-4.8239496354733475
avz1=0.9772840810546658
shx1=1.0
shy1=0.7
shz1=0.7
req1=1.0
rhos1=0.3
cex2=1.5
cey2=0.0
cez2=0.0
oriw2=0.8791726239949571
orii2=0.2547066306732936
orij2=0.191362408953728
orik2=-0.35434511136504543
lvx2=0.2480525114456573
lvy2=-1.2410539148192385
lvz2=-0.3449484161629106
avx2=-0.03805212374428787
avy2=0.04954885935199898
avz2=6.282874704366855
shx2=1.0
shy2=0.7
shz2=0.7
req2=1.0
rhos2=0.3
rhof=1.0
ndiv=2
tend=100.0
dt=0.05
tprint=1
logevery=100
nbody=2
impulse_scheme=1
energy_projection=0
impulse_pair_metric_correction=0
