cex1=-2.5
cey1=0.0
cez1=0.0
oriw1=-0.45260000726301614
orii1=-0.1873538729620669
orij1=-0.7006812974942552
orik1=0.5187460641329228
lvx1=-1.3357555617554484
lvy1=2.5792204523802384
lvz1=-1.796015419503422
avx1=-2.9569169549698637
avy1=-0.6451179484673478
avz1=-5.506258489967072
shx1=1.0
shy1=0.7
shz1=0.7
req1=1.0
rhos1=1.0
cex2=2.5
cey2=0.0
cez2=0.0
oriw2=0.11571028105883388
orii2=-0.7457250097494519
orij2=0.6422253811743629
orik2=0.1343573610447528
lvx2=-1.3114877966808574
lvy2=2.532361642425754
lvz2=-1.7633857367090846
avx2=-3.5470256770047195
avy2=1.4394998190312935
avz2=-4.982455892633222
shx2=1.0
shy2=0.7
shz2=0.7
req2=1.0
rhos2=1.0
rhof=1.0
ndiv=2
tend=100.0
dt=0.05
tprint=1
logevery=100
nbody=2
impulse_scheme=1
energy_projection=0
impulse_pair_metric_correction=0
