cex1=-2.5
cey1=0.0
cez1=0.0
oriw1=-0.2799820706024463
orii1=-0.49303224744691354
orij1=0.5789274985036884
orik1=0.5859796878688494
lvx1=-0.7517205663057563
lvy1=0.531107877321739
lvz1=-0.8787496189237253
avx1=3.529147082017179
avy1=2.785495419251249
avz1=-4.389140433749799
shx1=1.0
shy1=0.8
shz1=0.6
req1=1.0
rhos1=0.3
cex2=2.5
cey2=0.0
cez2=0.0
oriw2=0.6820976432434447
orii2=0.331740144828941
orij2=-0.6143420554716799
orik2=-0.21742842562425677
lvx2=-0.6689493735614257
lvy2=0.4726281250676954
lvz2=-0.7819913854229562
avx2=-5.477985252699676
avy2=-2.8663348060847467
avz2=-1.1199196198787786
shx2=1.0
shy2=0.8
shz2=0.6
req2=1.0
rhos2=0.3
rhof=1.0
ndiv=2
tend=100.0
dt=0.05
tprint=1
logevery=100
nbody=2
impulse_scheme=1
energy_projection=0
impulse_pair_metric_correction=0
