cex1=-5.5
cey1=0.0
cez1=0.0
oriw1=0.13366370309579478
orii1=0.905909313179072
orij1=-0.37230914684722843
orik1=-0.15115630964015428
lvx1=3.2336163808037597
lvy1=-3.9499253683339646
lvz1=2.7822055533222905
avx1=-3.4319548148565633
avy1=-0.8977118270575062
avz1=5.185963481234838
shx1=1.0
shy1=0.8
shz1=0.6
req1=1.0
rhos1=0.1
cex2=5.5
cey2=0.0
cez2=0.0
oriw2=-0.3904984982855513
orii2=0.7321293985872684
orij2=-0.29899421030713086
orik2=-0.4712747911397225
lvx2=2.9885126744680957
lvy2=-3.6505264188249096
lvz2=2.571318171332514
avx2=4.001320390033252
avy2=4.562176446543598
avz2=1.6292325835387704
shx2=1.0
shy2=0.8
shz2=0.6
req2=1.0
rhos2=0.1
rhof=1.0
ndiv=2
tend=100.0
dt=0.05
tprint=1
logevery=100
nbody=2
impulse_scheme=1
energy_projection=0
impulse_pair_metric_correction=0
