cex1=-4.0
cey1=0.0
cez1=0.0
oriw1=0.36111119992852414
orii1=0.18319871281271802
orij1=-0.6098524824128361
orik1=0.6812612440208573
lvx1=-0.6798581882858657
lvy1=0.06687185752706634
lvz1=-0.9804593363127045
avx1=-4.429924179838284
avy1=4.271565496189797
avz1=-1.268036898911997
shx1=1.0
shy1=0.7
shz1=0.7
req1=1.0
rhos1=1.0
cex2=4.0
cey2=0.0
cez2=0.0
oriw2=0.26039059739775583
orii2=-0.2343910785190512
orij2=-0.896226797060581
orik2=-0.272093894323353
lvx2=-0.6363202128787656
lvy2=0.06258939783384528
lvz2=-0.9176709266008615
avx2=-5.611665438814178
avy2=1.9262588223295378
avz2=2.0681285154877433
shx2=1.0
shy2=0.7
shz2=0.7
req2=1.0
rhos2=1.0
rhof=1.0
ndiv=2
tend=100.0
dt=0.05
tprint=1
logevery=100
nbody=2
impulse_scheme=1
energy_projection=0
impulse_pair_metric_correction=0
