cex1=-4.0
cey1=0.0
cez1=0.0
oriw1=0.538829049046418
orii1=0.5697526859729395
orij1=-0.25515014232645467
orik1=-0.5656355165662281
lvx1=0.2626587936624718
lvy1=-0.5424539247521966
lvz1=2.9079647243431928
avx1=5.892959588088274
avy1=-1.851006502114523
avz1=-1.1511819259550862
shx1=1.0
shy1=0.7
shz1=0.7
req1=1.0
rhos1=10.0
cex2=4.0
cey2=0.0
cez2=0.0
oriw2=0.30899410065197996
orii2=0.268256706399044
orij2=0.8466919278054685
orik2=0.3401084600877644
lvx2=0.3086533756088399
lvy2=-0.6374438588269173
lvz2=3.4171828622397142
avx2=-2.005723651266521
avy2=-1.2052161554953262
avz2=-5.831204357389698
shx2=1.0
shy2=0.7
shz2=0.7
req2=1.0
rhos2=10.0
rhof=1.0
ndiv=2
tend=100.0
dt=0.05
tprint=1
logevery=100
nbody=2
impulse_scheme=1
energy_projection=0
impulse_pair_metric_correction=0
