cex1=-4.0
cey1=0.0
cez1=0.0
oriw1=0.8094601985440167
orii1=0.22702113983326785
orij1=-0.5245942247466477
orik1=0.134299994059376
lvx1=2.0052099080781964
lvy1=-0.4677234991998704
lvz1=5.2314999677201
avx1=1.6113990195057353
avy1=-0.44679264081848297
avz1=6.0565821335472565
shx1=1.0020009999999997
shy1=0.9990009990009991
shz1=0.9990009990009991
req1=1.0
rhos1=1.0
cex2=4.0
cey2=0.0
cez2=0.0
oriw2=-0.23534606193606059
orii2=0.7470544203887582
orij2=-0.16350231548436786
orik2=-0.5998240716577276
lvx2=2.0044012125202615
lvy2=-0.467534867618398
lvz2=5.2293901183880225
avx2=0.7204549012078563
avy2=-5.454753419023756
avz2=-3.03397881952588
shx2=1.0
shy2=1.0
shz2=1.0
req2=1.0
rhos2=1.0
rhof=1.0
ndiv=2
tend=100.0
dt=0.05
tprint=1
logevery=100
nbody=2
impulse_scheme=1
energy_projection=0
impulse_pair_metric_correction=0
