cex1=-4.0
cey1=0.0
cez1=0.0
oriw1=0.4420676094798618
orii1=-0.13535514242963437
orij1=0.8491915591380741
orik1=-0.2552036636791499
lvx1=-0.625541953320121
lvy1=5.1533043012364335
lvz1=-2.15310098997332
avx1=3.028915143046906
avy1=-5.439459079240125
avz1=-0.8463897363807977
shx1=1.00020001
shy1=0.9999000099990001
shz1=0.9999000099990001
req1=1.0
rhos1=1.0
cex2=4.0
cey2=0.0
cez2=0.0
oriw2=-0.04518314631831352
orii2=0.0327309096462234
orij2=0.9832791480713395
orik2=-0.17334730401886644
lvx2=-0.6255324687596067
lvy2=5.153226166067027
lvz2=-2.1530683443345673
avx2=2.301944287131218
avy2=5.33254216858701
avz2=2.3965525497144284
shx2=1.0
shy2=1.0
shz2=1.0
req2=1.0
rhos2=1.0
rhof=1.0
ndiv=2
tend=100.0
dt=0.05
tprint=1
logevery=100
nbody=2
impulse_scheme=1
energy_projection=0
impulse_pair_metric_correction=0
