cex1=-4.0
cey1=0.0
cez1=0.0
oriw1=0.4608585617658173
orii1=0.654857972047049
orij1=0.5234831723784716
orik1=-0.291094126924849
lvx1=-1.8396048139507835
lvy1=-5.431656574830692
lvz1=-4.126548950895507
avx1=-3.8726947374085103
avy1=4.670739824495451
avz1=1.6324345521576284
shx1=2.0
shy1=1.0
shz1=0.5
req1=1.0
rhos1=1.0
cex2=4.0
cey2=0.0
cez2=0.0
oriw2=-0.12238104123057443
orii2=0.5380333892486825
orij2=0.11008103016666054
orik2=0.8266953003364316
lvx2=-1.6280485364656445
lvy2=-4.807010978757792
lvz2=-3.651991954582376
avx2=-5.142537346388385
avy2=-0.8028238638199356
avz2=-3.519687640833966
shx2=2.0
shy2=1.0
shz2=0.5
req2=1.0
rhos2=1.0
rhof=1.0
ndiv=2
tend=100.0
dt=0.05
tprint=1
logevery=100
nbody=2
impulse_scheme=1
energy_projection=0
impulse_pair_metric_correction=0
