cex1=-4.0
cey1=0.0
cez1=0.0
oriw1=-0.6584828263627589
orii1=0.4958011966856081
orij1=0.41283968834387336
orik1=0.38748539647135766
lvx1=-3.6189825611550095
lvy1=-3.2336317970652426
lvz1=2.8336063076141143
avx1=-1.9860826419775095
avy1=-5.81982414318203
avz1=-1.289783038355141
shx1=1.0
shy1=1.0
shz1=1.0
req1=1.0
rhos1=1.0
cex2=4.0
cey2=0.0
cez2=0.0
oriw2=0.35755260306125725
orii2=-0.5736305394204523
orij2=0.5833959069617526
orik2=-0.45028141870234223
lvx2=-4.96597715176926
lvy2=-4.437197845003034
lvz2=3.8882818424607013
avx2=5.5939497497093225
avy2=2.7489879308204523
avz2=-0.7932270534266541
shx2=4.0
shy2=0.5
shz2=0.5
req2=1.0
rhos2=1.0
rhof=1.0
ndiv=2
tend=100.0
dt=0.05
tprint=1
logevery=100
nbody=2
impulse_scheme=1
energy_projection=0
impulse_pair_metric_correction=0
