cex1=-5.5
cey1=0.0
cez1=0.0
oriw1=-0.5130179669448339
orii1=0.6679901694911742
orij1=0.38318164919102543
orik1=0.3791747918548746
lvx1=0.1361798689093753
lvy1=-1.2450864111198205
lvz1=0.03296523957607584
avx1=-3.4758130608924973
avy1=-3.817372781078471
avz1=3.5811738606730303
shx1=1.0
shy1=0.8
shz1=0.6
req1=1.0
rhos1=0.1
cex2=5.5
cey2=0.0
cez2=0.0
oriw2=-0.29775903122471936
orii2=0.4592903590678424
orij2=-0.7836196794819353
orik2=-0.29382328587107914
lvx2=0.13490598518086347
lvy2=-1.2334393495356137
lvz2=0.03265686887019417
avx2=-3.8614695323395303
avy2=3.409511592709886
avz2=3.5975966080632023
shx2=1.0
shy2=0.8
shz2=0.6
req2=1.0
rhos2=0.1
rhof=1.0
ndiv=2
tend=100.0
dt=0.05
tprint=1
logevery=100
nbody=2
impulse_scheme=1
energy_projection=0
impulse_pair_metric_correction=0
