cex1=-5.5
cey1=0.0
cez1=0.0
oriw1=-0.48558993376814913
orii1=-0.4240656068115248
orij1=0.721693533753278
orik1=0.25205003606689697
lvx1=-0.459722607578283
lvy1=-3.3194750830069633
lvz1=-0.415997821865316
avx1=-3.069532215208273
avy1=4.737278064752806
avz1=-2.759453953478466
shx1=1.0
shy1=0.8
shz1=0.6
req1=1.0
rhos1=0.03
cex2=5.5
cey2=0.0
cez2=0.0
oriw2=0.11985298849905543
orii2=0.09936928926965527
orij2=-0.9853913857145189
orik2=-0.06902769341002998
lvx2=-0.4669266549748371
lvy2=-3.371492659335511
lvz2=-0.4225166834052516
avx2=1.459938374140023
avy2=5.761198235743778
avz2=2.0385270261965145
shx2=1.0
shy2=0.8
shz2=0.6
req2=1.0
rhos2=0.03
rhof=1.0
ndiv=2
tend=100.0
dt=0.05
tprint=1
logevery=100
nbody=2
impulse_scheme=1
energy_projection=0
impulse_pair_metric_correction=0
