cex1=-1.5
cey1=0.0
cez1=0.0
oriw1=1.0
orii1=2.0
orij1=0.0
orik1=0.0
lvx1=-0.6434420797578323
lvy1=0.6523160716965369
lvz1=0.21037993516251022
avx1=5.539393411239371
avy1=2.508327649257456
avz1=1.5817176245606657
shx1=1.0
shy1=0.8
shz1=0.6
req1=1.0
rhos1=0.1
cex2=1.5
cey2=0.0
cez2=0.0
oriw2=1.0
orii2=0.0
orij2=1.0
orik2=0.0
lvx2=-0.7635754469439135
lvy2=0.7741062508405491
lvz2=0.24965876195135478
avx2=2.1827182474750075
avy2=1.529128331882497
avz2=5.689984639797485
shx2=1.0
shy2=0.8
shz2=0.6
req2=1.0
rhos2=0.1
rhof=1.0
ndiv=2
tend=100.0
dt=0.05
tprint=1
logevery=100
nbody=2
impulse_scheme=1
energy_projection=1
