cex1=-5.5
cey1=0.0
cez1=0.0
oriw1=0.04131899987772941
orii1=0.340513673084372
orij1=0.11780490773442473
orik1=-0.9319147935328516
lvx1=0.6574394194094153
lvy1=2.2141145614121145
lvz1=2.217160074075294
avx1=-4.799095990078278
avy1=3.2043593581164926
avz1=-2.4857949204275243
shx1=1.0
shy1=0.8
shz1=0.6
req1=1.0
rhos1=1.0
cex2=5.5
cey2=0.0
cez2=0.0
oriw2=0.27130043927383835
orii2=0.7650569681953501
orij2=-0.4759586155544738
orik2=-0.33844837618908735
lvx2=0.7313776498779645
lvy2=2.463122618873165
lvz2=2.4665106419038967
avx2=0.7624946400501427
avy2=4.646857455872524
avz2=-4.159775872935244
shx2=1.0
shy2=0.8
shz2=0.6
req2=1.0
rhos2=1.0
rhof=1.0
ndiv=2
tend=100.0
dt=0.05
tprint=1
logevery=100
nbody=2
impulse_scheme=1
energy_projection=0
impulse_pair_metric_correction=0
