cex1=-2.5
cey1=0.0
cez1=0.0
oriw1=-0.1944353516135199
orii1=-0.47264024160054385
orij1=0.7253960333342977
orik1=-0.4610929308562134
lvx1=0.27438874607567704
lvy1=0.6187663730008954
lvz1=-0.31513410868299807
avx1=3.66485979527918
avy1=2.4777469235868295
avz1=4.461837118044504
shx1=1.0
shy1=0.7
shz1=0.7
req1=1.0
rhos1=0.03
cex2=2.5
cey2=0.0
cez2=0.0
oriw2=-0.4818958200611685
orii2=-0.5105250418844883
orij2=-0.6481450476539021
orik2=0.29503999291305594
lvx2=0.2674063624157199
lvy2=0.6030205952532149
lvz2=-0.30711487581491087
avx2=-4.307169317256398
avy2=-4.57412761578328
avz2=0.06377014482703623
shx2=1.0
shy2=0.7
shz2=0.7
req2=1.0
rhos2=0.03
rhof=1.0
ndiv=2
tend=100.0
dt=0.05
tprint=1
logevery=100
nbody=2
impulse_scheme=1
energy_projection=0
impulse_pair_metric_correction=0
