cex1=-4.0
cey1=0.0
cez1=0.0
oriw1=0.6960676470814723
orii1=0.33871699305319697
orij1=0.21499411115344805
orik1=0.595431071974584
lvx1=-2.5040840085239253
lvy1=-0.8152759618571983
lvz1=2.0661079631702877
avx1=3.5962516121824057
avy1=-1.6482188697643605
avz1=4.88147175589346
shx1=1.0
shy1=0.7
shz1=0.7
req1=1.0
rhos1=0.1
cex2=4.0
cey2=0.0
cez2=0.0
oriw2=-0.2856946394882402
orii2=0.6725239449833108
orij2=0.036196194740449335
orik2=0.681747718645307
lvx2=-2.3162047079328825
lvy2=-0.754106497501763
lvz2=1.9110896340149348
avx2=-5.265301276607164
avy2=-2.030587546543796
avz2=-2.7625593725271593
shx2=1.0
shy2=0.7
shz2=0.7
req2=1.0
rhos2=0.1
rhof=1.0
ndiv=2
tend=100.0
dt=0.05
tprint=1
logevery=100
nbody=2
impulse_scheme=1
energy_projection=0
impulse_pair_metric_correction=0
