cex1=-2.5
cey1=0.0
cez1=0.0
oriw1=-0.2104343115901928
orii1=-0.7637011369651483
orij1=-0.4853747993901279
orik1=-0.3699855105550685
lvx1=0.2059585893500362
lvy1=0.6246578378674403
lvz1=0.35184395876844143
avx1=3.6912013237844086
avy1=4.744649522823593
avz1=1.8280457590606167
shx1=1.0
shy1=0.7
shz1=0.7
req1=1.0
rhos1=10.0
cex2=2.5
cey2=0.0
cez2=0.0
oriw2=-0.6578477876934882
orii2=0.3500966386436973
orij2=-0.6241224978637016
orik2=-0.23481852460472863
lvx2=0.21045807825251844
lvy2=0.6383044695432686
lvz2=0.35953054272145857
avx2=-3.021956384159537
avy2=4.971188548129877
avz2=2.3734956573664117
shx2=1.0
shy2=0.7
shz2=0.7
req2=1.0
rhos2=10.0
rhof=1.0
ndiv=2
tend=100.0
dt=0.05
tprint=1
logevery=100
nbody=2
impulse_scheme=1
energy_projection=0
impulse_pair_metric_correction=0
