cex1=-1.5
cey1=0.0
cez1=0.0
oriw1=0.7690468995391875
orii1=0.15233673618215152
orij1=-0.5968761026687183
orik1=-0.1705851786689987
lvx1=5.383640461465854
lvy1=-2.1974555935622364
lvz1=-1.7048741461366568
avx1=0.18109261432483897
avy1=-3.1734249720755177
avz1=-5.419870571886558
shx1=1.0
shy1=0.8
shz1=0.6
req1=1.0
rhos1=1.0
cex2=1.5
cey2=0.0
cez2=0.0
oriw2=-0.7194370609114286
orii2=0.2615970493852053
orij2=0.02191859007892251
orik2=-0.6430372264099738
lvx2=4.608880416552417
lvy2=-1.8812196178225034
lvz2=-1.4595255981630524
avx2=-4.81392309590267
avy2=4.028750506343843
avz2=0.27153524398597767
shx2=1.0
shy2=0.8
shz2=0.6
req2=1.0
rhos2=1.0
rhof=1.0
ndiv=2
tend=100.0
dt=0.05
tprint=1
logevery=100
nbody=2
impulse_scheme=1
energy_projection=0
impulse_pair_metric_correction=0
