cex1=-4.0
cey1=0.0
cez1=0.0
oriw1=0.32493635377410296
orii1=-0.16754391666518315
orij1=0.9216663079762524
orik1=-0.1299100408971728
lvx1=-3.585705836563343
lvy1=4.823680047007418
lvz1=2.957472358481699
avx1=-3.6246501515553486
avy1=1.6514341162128112
avz1=4.8593306373404594
shx1=1.3
shy1=1.3
shz1=0.5917159763313609
req1=1.0
rhos1=1.0
cex2=4.0
cey2=0.0
cez2=0.0
oriw2=0.646246500281373
orii2=0.6929187998589036
orij2=-0.08445111894983198
orik2=-0.30837802480769516
lvx2=-3.521788131633006
lvy2=4.737694589199068
lvz2=2.9047533530291387
avx2=-4.246842984800011
avy2=-0.8876507132150339
avz2=4.544757251838782
shx2=1.3
shy2=1.3
shz2=0.5917159763313609
req2=1.0
rhos2=1.0
rhof=1.0
ndiv=2
tend=100.0
dt=0.05
tprint=1
logevery=100
nbody=2
impulse_scheme=1
energy_projection=0
impulse_pair_metric_correction=0
