cex1=-4.0
cey1=0.0
cez1=0.0
oriw1=0.09518365176503261
orii1=0.3401588613488111
orij1=-0.6575001084619922
orik1=0.6655265801266106
lvx1=4.445455357373888
lvy1=-0.032797435585158206
lvz1=3.3911743939677805
avx1=-4.323638704496622
avy1=-4.155951860034308
avz1=1.8742011883502765
shx1=1.03
shy1=1.0
shz1=0.970873786407767
req1=1.0
rhos1=1.0
cex2=4.0
cey2=0.0
cez2=0.0
oriw2=0.7859215222930888
orii2=0.0038476403633797974
orij2=0.37296797928983316
orik2=0.49316066640052153
lvx2=4.462789616643906
lvy2=-0.03292532332805991
lvz2=3.4043976729008096
avx2=-4.657489543412051
avy2=-0.6736071135967583
avz2=4.1632273795550345
shx2=1.03
shy2=1.0
shz2=0.970873786407767
req2=1.0
rhos2=1.0
rhof=1.0
ndiv=2
tend=100.0
dt=0.05
tprint=1
logevery=100
nbody=2
impulse_scheme=1
energy_projection=0
impulse_pair_metric_correction=0
