cex1=-1.5
cey1=0.0
cez1=0.0
oriw1=0.4133390791213143
orii1=-0.044245369096516385
orij1=0.12684952265508936
orik1=-0.9006122093258746
lvx1=0.4009953444833062
lvy1=-1.0943388520601696
lvz1=-0.5094757602975846
avx1=-2.6251714020032315
avy1=-2.2607678534834457
avz1=-5.241738397432447
shx1=1.0
shy1=0.7
shz1=0.7
req1=1.0
rhos1=4.0
cex2=1.5
cey2=0.0
cez2=0.0
oriw2=-0.06421635179830187
orii2=-0.9878059737369634
orij2=-0.01091831502968685
orik2=0.1414086588869248
lvx2=0.40726345376039286
lvy2=-1.1114448748737593
lvz2=-0.5174395678168139
avx2=1.8640448290272824
avy2=1.103107845963134
avz2=5.898042688884903
shx2=1.0
shy2=0.7
shz2=0.7
req2=1.0
rhos2=4.0
rhof=1.0
ndiv=2
tend=100.0
dt=0.05
tprint=1
logevery=100
nbody=2
impulse_scheme=1
energy_projection=0
impulse_pair_metric_correction=0
