cex1=-2.5
cey1=0.0
cez1=0.0
oriw1=-0.14173380025859042
orii1=-0.8558644473969984
orij1=-0.20936902885133885
orik1=-0.45118974645257165
lvx1=7.38017283531545
lvy1=4.331240286771789
lvz1=-0.8162906765107496
avx1=5.028539375003994
avy1=3.6002505052414495
avz1=1.10923652026994
shx1=1.0
shy1=0.7
shz1=0.7
req1=1.0
rhos1=10.0
cex2=2.5
cey2=0.0
cez2=0.0
oriw2=-0.8266640965272469
orii2=0.17167324135971615
orij2=0.40769401065464483
orik2=-0.3477648104540909
lvx2=8.001959596901399
lvy2=4.696151506557242
lvz2=-0.8850639623925738
avx2=-3.0778139029501035
avy2=-3.2002560619348674
avz2=4.445654093742968
shx2=1.0
shy2=0.7
shz2=0.7
req2=1.0
rhos2=10.0
rhof=1.0
ndiv=2
tend=100.0
dt=0.05
tprint=1
logevery=100
nbody=2
impulse_scheme=1
energy_projection=0
impulse_pair_metric_correction=0
