cex1=-4.0
cey1=0.0
cez1=0.0
oriw1=-0.7648769996172421
orii1=0.513813841772954
orij1=-0.1246423731149559
orik1=0.36799835635952954
lvx1=-3.429742653842421
lvy1=7.711560145173255
lvz1=4.099947291624905
avx1=2.836235574562925
avy1=5.58633193449916
avz1=-0.47653004893292594
shx1=1.0
shy1=0.7
shz1=0.7
req1=1.0
rhos1=0.3
cex2=4.0
cey2=0.0
cez2=0.0
oriw2=0.6343286293573573
orii2=-0.4480766299660461
orij2=0.27535066399594094
orik2=-0.5666008608296337
lvx2=-3.3380280420469126
lvy2=7.505345622267312
lvz2=3.990310764285994
avx2=-3.702139015539578
avy2=1.521003267147479
avz2=4.843462952816277
shx2=1.0
shy2=0.7
shz2=0.7
req2=1.0
rhos2=0.3
rhof=1.0
ndiv=2
tend=100.0
dt=0.05
tprint=1
logevery=100
nbody=2
impulse_scheme=1
energy_projection=0
impulse_pair_metric_correction=0
