cex1=-1.5
cey1=0.0
cez1=0.0
oriw1=1.0
orii1=2.0
orij1=0.0
orik1=0.0
lvx1=1.921949321250472
lvy1=-0.4090509085023577
lvz1=-0.006105987606547909
avx1=4.607109290371448
avy1=1.2783829146467518
avz1=-4.076603821132218
shx1=1.0
shy1=0.7
shz1=0.7
req1=1.0
rhos1=0.1
cex2=1.5
cey2=0.0
cez2=0.0
oriw2=1.0
orii2=0.0
orij2=1.0
orik2=0.0
lvx2=2.063574390695539
lvy2=-0.4391931514234781
lvz2=-0.006555927107681805
avx2=2.6161640487068833
avy2=2.1884108724699356
avz2=5.276832490032862
shx2=1.0
shy2=0.7
shz2=0.7
req2=1.0
rhos2=0.1
rhof=1.0
ndiv=2
tend=100.0
dt=0.05
tprint=1
logevery=100
nbody=2
impulse_scheme=1
energy_projection=1
