cex1=-4.0
cey1=0.0
cez1=0.0
oriw1=0.2850654991640897
orii1=0.23839461743019832
orij1=-0.7750787657407027
orik1=-0.5110367642983298
lvx1=-0.14698400223603275
lvy1=-1.4461742638462427
lvz1=-3.2259418965097417
avx1=0.9519764362457429
avy1=-5.237714095721015
avz1=-3.3374405643660054
shx1=1.0
shy1=0.7
shz1=0.7
req1=1.0
rhos1=10.0
cex2=4.0
cey2=0.0
cez2=0.0
oriw2=-0.325842143910886
orii2=-0.5721918049181577
orij2=-0.1788095034471642
orik2=0.7310612813663688
lvx2=-0.13771592876846206
lvy2=-1.3549857731238752
lvz2=-3.022530191534157
avx2=-3.857768740736431
avy2=-2.113131198624585
avz2=4.4867264775951865
shx2=1.0
shy2=0.7
shz2=0.7
req2=1.0
rhos2=10.0
rhof=1.0
ndiv=2
tend=100.0
dt=0.05
tprint=1
logevery=100
nbody=2
impulse_scheme=1
energy_projection=0
impulse_pair_metric_correction=0
