cex1=-4.0
cey1=0.0
cez1=0.0
oriw1=-0.16897225914605749
orii1=-0.3953962049149241
orij1=0.5171773896426562
orik1=-0.7400255160603322
lvx1=4.406681455984115
lvy1=3.393432538130105
lvz1=-0.8036747260069435
avx1=-3.905923043445797
avy1=3.1946925257603915
avz1=-3.7438112197181153
shx1=1.003
shy1=1.0
shz1=0.9970089730807579
req1=1.0
rhos1=1.0
cex2=4.0
cey2=0.0
cez2=0.0
oriw2=0.17260843513630217
orii2=0.9283875114824067
orij2=-0.32901806703072506
orik2=0.00707588939050191
lvx2=4.406863912475542
lvy2=3.3935730415454266
lvz2=-0.8037080017660878
avx2=-0.6939210768376922
avy2=5.744924081088554
avz2=2.4480070355304724
shx2=1.0
shy2=1.0
shz2=1.0
req2=1.0
rhos2=1.0
rhof=1.0
ndiv=2
tend=100.0
dt=0.05
tprint=1
logevery=100
nbody=2
impulse_scheme=1
energy_projection=0
impulse_pair_metric_correction=0
