cex1=-1.5
cey1=0.0
cez1=0.0
oriw1=0.675412109026711
orii1=-0.14647371308659463
orij1=0.6459416458911359
orik1=0.3242272728475607
lvx1=-0.008105901641032797
lvy1=0.35335329687677913
lvz1=-0.7288246531053488
avx1=-1.9820416201206181
avy1=2.6024794938860416
avz1=-5.364422532236785
shx1=1.0
shy1=0.8
shz1=0.6
req1=1.0
rhos1=1.0
cex2=1.5
cey2=0.0
cez2=0.0
oriw2=-0.7803044106247526
orii2=-0.28007122902354464
orij2=0.5546682673152161
orik2=0.07091013091466201
lvx2=-0.007911984698424534
lvy2=0.34490004959778003
lvz2=-0.7113890296933542
avx2=-2.266649129121064
avy2=3.767681632016482
avz2=4.488350972192101
shx2=1.0
shy2=0.8
shz2=0.6
req2=1.0
rhos2=1.0
rhof=1.0
ndiv=2
tend=100.0
dt=0.05
tprint=1
logevery=100
nbody=2
impulse_scheme=1
energy_projection=0
impulse_pair_metric_correction=0
