cex1=-4.0
cey1=0.0
cez1=0.0
oriw1=-0.36659635114527994
orii1=0.6415868060117136
orij1=0.1844949430382485
orik1=-0.6480239977593174
lvx1=1.7958721629057035
lvy1=-3.579556406552518
lvz1=-3.951965891761002
avx1=3.0406448977942673
avy1=-5.2548329587817575
avz1=1.618526115073862
shx1=1.0
shy1=0.7
shz1=0.7
req1=1.0
rhos1=0.03
cex2=4.0
cey2=0.0
cez2=0.0
oriw2=-0.522804449557182
orii2=-0.32311882821449084
orij2=0.023431905352042738
orik2=0.7884926608333644
lvx2=1.8576549284859893
lvy2=-3.70270264096467
lvz2=-4.0879240002028085
avx2=-1.3491359090371235
avy2=-3.5951469299661802
avz2=4.973245263935689
shx2=1.0
shy2=0.7
shz2=0.7
req2=1.0
rhos2=0.03
rhof=1.0
ndiv=2
tend=100.0
dt=0.05
tprint=1
logevery=100
nbody=2
impulse_scheme=1
energy_projection=0
impulse_pair_metric_correction=0
