cex1=-1.5
cey1=0.0
cez1=0.0
oriw1=-0.5003329136781329
orii1=-0.760730788378554
orij1=-0.41263502238325483
orik1=-0.02622939965123918
lvx1=1.0241783056460712
lvy1=-0.19006269815380014
lvz1=-0.5955504759075685
avx1=-4.339998121916072
avy1=4.042790595245179
avz1=-2.073325374638419
shx1=1.0
shy1=0.7
shz1=0.7
req1=1.0
rhos1=10.0
cex2=1.5
cey2=0.0
cez2=0.0
oriw2=0.2579844137168663
orii2=0.8892687028830133
orij2=0.33366767909631834
orik2=-0.17694941728755237
lvx2=1.055019477409837
lvy2=-0.19578607296786474
lvz2=-0.613484339982019
avx2=3.596671866628985
avy2=4.997885131712096
avz2=-1.2504052536550598
shx2=1.0
shy2=0.7
shz2=0.7
req2=1.0
rhos2=10.0
rhof=1.0
ndiv=2
tend=100.0
dt=0.05
tprint=1
logevery=100
nbody=2
impulse_scheme=1
energy_projection=0
impulse_pair_metric_correction=0
