cex1=-2.5
cey1=0.0
cez1=0.0
oriw1=0.20231150111236434
orii1=-0.5772229612679806
orij1=-0.7764042754444194
orik1=-0.1519213960385819
lvx1=5.398008817891894
lvy1=-4.612619191758635
lvz1=5.045917576029056
avx1=-5.142535121256875
avy1=-2.1578412400600477
avz1=-2.8942134188226483
shx1=1.0
shy1=0.8
shz1=0.6
req1=1.0
rhos1=0.03
cex2=2.5
cey2=0.0
cez2=0.0
oriw2=-0.7917830624906721
orii2=-0.15432059665725525
orij2=0.13089888301651656
orik2=-0.576307398725081
lvx2=5.542033516096805
lvy2=-4.735688847522308
lvz2=5.180548100092976
avx2=-4.904371734957781
avy2=1.0688213523350691
avz2=3.7793089853169275
shx2=1.0
shy2=0.8
shz2=0.6
req2=1.0
rhos2=0.03
rhof=1.0
ndiv=2
tend=100.0
dt=0.05
tprint=1
logevery=100
nbody=2
impulse_scheme=1
energy_projection=0
impulse_pair_metric_correction=0
