cex1=-4.0
cey1=0.0
cez1=0.0
oriw1=0.5435106285886567
orii1=0.4624465044193043
orij1=0.33805060633661893
orik1=-0.6135643525474519
lvx1=0.17619750649983276
lvy1=-0.6380379130692722
lvz1=-0.3588933954307056
avx1=-2.107624159893378
avy1=5.9061940978465515
avz1=-0.3914195748218507
shx1=1.0
shy1=0.8
shz1=0.6
req1=1.0
rhos1=0.03
cex2=4.0
cey2=0.0
cez2=0.0
oriw2=0.18858542501034162
orii2=-0.5954601379540784
orij2=-0.30210411685572724
orik2=-0.7201360039327293
lvx2=0.1553488320928652
lvy2=-0.5625416987746904
lvz2=-0.31642712166335835
avx2=6.047324340258298
avy2=1.7040486435349271
avz2=-0.06711295362119554
shx2=1.0
shy2=0.8
shz2=0.6
req2=1.0
rhos2=0.03
rhof=1.0
ndiv=2
tend=100.0
dt=0.05
tprint=1
logevery=100
nbody=2
impulse_scheme=1
energy_projection=0
impulse_pair_metric_correction=0
