cex1=-4.0
cey1=0.0
cez1=0.0
oriw1=-0.07455697423286972
orii1=-0.49897283250863816
orij1=-0.48018745193654927
orik1=0.7175565350648199
lvx1=0.2636580734454454
lvy1=-4.9451788776989805
lvz1=-2.65371122319179
avx1=-5.977372225000082
avy1=-0.6437788458254837
avz1=1.8261948652382671
shx1=1.0006000899999998
shy1=0.9997000899730081
shz1=0.9997000899730081
req1=1.0
rhos1=1.0
cex2=4.0
cey2=0.0
cez2=0.0
oriw2=-0.09724351652889592
orii2=-0.8532528425010882
orij2=0.48022054552847826
orik2=-0.17858195012161288
lvx2=0.26371411027119185
lvy2=-4.946229906114055
lvz2=-2.654275232294383
avx2=-4.1344457952680544
avy2=4.556937788583915
avz2=1.2724360735705627
shx2=1.0006000899999998
shy2=0.9997000899730081
shz2=0.9997000899730081
req2=1.0
rhos2=1.0
rhof=1.0
ndiv=2
tend=100.0
dt=0.05
tprint=1
logevery=100
nbody=2
impulse_scheme=1
energy_projection=0
impulse_pair_metric_correction=0
