cex1=-4.0
cey1=0.0
cez1=0.0
oriw1=-0.4384540757031021
orii1=0.12319982793188554
orij1=-0.4387314773012429
orik1=0.77465767712065
lvx1=1.7790584624573496
lvy1=-5.295566781155585
lvz1=-0.6093107100466051
avx1=5.227077842301597
avy1=2.811117285552412
avz1=-2.062448651905196
shx1=1.00020001
shy1=0.9999000099990001
shz1=0.9999000099990001
req1=1.0
rhos1=1.0
cex2=4.0
cey2=0.0
cez2=0.0
oriw2=0.2684407258077606
orii2=0.16492087078522574
orij2=-0.9490552922896065
orik2=-0.005893664762704684
lvx2=4.772334553445143
lvy2=-14.205388334949635
lvz2=-1.6344794826602382
avx2=-2.159142849195297
avy2=5.8877133997156585
avz2=-0.3890381522870673
shx2=4.0
shy2=0.5
shz2=0.5
req2=1.0
rhos2=1.0
rhof=1.0
ndiv=2
tend=100.0
dt=0.05
tprint=1
logevery=100
nbody=2
impulse_scheme=1
energy_projection=0
impulse_pair_metric_correction=0
