cex1=-4.0
cey1=0.0
cez1=0.0
oriw1=0.5726934643287603
orii1=-0.6782940780229654
orij1=-0.45124547672248083
orik1=-0.09119681667470275
lvx1=5.451943272935068
lvy1=-1.31833031529325
lvz1=0.4458705426268318
avx1=0.8658788130618852
avy1=2.3814549580223296
avz1=5.749551614548636
shx1=1.003
shy1=1.0
shz1=0.9970089730807579
req1=1.0
rhos1=1.0
cex2=4.0
cey2=0.0
cez2=0.0
oriw2=0.01672995424342763
orii2=0.25130904717795177
orij2=-0.4387494794522285
orik2=-0.8625907289774921
lvx2=5.133039425343061
lvy2=-1.2412164150017182
lvz2=0.4197899646652998
avx2=-5.7792784007051745
avy2=1.6246142249769018
avz2=1.8544506980512498
shx2=2.0
shy2=1.0
shz2=0.5
req2=1.0
rhos2=1.0
rhof=1.0
ndiv=2
tend=100.0
dt=0.05
tprint=1
logevery=100
nbody=2
impulse_scheme=1
energy_projection=0
impulse_pair_metric_correction=0
