cex1=-4.0
cey1=0.0
cez1=0.0
oriw1=0.3399986512228777
orii1=0.22508775776830497
orij1=0.86283414393326
orik1=0.2987535079834529
lvx1=-4.2455976168451866
lvy1=3.3701179616290893
lvz1=1.7270531117186383
avx1=-2.0001141530639366
avy1=-3.1040232679359243
avz1=5.083601138089332
shx1=1.0609
shy1=0.970873786407767
shz1=0.970873786407767
req1=1.0
rhos1=1.0
cex2=4.0
cey2=0.0
cez2=0.0
oriw2=-0.8645748941236258
orii2=-0.43975676930414065
orij2=-0.24182827531243367
orik2=0.025363784451845346
lvx2=-4.200290238369157
lvy2=3.334153363997283
lvz2=1.7086226677523106
avx2=-3.6594422640959166
avy2=-4.321901306857104
avz2=-2.721776811917695
shx2=1.0609
shy2=0.970873786407767
shz2=0.970873786407767
req2=1.0
rhos2=1.0
rhof=1.0
ndiv=2
tend=100.0
dt=0.05
tprint=1
logevery=100
nbody=2
impulse_scheme=1
energy_projection=0
impulse_pair_metric_correction=0
