cex1=-4.0
cey1=0.0
cez1=0.0
oriw1=0.90868005690855
orii1=0.02909363571741751
orij1=-0.0904180752639001
orik1=0.4065448145075622
lvx1=-1.1750932496224855
lvy1=0.05841188548453451
lvz1=-7.265114319829429
avx1=-0.5555871701415582
avy1=6.243776428411803
avz1=-0.43011209322766114
shx1=1.6900000000000002
shy1=0.7692307692307692
shz1=0.7692307692307692
req1=1.0
rhos1=1.0
cex2=4.0
cey2=0.0
cez2=0.0
oriw2=0.2118013353771967
orii2=-0.8782376970433797
orij2=0.08598959373561046
orik2=-0.42005301045649207
lvx2=-1.078393508643459
lvy2=0.05360510593894044
lvz2=-6.667259917094821
avx2=3.121874693764511
avy2=-1.6606470635243211
avz2=5.193704586439069
shx2=1.6900000000000002
shy2=0.7692307692307692
shz2=0.7692307692307692
req2=1.0
rhos2=1.0
rhof=1.0
ndiv=2
tend=100.0
dt=0.05
tprint=1
logevery=100
nbody=2
impulse_scheme=1
energy_projection=0
impulse_pair_metric_correction=0
