cex1=-4.0
cey1=0.0
cez1=0.0
oriw1=-0.6792330973489248
orii1=-0.19508113330933974
orij1=0.391067958165774
orik1=0.5896198800825683
lvx1=4.551813301918596
lvy1=0.21844721191692165
lvz1=3.2931889820255584
avx1=-1.04889326281683
avy1=-6.056446391512492
avz1=1.3029572649592995
shx1=1.0020009999999997
shy1=0.9990009990009991
shz1=0.9990009990009991
req1=1.0
rhos1=1.0
cex2=4.0
cey2=0.0
cez2=0.0
oriw2=0.706808724240064
orii2=-0.03036509527431941
orij2=-0.5180014135732811
orik2=0.4808054948346548
lvx2=12.472372309547962
lvy2=0.5985647425086976
lvz2=9.023630000863902
avx2=-1.7487167747336192
avy2=-4.244598104182826
avz2=-4.289964356505802
shx2=4.0
shy2=0.5
shz2=0.5
req2=1.0
rhos2=1.0
rhof=1.0
ndiv=2
tend=100.0
dt=0.05
tprint=1
logevery=100
nbody=2
impulse_scheme=1
energy_projection=0
impulse_pair_metric_correction=0
