cex1=-4.0
cey1=0.0
cez1=0.0
oriw1=-0.40544929628837373
orii1=-0.21428172687572627
orij1=-0.06352669979250192
orik1=0.8863738308862081
lvx1=-3.344620154351138
lvy1=4.485572817449537
lvz1=0.5266280840195321
avx1=-2.6685484729945896
avy1=-3.8093151789807354
avz1=4.2244981381014535
shx1=1.00020001
shy1=0.9999000099990001
shz1=0.9999000099990001
req1=1.0
rhos1=1.0
cex2=4.0
cey2=0.0
cez2=0.0
oriw2=0.6048105090947813
orii2=-0.39512010007640297
orij2=-0.41410151907274695
orik2=0.5537185986634079
lvx2=-3.3447063671688917
lvy2=4.485688440107413
lvz2=0.5266416586824045
avx2=-0.580492317806718
avy2=5.243362422794187
avz2=-3.413004069226215
shx2=1.00020001
shy2=0.9999000099990001
shz2=0.9999000099990001
req2=1.0
rhos2=1.0
rhof=1.0
ndiv=2
tend=100.0
dt=0.05
tprint=1
logevery=100
nbody=2
impulse_scheme=1
energy_projection=0
impulse_pair_metric_correction=0
