cex1=-4.0
cey1=0.0
cez1=0.0
oriw1=0.9045647384636085
orii1=0.012735010425572357
orij1=-0.06793314696593224
orik1=0.4206964950900224
lvx1=-0.25998786758446
lvy1=-1.966183208209177
lvz1=-6.400838329461009
avx1=2.071973247529204
avy1=-3.3929085134395565
avz1=-4.865543781049565
shx1=1.3
shy1=1.3
shz1=0.5917159763313609
req1=1.0
rhos1=1.0
cex2=4.0
cey2=0.0
cez2=0.0
oriw2=-0.7945637459538495
orii2=0.5539739953122806
orij2=0.12481940464896293
orik2=0.21494506823049972
lvx2=-0.21803913738161831
lvy2=-1.6489419088484276
lvz2=-5.368070752076497
avx2=4.940839739758387
avy2=3.7623402444877128
avz2=-0.9546288048712116
shx2=1.0
shy2=1.0
shz2=1.0
req2=1.0
rhos2=1.0
rhof=1.0
ndiv=2
tend=100.0
dt=0.05
tprint=1
logevery=100
nbody=2
impulse_scheme=1
energy_projection=0
impulse_pair_metric_correction=0
