cex1=-2.5
cey1=0.0
cez1=0.0
oriw1=-0.8179947578664584
orii1=-0.42039138733792236
orij1=-0.3252538357132824
orik1=-0.21992180407792244
lvx1=-0.6922672582747735
lvy1=-0.9290166642089787
lvz1=0.24352758080758424
avx1=4.625107322160146
avy1=3.950681243756428
avz1=1.5744578664064657
shx1=1.0
shy1=0.7
shz1=0.7
req1=1.0
rhos1=1.0
cex2=2.5
cey2=0.0
cez2=0.0
oriw2=-0.4702953689920279
orii2=-0.031987626411759264
orij2=-0.215640350908266
orik2=0.8551598077092691
lvx2=-0.7247697062270587
lvy2=-0.9726346678258315
lvz2=0.2549613766798176
avx2=3.5160683964124586
avy2=-5.019142174682016
avz2=-1.3870445077340676
shx2=1.0
shy2=0.7
shz2=0.7
req2=1.0
rhos2=1.0
rhof=1.0
ndiv=2
tend=100.0
dt=0.05
tprint=1
logevery=100
nbody=2
impulse_scheme=1
energy_projection=0
impulse_pair_metric_correction=0
