cex1=-5.5
cey1=0.0
cez1=0.0
oriw1=1.0
orii1=1.0
orij1=1.0
orik1=0.0
lvx1=-2.1142555328076624
lvy1=-2.1600080537456705
lvz1=-0.08146727207687215
avx1=-5.938385165994194
avy1=-0.7075392519420578
avz1=1.9270151612322155
shx1=1.0
shy1=0.8
shz1=0.6
req1=1.0
rhos1=0.03
cex2=5.5
cey2=0.0
cez2=0.0
oriw2=1.0
orii2=-1.0
orij2=0.0
orik2=1.0
lvx2=-2.3980375881229534
lvy2=-2.4499311569268274
lvz2=-0.09240206664269437
avx2=1.0402154514020177
avy2=5.968785418717704
avz2=1.6643226983745871
shx2=1.0
shy2=0.8
shz2=0.6
req2=1.0
rhos2=0.03
rhof=1.0
ndiv=2
tend=100.0
dt=0.05
tprint=1
logevery=100
nbody=2
impulse_scheme=1
energy_projection=0
impulse_pair_metric_correction=0
