cex1=-4.0
cey1=0.0
cez1=0.0
oriw1=-0.5406934118778239
orii1=0.4284413295918052
orij1=0.6114974811116229
orik1=-0.38750418325956737
lvx1=5.863887305253483
lvy1=-5.349006455938677
lvz1=-4.784486368595514
avx1=-1.962608393909157
avy1=4.6718302853245195
avz1=3.714914222648941
shx1=2.0
shy1=2.0
shz1=0.25
req1=1.0
rhos1=1.0
cex2=4.0
cey2=0.0
cez2=0.0
oriw2=-0.744765274173088
orii2=0.27011798405068554
orij2=0.2044045356781792
orik2=-0.574960648107735
lvx2=3.5558492162157243
lvy2=-3.243626526867605
lvz2=-2.901302705548797
avx2=-1.9307627730480383
avy2=3.490335690466909
avz2=-4.854701791708957
shx2=1.0
shy2=1.0
shz2=1.0
req2=1.0
rhos2=1.0
rhof=1.0
ndiv=2
tend=100.0
dt=0.05
tprint=1
logevery=100
nbody=2
impulse_scheme=1
energy_projection=0
impulse_pair_metric_correction=0
