cex1=-5.5
cey1=0.0
cez1=0.0
oriw1=-0.28364388044562844
orii1=0.7866117520137316
orij1=0.2658654477203289
orik1=-0.4796912177516939
lvx1=0.08925911348348044
lvy1=3.378972943108986
lvz1=1.0366397570735573
avx1=1.0421711013423987
avy1=-5.640585864211614
avz1=-2.5643884472404563
shx1=1.0
shy1=0.7
shz1=0.7
req1=1.0
rhos1=4.0
cex2=5.5
cey2=0.0
cez2=0.0
oriw2=0.36080786732579806
orii2=-0.41643676034424787
orij2=0.798657068455958
orik2=-0.2419607292829396
lvx2=0.07767652184556695
lvy2=2.94050495672423
lvz2=0.9021215604074986
avx2=5.367866185808987
avy2=2.2723122831255056
avz2=2.345426848904665
shx2=1.0
shy2=0.7
shz2=0.7
req2=1.0
rhos2=4.0
rhof=1.0
ndiv=2
tend=100.0
dt=0.05
tprint=1
logevery=100
nbody=2
impulse_scheme=1
energy_projection=0
impulse_pair_metric_correction=0
