cex1=-5.5
cey1=0.0
cez1=0.0
oriw1=0.706318422303681
orii1=0.38680873491123413
orij1=0.2583325777117904
orik1=0.5336268061141527
lvx1=-2.4417325646603545
lvy1=-2.278035455279429
lvz1=4.399685705146769
avx1=-3.618266246404432
avy1=-0.6882011788025681
avz1=5.090476020175576
shx1=1.0
shy1=0.7
shz1=0.7
req1=1.0
rhos1=0.03
cex2=5.5
cey2=0.0
cez2=0.0
oriw2=-0.02155446006395932
orii2=-0.3946264070287837
orij2=0.9157434452947842
orik2=0.07224504499647379
lvx2=-2.4094239202099064
lvy2=-2.247892826788755
lvz2=4.341469714092451
avx2=-3.972377736479177
avy2=4.489206412232996
avz2=-1.8829919042439245
shx2=1.0
shy2=0.7
shz2=0.7
req2=1.0
rhos2=0.03
rhof=1.0
ndiv=2
tend=100.0
dt=0.05
tprint=1
logevery=100
nbody=2
impulse_scheme=1
energy_projection=0
impulse_pair_metric_correction=0
