cex1=-4.0
cey1=0.0
cez1=0.0
oriw1=-0.21100111445283887
orii1=0.7780005196852999
orij1=0.3141711101329705
orik1=-0.5014880204221035
lvx1=-0.9424031653734088
lvy1=-7.962544128594465
lvz1=-6.881061812290879
avx1=4.796997573513182
avy1=-3.7611128445704356
avz1=-1.5235688545232777
shx1=4.0
shy1=0.5
shz1=0.5
req1=1.0
rhos1=1.0
cex2=4.0
cey2=0.0
cez2=0.0
oriw2=-0.0406578073815403
orii2=0.6408352101615423
orij2=-0.7664076656897107
orik2=0.017218190618813904
lvx2=-1.055293596765501
lvy2=-8.916376919785728
lvz2=-7.705343887062321
avx2=4.302490383660113
avy2=3.464542723074308
avz2=2.99398360430757
shx2=4.0
shy2=0.5
shz2=0.5
req2=1.0
rhos2=1.0
rhof=1.0
ndiv=2
tend=100.0
dt=0.05
tprint=1
logevery=100
nbody=2
impulse_scheme=1
energy_projection=0
impulse_pair_metric_correction=0
