cex1=-2.5
cey1=0.0
cez1=0.0
oriw1=1.0
orii1=2.0
orij1=0.0
orik1=0.0
lvx1=0.4719490399735152
lvy1=0.3423186422932837
lvz1=-1.1247417698117337
avx1=0.6162333003338396
avy1=6.090413505324132
avz1=1.4161699961807253
shx1=1.0
shy1=0.8
shz1=0.6
req1=1.0
rhos1=4.0
cex2=2.5
cey2=0.0
cez2=0.0
oriw2=1.0
orii2=0.0
orij2=1.0
orik2=0.0
lvx2=0.43995240526942087
lvy2=0.3191105337431012
lvz2=-1.0484878769187167
avx2=-5.260478615089247
avy2=0.16480478810707017
avz2=3.431999668759182
shx2=1.0
shy2=0.8
shz2=0.6
req2=1.0
rhos2=4.0
rhof=1.0
ndiv=2
tend=100.0
dt=0.05
tprint=1
logevery=100
nbody=2
impulse_scheme=1
energy_projection=0
impulse_pair_metric_correction=0
