cex1=-1.5
cey1=0.0
cez1=0.0
oriw1=0.44000431802913964
orii1=0.15340340316953385
orij1=0.8410267495244088
orik1=0.27484104969258966
lvx1=-0.5278997025618264
lvy1=-0.1905152649530499
lvz1=0.44398258975474225
avx1=-4.661122902430056
avy1=4.0382194241340175
avz1=-1.2021375858636842
shx1=1.0
shy1=0.7
shz1=0.7
req1=1.0
rhos1=0.03
cex2=1.5
cey2=0.0
cez2=0.0
oriw2=0.7588706346975388
orii2=0.004168147808501212
orij2=-0.33031807800193186
orik2=0.5612378762010907
lvx2=-0.5415094293209611
lvy2=-0.19542691897913173
lvz2=0.4554288582467526
avx2=-4.103291477559108
avy2=2.3930734560891413
avz2=-4.112738271311438
shx2=1.0
shy2=0.7
shz2=0.7
req2=1.0
rhos2=0.03
rhof=1.0
ndiv=2
tend=100.0
dt=0.05
tprint=1
logevery=100
nbody=2
impulse_scheme=1
energy_projection=0
impulse_pair_metric_correction=0
