cex1=-4.0
cey1=0.0
cez1=0.0
oriw1=0.46763926115618987
orii1=0.7405401163031724
orij1=-0.4419746080700677
orik1=0.1938357639660102
lvx1=-4.642563822158434
lvy1=-3.111959391093303
lvz1=0.5928554518514159
avx1=3.7331520914133347
avy1=-1.8597683451575773
avz1=4.699282367456069
shx1=1.0003
shy1=1.0003
shz1=0.9994002698920407
req1=1.0
rhos1=1.0
cex2=4.0
cey2=0.0
cez2=0.0
oriw2=0.11361948915783514
orii2=0.6514569516083288
orij2=-0.27661692832009277
orik2=0.6972643163474327
lvx2=-4.642091034932031
lvy2=-3.111642476839552
lvz2=0.592795076917333
avx2=0.6351091049331566
avy2=-1.6702609650952964
avz2=6.023726615448893
shx2=1.0
shy2=1.0
shz2=1.0
req2=1.0
rhos2=1.0
rhof=1.0
ndiv=2
tend=100.0
dt=0.05
tprint=1
logevery=100
nbody=2
impulse_scheme=1
energy_projection=0
impulse_pair_metric_correction=0
