cex1=-4.0
cey1=0.0
cez1=0.0
oriw1=-0.5085378719258618
orii1=0.48727646657708507
orij1=-0.018302528633007444
orik1=-0.7096589993672346
lvx1=-1.4557773967366912
lvy1=2.8988536412819137
lvz1=-1.6890291331117657
avx1=1.752162485611918
avy1=2.1391857943386015
avz1=-5.642005704150929
shx1=1.0
shy1=0.8
shz1=0.6
req1=1.0
rhos1=0.3
cex2=4.0
cey2=0.0
cez2=0.0
oriw2=0.4818807453437518
orii2=0.06477659014128942
orij2=-0.030566380576231438
orik2=0.8733044354720103
lvx2=-1.3857907469162423
lvy2=2.7594909508541643
lvz2=-1.6078288817954514
avx2=2.4714446300775803
avy2=-4.271151937831146
avz2=-3.889426714668804
shx2=1.0
shy2=0.8
shz2=0.6
req2=1.0
rhos2=0.3
rhof=1.0
ndiv=2
tend=100.0
dt=0.05
tprint=1
logevery=100
nbody=2
impulse_scheme=1
energy_projection=0
impulse_pair_metric_correction=0
