cex1=-4.0
cey1=0.0
cez1=0.0
oriw1=0.2067625665736341
orii1=0.24772077301474998
orij1=0.2723865660342896
orik1=0.906470748742013
lvx1=4.288944171660024
lvy1=1.6705937098645958
lvz1=-3.328797386875783
avx1=-2.312857784525706
avy1=-3.972175037813
avz1=4.283798774673195
shx1=1.0609
shy1=0.970873786407767
shz1=0.970873786407767
req1=1.0
rhos1=1.0
cex2=4.0
cey2=0.0
cez2=0.0
oriw2=0.18339235077617722
orii2=-0.4272252661064738
orij2=0.4633496038432916
orik2=-0.7544222705456839
lvx2=4.191076915981301
lvy2=1.6324732738796939
lvz2=-3.252839236821817
avx2=-5.024560529879478
avy2=2.28976053069206
avz2=2.9982004265925104
shx2=1.0609
shy2=0.970873786407767
shz2=0.970873786407767
req2=1.0
rhos2=1.0
rhof=1.0
ndiv=2
tend=100.0
dt=0.05
tprint=1
logevery=100
nbody=2
impulse_scheme=1
energy_projection=0
impulse_pair_metric_correction=0
