cex1=-4.0
cey1=0.0
cez1=0.0
oriw1=-0.01178895454461925
orii1=-0.7123513541378896
orij1=0.7000984902581958
orik1=0.04773544539286084
lvx1=-6.335880047157041
lvy1=-0.07269937258762396
lvz1=-3.6730614380435775
avx1=-4.083634396341623
avy1=-1.0044714793664105
avz1=-4.668338544762203
shx1=2.0
shy1=1.0
shz1=0.5
req1=1.0
rhos1=1.0
cex2=4.0
cey2=0.0
cez2=0.0
oriw2=-0.12238187735948484
orii2=0.8337668812684091
orij2=-0.3368447345475812
orik2=-0.41998939105826016
lvx2=-7.670636376043118
lvy2=-0.08801467952922537
lvz2=-4.446851655712852
avx2=-0.4492878367347684
avy2=-0.33240147990803987
avz2=6.25827989948313
shx2=2.0
shy2=1.0
shz2=0.5
req2=1.0
rhos2=1.0
rhof=1.0
ndiv=2
tend=100.0
dt=0.05
tprint=1
logevery=100
nbody=2
impulse_scheme=1
energy_projection=0
impulse_pair_metric_correction=0
