cex1=-5.5
cey1=0.0
cez1=0.0
oriw1=0.870489484912501
orii1=0.12242186164979262
orij1=-0.10714570335738652
orik1=0.46452205835570226
lvx1=2.5957596522844373
lvy1=8.045495373336669
lvz1=2.6699572725573395
avx1=-5.082622346638747
avy1=-0.3161047605956669
avz1=3.6804137628987625
shx1=1.0
shy1=0.8
shz1=0.6
req1=1.0
rhos1=1.0
cex2=5.5
cey2=0.0
cez2=0.0
oriw2=-0.5771557793132494
orii2=0.2464596780715771
orij2=0.5097222650990658
orik2=-0.5884998266375685
lvx2=2.6439627953690796
lvy2=8.194899870138393
lvz2=2.7195382622016226
avx2=3.803158898997841
avy2=4.431225693174565
avz2=-2.3191892655582387
shx2=1.0
shy2=0.8
shz2=0.6
req2=1.0
rhos2=1.0
rhof=1.0
ndiv=2
tend=100.0
dt=0.05
tprint=1
logevery=100
nbody=2
impulse_scheme=1
energy_projection=0
impulse_pair_metric_correction=0
