cex1=-2.5
cey1=0.0
cez1=0.0
oriw1=-0.12412029107158659
orii1=0.4673420688325657
orij1=0.8725050230170834
orik1=-0.07014648140541843
lvx1=0.0352208024566065
lvy1=-0.46232571137813994
lvz1=-1.1389158004153712
avx1=3.2965211467128586
avy1=-4.92978851858911
avz1=-2.075704963529107
shx1=1.0
shy1=0.8
shz1=0.6
req1=1.0
rhos1=10.0
cex2=2.5
cey2=0.0
cez2=0.0
oriw2=-0.5915976432719735
orii2=0.7759832824813058
orij2=-0.11317685533287851
orik2=-0.18722492676335986
lvx2=0.03263770578478501
lvy2=-0.4284187040681924
lvz2=-1.0553876179680113
avx2=5.40492309302907
avy2=-2.8457334765584674
avz2=1.4720818398421203
shx2=1.0
shy2=0.8
shz2=0.6
req2=1.0
rhos2=10.0
rhof=1.0
ndiv=2
tend=100.0
dt=0.05
tprint=1
logevery=100
nbody=2
impulse_scheme=1
energy_projection=0
impulse_pair_metric_correction=0
