cex1=-1.5
cey1=0.0
cez1=0.0
oriw1=0.4681154865600233
orii1=0.5562306681131228
orij1=0.2383216107053376
orik1=0.6439550799270979
lvx1=0.22112607029674836
lvy1=-2.342531035495995
lvz1=2.6566818756092094
avx1=0.4738877751358446
avy1=0.5881644638285349
avz1=-6.237620583557765
shx1=1.0
shy1=0.7
shz1=0.7
req1=1.0
rhos1=0.1
cex2=1.5
cey2=0.0
cez2=0.0
oriw2=-0.38437876635648066
orii2=0.0458652746848319
orij2=-0.4742005677237132
orik2=0.7907484822134425
lvx2=0.20643164512439552
lvy2=-2.1868635152944376
lvz2=2.4801381827940814
avx2=3.8749899185493746
avy2=0.5568151719834422
avz2=4.914552634751936
shx2=1.0
shy2=0.7
shz2=0.7
req2=1.0
rhos2=0.1
rhof=1.0
ndiv=2
tend=100.0
dt=0.05
tprint=1
logevery=100
nbody=2
impulse_scheme=1
energy_projection=0
impulse_pair_metric_correction=0
