cex1=-2.5
cey1=0.0
cez1=0.0
oriw1=0.20796966469830896
orii1=-0.05319064432853307
orij1=0.8303463119060001
orik1=-0.51424155435485
lvx1=0.15565887951196203
lvy1=4.202280958213953
lvz1=2.736692287758723
avx1=5.5654701680955965
avy1=2.4590870012601287
avz1=-1.5674343790503245
shx1=1.0
shy1=0.7
shz1=0.7
req1=1.0
rhos1=10.0
cex2=2.5
cey2=0.0
cez2=0.0
oriw2=-0.936354370633442
orii2=-0.11767332864828894
orij2=-0.30101006741651826
orik2=-0.13706356056365146
lvx2=0.1542227039806796
lvy2=4.163508913171079
lvz2=2.7114423918796615
avx2=5.702985324216732
avy2=0.9311364931061669
avz2=2.467257754538825
shx2=1.0
shy2=0.7
shz2=0.7
req2=1.0
rhos2=10.0
rhof=1.0
ndiv=2
tend=100.0
dt=0.05
tprint=1
logevery=100
nbody=2
impulse_scheme=1
energy_projection=0
impulse_pair_metric_correction=0
