cex1=-4.0
cey1=0.0
cez1=0.0
oriw1=0.1305352000313066
orii1=-0.7349667111211354
orij1=-0.6461274573112171
orik1=0.15907169454403122
lvx1=4.02965975597199
lvy1=3.7938919444619645
lvz1=-0.9751719070668106
avx1=-1.9659822860716227
avy1=5.687736656497231
avz1=-1.8063728799856744
shx1=1.0
shy1=1.0
shz1=1.0
req1=1.0
rhos1=1.0
cex2=4.0
cey2=0.0
cez2=0.0
oriw2=-0.36084316053042187
orii2=0.35570455692888153
orij2=0.8026545992534668
orik2=0.3146618438509837
lvx2=4.02965975597199
lvy2=3.793891944461964
lvz2=-0.9751719070668103
avx2=-0.4122117983208605
avy2=-6.091460871518464
avz2=1.4841170736980371
shx2=1.0
shy2=1.0
shz2=1.0
req2=1.0
rhos2=1.0
rhof=1.0
ndiv=2
tend=100.0
dt=0.05
tprint=1
logevery=100
nbody=2
impulse_scheme=1
energy_projection=0
impulse_pair_metric_correction=0
