cex1=-1.5
cey1=0.0
cez1=0.0
oriw1=0.4094098715315014
orii1=0.16727778302607826
orij1=-0.5072859256421709
orik1=-0.7396368636322865
lvx1=-0.808289218239853
lvy1=0.08983270311554623
lvz1=-0.7673270316391472
avx1=-5.763970377142842
avy1=2.1779417050071657
avz1=1.2294848617887584
shx1=1.0
shy1=0.8
shz1=0.6
req1=1.0
rhos1=0.03
cex2=1.5
cey2=0.0
cez2=0.0
oriw2=0.8834187638461893
orii2=0.2688529850224277
orij2=0.3600490131839874
orik2=0.1328686126752213
lvx2=-0.9368684578242091
lvy2=0.1041229106251268
lvz2=-0.889390179351957
avx2=0.8662059481411312
avy2=-5.221181892432294
avz2=-3.3863497317760145
shx2=1.0
shy2=0.8
shz2=0.6
req2=1.0
rhos2=0.03
rhof=1.0
ndiv=2
tend=100.0
dt=0.05
tprint=1
logevery=100
nbody=2
impulse_scheme=1
energy_projection=0
impulse_pair_metric_correction=0
