cex1=-4.0
cey1=0.0
cez1=0.0
oriw1=0.562956092693746
orii1=-0.5098083522968019
orij1=0.3893234514458773
orik1=-0.5211555734919086
lvx1=-3.6418755351575656
lvy1=1.6774104819344031
lvz1=3.9374392334208754
avx1=-2.5226006247911874
avy1=-5.452043315840206
avz1=-1.8412298537560903
shx1=1.0001
shy1=1.0001
shz1=0.9998000299960006
req1=1.0
rhos1=1.0
cex2=4.0
cey2=0.0
cez2=0.0
oriw2=0.43949509885468496
orii2=0.06296647307839615
orij2=0.20631662647034393
orik2=-0.8719591337859103
lvx2=-3.6422712383810576
lvy2=1.6775927387766296
lvz2=3.937867050731469
avx2=-1.3020620221277983
avy2=2.406802466962894
avz2=-5.656001589454447
shx2=1.0001
shy2=1.0001
shz2=0.9998000299960006
req2=1.0
rhos2=1.0
rhof=1.0
ndiv=2
tend=100.0
dt=0.05
tprint=1
logevery=100
nbody=2
impulse_scheme=1
energy_projection=0
impulse_pair_metric_correction=0
