cex1=-2.5
cey1=0.0
cez1=0.0
oriw1=-0.7108620238669475
orii1=-0.536929566404125
orij1=-0.09250457129807106
orik1=-0.44477491839561467
lvx1=-0.06636115129679546
lvy1=-0.5065424900214048
lvz1=2.0047120083218273
avx1=-3.3199879016751543
avy1=-3.933715204311984
avz1=3.603051849259564
shx1=1.0
shy1=0.7
shz1=0.7
req1=1.0
rhos1=1.0
cex2=2.5
cey2=0.0
cez2=0.0
oriw2=-0.8147122893527231
orii2=-0.3928775726043721
orij2=-0.16506995416257358
orik2=0.3932467530125416
lvx2=-0.0636579838920484
lvy2=-0.48590889459113096
lvz2=1.9230516987746922
avx2=4.398605703838684
avy2=-4.0947720386529705
avz2=-1.8339922077209152
shx2=1.0
shy2=0.7
shz2=0.7
req2=1.0
rhos2=1.0
rhof=1.0
ndiv=2
tend=100.0
dt=0.05
tprint=1
logevery=100
nbody=2
impulse_scheme=1
energy_projection=0
impulse_pair_metric_correction=0
