cex1=-2.5
cey1=0.0
cez1=0.0
oriw1=-0.4680084339976511
orii1=-0.32270930252199703
orij1=0.8136800822316231
orik1=-0.1214558996194569
lvx1=0.03465806665589974
lvy1=-1.0977946882766554
lvz1=-0.7044122186025967
avx1=-3.3856042637632333
avy1=0.09938321564307716
avz1=5.292090735238209
shx1=1.0
shy1=0.8
shz1=0.6
req1=1.0
rhos1=0.3
cex2=2.5
cey2=0.0
cez2=0.0
oriw2=-0.2809941547071874
orii2=0.45720476503728974
orij2=0.09945577765720275
orik2=-0.8379228103698997
lvx2=0.03358928932091949
lvy2=-1.0639411530249399
lvz2=-0.6826897197338534
avx2=0.18398907558317465
avy2=6.211433684276491
avz2=-0.9287934163520248
shx2=1.0
shy2=0.8
shz2=0.6
req2=1.0
rhos2=0.3
rhof=1.0
ndiv=2
tend=100.0
dt=0.05
tprint=1
logevery=100
nbody=2
impulse_scheme=1
energy_projection=0
impulse_pair_metric_correction=0
