cex1=-2.5
cey1=0.0
cez1=0.0
oriw1=1.0
orii1=1.0
orij1=1.0
orik1=0.0
lvx1=0.03465806665589974
lvy1=-1.0977946882766554
lvz1=-0.7044122186025967
avx1=-3.3856042637632333
avy1=0.09938321564307716
avz1=5.292090735238209
shx1=1.0
shy1=0.8
shz1=0.6
req1=1.0
rhos1=0.3
cex2=2.5
cey2=0.0
cez2=0.0
oriw2=1.0
orii2=-1.0
orij2=0.0
orik2=1.0
lvx2=0.03358928932091949
lvy2=-1.0639411530249399
lvz2=-0.6826897197338534
avx2=0.18398907558317465
avy2=6.211433684276491
avz2=-0.9287934163520248
shx2=1.0
shy2=0.8
shz2=0.6
req2=1.0
rhos2=0.3
rhof=1.0
ndiv=2
tend=100.0
dt=0.05
tprint=1
logevery=100
nbody=2
impulse_scheme=1
energy_projection=0
impulse_pair_metric_correction=0
