cex1=-1.5
cey1=0.0
cez1=0.0
oriw1=0.2565411846068383
orii1=0.8701137143822819
orij1=0.045157299361599325
orik1=-0.41838924813952355
lvx1=-4.024048689483874
lvy1=8.571756344064262
lvz1=1.7430476634449181
avx1=-1.5357851490819157
avy1=-6.042214958777652
avz1=0.7819334831943459
shx1=1.0
shy1=0.7
shz1=0.7
req1=1.0
rhos1=0.03
cex2=1.5
cey2=0.0
cez2=0.0
oriw2=-0.5827328211271646
orii2=-0.12371105599827745
orij2=0.6424994337136818
orik2=0.48198808230345824
lvx2=-3.8758000923218963
lvy2=8.255967209468876
lvz2=1.6788326424966216
avx2=-3.244969970917192
avy2=4.11739038512358
avz2=3.463478584991543
shx2=1.0
shy2=0.7
shz2=0.7
req2=1.0
rhos2=0.03
rhof=1.0
ndiv=2
tend=100.0
dt=0.05
tprint=1
logevery=100
nbody=2
impulse_scheme=1
energy_projection=0
impulse_pair_metric_correction=0
