cex1=-4.0
cey1=0.0
cez1=0.0
oriw1=0.2758849589712862
orii1=-0.5333186135277188
orij1=-0.11591695274560262
orik1=-0.791215524332313
lvx1=5.364536110636788
lvy1=0.03939773744178066
lvz1=1.6734747153120917
avx1=5.515927416769103
avy1=2.9734335608145614
avz1=0.46005999251618374
shx1=1.0001
shy1=1.0
shz1=0.9999000099990001
req1=1.0
rhos1=1.0
cex2=4.0
cey2=0.0
cez2=0.0
oriw2=-0.4373168580716597
orii2=-0.6326415316984987
orij2=-0.5936394900554499
orik2=0.23687721262969674
lvx2=6.76367537084269
lvy2=0.0496731685473299
lvz2=2.10993820942717
avx2=4.305981500396825
avy2=1.7729532731735438
avz2=4.218243427511142
shx2=2.0
shy2=1.0
shz2=0.5
req2=1.0
rhos2=1.0
rhof=1.0
ndiv=2
tend=100.0
dt=0.05
tprint=1
logevery=100
nbody=2
impulse_scheme=1
energy_projection=0
impulse_pair_metric_correction=0
