cex1=-4.0
cey1=0.0
cez1=0.0
oriw1=0.47102024571488227
orii1=0.4195229739186789
orij1=-0.47456645453002483
orik1=0.6139438758680806
lvx1=1.8322986632469425
lvy1=0.2674394431642689
lvz1=-5.3060377458211665
avx1=3.5442560106839385
avy1=3.1717757780181595
avz1=-4.105667466937076
shx1=1.00020001
shy1=0.9999000099990001
shz1=0.9999000099990001
req1=1.0
rhos1=1.0
cex2=4.0
cey2=0.0
cez2=0.0
oriw2=0.9550962992618396
orii2=0.01197440899143684
orij2=0.12269158870147819
orik2=-0.26943356644551864
lvx2=1.8321884273789848
lvy2=0.2674233533096318
lvz2=-5.305718520747186
avx2=-5.328669538953737
avy2=-2.181240592876588
avz2=-2.515131810655535
shx2=1.00020001
shy2=0.9999000099990001
shz2=0.9999000099990001
req2=1.0
rhos2=1.0
rhof=1.0
ndiv=2
tend=100.0
dt=0.05
tprint=1
logevery=100
nbody=2
impulse_scheme=1
energy_projection=0
impulse_pair_metric_correction=0
