cex1=-2.5
cey1=0.0
cez1=0.0
oriw1=0.18353928957521623
orii1=0.9241290574405919
orij1=-0.3191699549704413
orik1=0.1021242097661203
lvx1=0.840251166971607
lvy1=8.249736985347916
lvz1=0.6329141336855056
avx1=5.572107277995288
avy1=1.7175319408117122
avz1=2.3409660653586855
shx1=1.0
shy1=0.7
shz1=0.7
req1=1.0
rhos1=4.0
cex2=2.5
cey2=0.0
cez2=0.0
oriw2=-0.10146318860614344
orii2=0.3251555785722668
orij2=-0.8962160823230564
orik2=0.2842108457936137
lvx2=0.9395165587783737
lvy2=9.22434244421901
lvz2=0.7076851925425474
avx2=-3.1553427580126088
avy2=5.336797326103239
avz2=-1.0202078140811008
shx2=1.0
shy2=0.7
shz2=0.7
req2=1.0
rhos2=4.0
rhof=1.0
ndiv=2
tend=100.0
dt=0.05
tprint=1
logevery=100
nbody=2
impulse_scheme=1
energy_projection=0
impulse_pair_metric_correction=0
