cex1=-5.5
cey1=0.0
cez1=0.0
oriw1=-0.07819803948492506
orii1=-0.9064617180428146
orij1=-0.4132457085229948
orik1=-0.03795002939275284
lvx1=2.270183409608043
lvy1=2.0182692876962736
lvz1=-2.1921519891315553
avx1=0.3905386520979603
avy1=0.6728649321610021
avz1=-6.23483359430249
shx1=1.0
shy1=0.8
shz1=0.6
req1=1.0
rhos1=0.3
cex2=5.5
cey2=0.0
cez2=0.0
oriw2=-0.7834398766765098
orii2=-0.5807194401530751
orij2=0.22094848609604745
orik2=-0.012986837692785937
lvx2=1.778777156935479
lvy2=1.5813926268267506
lvz2=-1.7176364985730925
avx2=-6.25738281214279
avy2=0.5154533535381638
avz2=-0.24059465285763637
shx2=1.0
shy2=0.8
shz2=0.6
req2=1.0
rhos2=0.3
rhof=1.0
ndiv=2
tend=100.0
dt=0.05
tprint=1
logevery=100
nbody=2
impulse_scheme=1
energy_projection=0
impulse_pair_metric_correction=0
