cex1=-1.5
cey1=0.0
cez1=0.0
oriw1=-0.3092859971266599
orii1=0.5288048038835222
orij1=0.7707617697360806
orik1=0.17502555723202945
lvx1=-0.47202068441495143
lvy1=-3.030511659415506
lvz1=1.4515881921696903
avx1=2.3872077218698338
avy1=5.397776815314251
avz1=-2.154915856607494
shx1=1.0
shy1=0.8
shz1=0.6
req1=1.0
rhos1=10.0
cex2=1.5
cey2=0.0
cez2=0.0
oriw2=0.8613263216042802
orii2=-0.23669449455943384
orij2=0.40833437582020815
orik2=-0.18803117156582125
lvx2=-0.49515250368536107
lvy2=-3.1790247443650697
lvz2=1.522724641958852
avx2=2.6063784685087166
avy2=2.765741266270464
avz2=5.003587126382455
shx2=1.0
shy2=0.8
shz2=0.6
req2=1.0
rhos2=10.0
rhof=1.0
ndiv=2
tend=100.0
dt=0.05
tprint=1
logevery=100
nbody=2
impulse_scheme=1
energy_projection=0
impulse_pair_metric_correction=0
