cex1=-2.5
cey1=0.0
cez1=0.0
oriw1=-0.7651264866462706
orii1=0.3425768450346544
orij1=0.07911150685380908
orik1=-0.5394107286305646
lvx1=-0.8485515337884258
lvy1=-0.8327967453776808
lvz1=0.3683477261421114
avx1=4.399037284218648
avy1=-0.6599000597875017
avz1=4.437501604225527
shx1=1.0
shy1=0.8
shz1=0.6
req1=1.0
rhos1=0.1
cex2=2.5
cey2=0.0
cez2=0.0
oriw2=0.4613392030121357
orii2=0.7536772339273315
orij2=0.15002317320264016
orik2=-0.44342960470178866
lvx2=-0.8654116560052643
lvy2=-0.8493438310286435
lvz2=0.3756665364132139
avx2=2.866730033683982
avy2=-4.289032503544746
avz2=-3.5867083379985543
shx2=1.0
shy2=0.8
shz2=0.6
req2=1.0
rhos2=0.1
rhof=1.0
ndiv=2
tend=100.0
dt=0.05
tprint=1
logevery=100
nbody=2
impulse_scheme=1
energy_projection=0
impulse_pair_metric_correction=0
