cex1=-5.5
cey1=0.0
cez1=0.0
oriw1=0.7966816347491759
orii1=-0.1880837886483931
orij1=0.08551558487250364
orik1=0.5679876284259727
lvx1=1.1805100199821474
lvy1=-0.20202292235515637
lvz1=0.5322794801398347
avx1=0.44971267907448487
avy1=-3.4383290411394256
avz1=5.239663110877866
shx1=1.0
shy1=0.7
shz1=0.7
req1=1.0
rhos1=0.03
cex2=5.5
cey2=0.0
cez2=0.0
oriw2=-0.11771524591652638
orii2=-0.17780929431633183
orij2=-0.56704858546334
orik2=0.7956022105660373
lvx2=1.1632776873620412
lvy2=-0.19907392053731277
lvz2=0.5245096036513949
avx2=-1.8812472143326089
avy2=-2.5265355366171414
avz2=-5.436537933752874
shx2=1.0
shy2=0.7
shz2=0.7
req2=1.0
rhos2=0.03
rhof=1.0
ndiv=2
tend=100.0
dt=0.05
tprint=1
logevery=100
nbody=2
impulse_scheme=1
energy_projection=0
impulse_pair_metric_correction=0
