cex1=-2.5
cey1=0.0
cez1=0.0
oriw1=-0.7402292568718588
orii1=0.4459682609420928
orij1=0.12183646905550344
orik1=-0.48818934063671293
lvx1=0.7025345510157056
lvy1=0.07741090084936515
lvz1=0.4210716546946428
avx1=0.8302501515990994
avy1=2.713977582506843
avz1=5.60566035108955
shx1=1.0
shy1=0.8
shz1=0.6
req1=1.0
rhos1=0.03
cex2=2.5
cey2=0.0
cez2=0.0
oriw2=0.4351624089638815
orii2=-0.3818138169029052
orij2=0.7933252813490396
orik2=-0.18837963005392477
lvx2=0.6610831091787702
lvy2=0.07284344797539184
lvz2=0.3962272862881031
avx2=-1.5141895472580928
avy2=-5.399827531980512
avz2=2.833286121131612
shx2=1.0
shy2=0.8
shz2=0.6
req2=1.0
rhos2=0.03
rhof=1.0
ndiv=2
tend=100.0
dt=0.05
tprint=1
logevery=100
nbody=2
impulse_scheme=1
energy_projection=0
impulse_pair_metric_correction=0
