cex1=-5.5
cey1=0.0
cez1=0.0
oriw1=0.055333595683407184
orii1=0.5204422152158116
orij1=-0.8164613989689057
orik1=-0.24386241572604325
lvx1=1.520083599965462
lvy1=-1.0207955028935969
lvz1=0.24575777171084814
avx1=5.891618471213224
avy1=-1.560584128296036
avz1=1.5270319487578128
shx1=1.0
shy1=0.8
shz1=0.6
req1=1.0
rhos1=0.03
cex2=5.5
cey2=0.0
cez2=0.0
oriw2=0.3453765482342146
orii2=0.5765132188839664
orij2=-0.15481902243489518
orik2=0.7241399165038276
lvx2=1.7074000894046755
lvy2=-1.1465858410313872
lvz2=0.27604195019308797
avx2=-2.4992706498753683
avy2=5.328623814703457
avz2=-2.1995072321781914
shx2=1.0
shy2=0.8
shz2=0.6
req2=1.0
rhos2=0.03
rhof=1.0
ndiv=2
tend=100.0
dt=0.05
tprint=1
logevery=100
nbody=2
impulse_scheme=1
energy_projection=0
impulse_pair_metric_correction=0
