cex1=-1.5
cey1=0.0
cez1=0.0
oriw1=0.24288642709442132
orii1=-0.7332678395024546
orij1=-0.6206754557673962
orik1=0.1344858271069626
lvx1=-2.804116249605925
lvy1=-0.7990277223616518
lvz1=-0.22665446777664397
avx1=-6.096222014150021
avy1=-0.5374377524134336
avz1=1.4232552198502162
shx1=1.0
shy1=0.7
shz1=0.7
req1=1.0
rhos1=0.03
cex2=1.5
cey2=0.0
cez2=0.0
oriw2=0.08417775715040916
orii2=-0.17370351119861263
orij2=-0.8349761908519052
orik2=-0.5153212164357713
lvx2=-2.9828499939576436
lvy2=-0.8499575711789373
lvz2=-0.24110137300229526
avx2=-5.1846508744858175
avy2=1.657714829192852
avz2=-3.1384382197400327
shx2=1.0
shy2=0.7
shz2=0.7
req2=1.0
rhos2=0.03
rhof=1.0
ndiv=2
tend=100.0
dt=0.05
tprint=1
logevery=100
nbody=2
impulse_scheme=1
energy_projection=0
impulse_pair_metric_correction=0
