cex1=-1.5
cey1=0.0
cez1=0.0
oriw1=-0.6438733506646649
orii1=-0.6835051359969269
orij1=-0.3366595503892497
orik1=-0.07005843633273866
lvx1=0.9715153125316544
lvy1=0.8366023760701411
lvz1=-0.3324417949800977
avx1=-2.416756323635499
avy1=-2.5752825019341645
avz1=-5.196693805849732
shx1=1.0
shy1=0.8
shz1=0.6
req1=1.0
rhos1=1.0
cex2=1.5
cey2=0.0
cez2=0.0
oriw2=-0.8852058471821258
orii2=-0.30696436431510865
orij2=0.19000619221642492
orik2=0.29339586581036065
lvx2=0.9985410090152204
lvy2=0.8598750528889793
lvz2=-0.3416896894123239
avx2=1.4820546317399377
avy2=1.7450525633068326
avz2=-5.851215533903352
shx2=1.0
shy2=0.8
shz2=0.6
req2=1.0
rhos2=1.0
rhof=1.0
ndiv=2
tend=100.0
dt=0.05
tprint=1
logevery=100
nbody=2
impulse_scheme=1
energy_projection=0
impulse_pair_metric_correction=0
