cex1=-2.5
cey1=0.0
cez1=0.0
oriw1=-0.5751604449378858
orii1=0.7568612831881063
orij1=-0.22500279847220728
orik1=0.21383451842343357
lvx1=1.0726736768266907
lvy1=-1.3675655780790417
lvz1=-5.173856714105979
avx1=3.172395153592094
avy1=-5.372474848159552
avz1=0.7421863645445297
shx1=1.0
shy1=0.8
shz1=0.6
req1=1.0
rhos1=0.03
cex2=2.5
cey2=0.0
cez2=0.0
oriw2=-0.31207196205129967
orii2=0.17967490318108173
orij2=0.12025812682101719
orik2=0.9251302625045952
lvx2=1.0903954039520707
lvy2=-1.3901592377579814
lvz2=-5.259334412360351
avx2=4.1760274720273705
avy2=2.455720683245318
avz2=-4.00108086435544
shx2=1.0
shy2=0.8
shz2=0.6
req2=1.0
rhos2=0.03
rhof=1.0
ndiv=2
tend=100.0
dt=0.05
tprint=1
logevery=100
nbody=2
impulse_scheme=1
energy_projection=0
impulse_pair_metric_correction=0
