cex1=-5.5
cey1=0.0
cez1=0.0
oriw1=0.7497032652720708
orii1=-0.09993054698239384
orij1=-0.5769793183549483
orik1=-0.30830790779811973
lvx1=0.8862254143677779
lvy1=-0.39888037527590137
lvz1=-1.929669617498715
avx1=-1.24850910515069
avy1=2.3761887050319377
avz1=5.6809655743361
shx1=1.0
shy1=0.7
shz1=0.7
req1=1.0
rhos1=0.03
cex2=5.5
cey2=0.0
cez2=0.0
oriw2=-0.8316218065254949
orii2=0.23649466403353864
orij2=-0.37286163297266717
orik2=-0.3368228725189134
lvx2=0.7683166379636166
lvy2=-0.3458109233983947
lvz2=-1.6729347284119775
avx2=5.460834657822601
avy2=-1.9494617176255282
avz2=2.420186244030297
shx2=1.0
shy2=0.7
shz2=0.7
req2=1.0
rhos2=0.03
rhof=1.0
ndiv=2
tend=100.0
dt=0.05
tprint=1
logevery=100
nbody=2
impulse_scheme=1
energy_projection=0
impulse_pair_metric_correction=0
