cex1=-4.0
cey1=0.0
cez1=0.0
oriw1=0.9378321122936498
orii1=-0.30208872563399497
orij1=-0.15611760429536245
orik1=-0.06957459755353558
lvx1=4.555915644752518
lvy1=-2.8286573822683434
lvz1=-1.6564201347220149
avx1=4.959502901832772
avy1=-0.3665461026688994
avz1=3.840233394689441
shx1=1.0060089999999997
shy1=0.9970089730807579
shz1=0.9970089730807579
req1=1.0
rhos1=1.0
cex2=4.0
cey2=0.0
cez2=0.0
oriw2=0.17864655350207548
orii2=0.27599575745039995
orij2=0.07436784168363285
orik2=-0.9414781861065757
lvx2=4.567829754066578
lvy2=-2.836054563404299
lvz2=-1.6607518151335736
avx2=1.310849371771466
avy2=-3.892028702729645
avz2=-4.755229132861253
shx2=1.0060089999999997
shy2=0.9970089730807579
shz2=0.9970089730807579
req2=1.0
rhos2=1.0
rhof=1.0
ndiv=2
tend=100.0
dt=0.05
tprint=1
logevery=100
nbody=2
impulse_scheme=1
energy_projection=0
impulse_pair_metric_correction=0
