cex1=-4.0
cey1=0.0
cez1=0.0
oriw1=0.3433859241843791
orii1=-0.8385287899798479
orij1=-0.28351118994598407
orik1=-0.3139697129061723
lvx1=0.1253447963828639
lvy1=1.1167453187091632
lvz1=-5.506605855631984
avx1=-0.3955882710828478
avy1=2.0250084215597117
avz1=5.934750914465691
shx1=1.0001
shy1=1.0
shz1=0.9999000099990001
req1=1.0
rhos1=1.0
cex2=4.0
cey2=0.0
cez2=0.0
oriw2=0.5549980067827157
orii2=-0.2389234106891315
orij2=-0.7498401752415002
orik2=-0.2695042260998545
lvx2=0.12533846639060955
lvy2=1.1166889223574876
lvz2=-5.506327768520116
avx2=2.89755827369794
avy2=-5.24428506434073
avz2=-1.8921014293147194
shx2=1.0001
shy2=1.0
shz2=0.9999000099990001
req2=1.0
rhos2=1.0
rhof=1.0
ndiv=2
tend=100.0
dt=0.05
tprint=1
logevery=100
nbody=2
impulse_scheme=1
energy_projection=0
impulse_pair_metric_correction=0
