cex1=-4.0
cey1=0.0
cez1=0.0
oriw1=0.4673374029550566
orii1=-0.5472879667666342
orij1=-0.6925225446551475
orik1=-0.04984133200493151
lvx1=0.33471778205346997
lvy1=-2.1051967378990666
lvz1=2.6977366104467224
avx1=2.699369871970384
avy1=-3.4596030043766057
avz1=-4.496995324743443
shx1=1.0
shy1=0.7
shz1=0.7
req1=1.0
rhos1=0.1
cex2=4.0
cey2=0.0
cez2=0.0
oriw2=0.4898604943831862
orii2=-0.1464858816487355
orij2=0.7616219965789918
orik2=0.3981337926467476
lvx2=0.3412137884842526
lvy2=-2.1460531616706318
lvz2=2.7500927005908076
avx2=1.7469597497002898
avy2=-1.6210746738172506
avz2=-5.813662024850845
shx2=1.0
shy2=0.7
shz2=0.7
req2=1.0
rhos2=0.1
rhof=1.0
ndiv=2
tend=100.0
dt=0.05
tprint=1
logevery=100
nbody=2
impulse_scheme=1
energy_projection=0
impulse_pair_metric_correction=0
