cex1=-4.0
cey1=0.0
cez1=0.0
oriw1=0.5418221347361568
orii1=-0.669797249013548
orij1=-0.48441238382240437
orik1=-0.15213501215477163
lvx1=2.4221643070201906
lvy1=-0.7398102802667831
lvz1=5.016825181575987
avx1=4.55356288001707
avy1=1.0096806407538006
avz1=-4.209991413978783
shx1=1.0
shy1=1.0
shz1=1.0
req1=1.0
rhos1=1.0
cex2=4.0
cey2=0.0
cez2=0.0
oriw2=-0.610255861614659
orii2=-0.5017587826121759
orij2=0.5841986278218692
orik2=0.18584367271323163
lvx2=2.42216430702019
lvy2=-0.739810280266783
lvz2=5.016825181575986
avx2=-1.4696158876176884
avy2=1.473903238604629
avz2=-5.928427784029243
shx2=1.0
shy2=1.0
shz2=1.0
req2=1.0
rhos2=1.0
rhof=1.0
ndiv=2
tend=100.0
dt=0.05
tprint=1
logevery=100
nbody=2
impulse_scheme=1
energy_projection=0
impulse_pair_metric_correction=0
