cex1=-2.5
cey1=0.0
cez1=0.0
oriw1=0.23002975916835908
orii1=0.40117090531348554
orij1=0.7215001470036913
orik1=0.5153501261283993
lvx1=0.11186576845005174
lvy1=1.6317128696741856
lvz1=1.0774254366419567
avx1=4.67382258136043
avy1=-2.802432750817735
avz1=-3.1273264555314495
shx1=1.0
shy1=0.7
shz1=0.7
req1=1.0
rhos1=0.1
cex2=2.5
cey2=0.0
cez2=0.0
oriw2=0.9565327295822731
orii2=0.01764950819413297
orij2=0.04497122382907937
orik2=0.2875955860678432
lvx2=0.12003846086589853
lvy2=1.750922593789031
lvz2=1.1561400140921245
avx2=-2.772107025426235
avy2=5.529803416092829
avz2=1.102322286497026
shx2=1.0
shy2=0.7
shz2=0.7
req2=1.0
rhos2=0.1
rhof=1.0
ndiv=2
tend=100.0
dt=0.05
tprint=1
logevery=100
nbody=2
impulse_scheme=1
energy_projection=0
impulse_pair_metric_correction=0
