cex1=-2.5
cey1=0.0
cez1=0.0
oriw1=-0.08650493730962044
orii1=0.5305526298491549
orij1=-0.2592264475565128
orik1=-0.8023917071284042
lvx1=0.9670858362632876
lvy1=-1.469679943183912
lvz1=-3.0646101679116953
avx1=-1.0976893805424366
avy1=-0.5334608533968
avz1=-6.1635148370142625
shx1=1.0
shy1=0.7
shz1=0.7
req1=1.0
rhos1=1.0
cex2=2.5
cey2=0.0
cez2=0.0
oriw2=-0.5657499964126721
orii2=0.33946405122343537
orij2=-0.6435414270480857
orik2=0.3880019731379569
lvx2=0.9403424635846793
lvy2=-1.429038050846092
lvz2=-2.9798627662210744
avx2=2.725814550295142
avy2=5.649971436577235
avz2=-0.3552117785464133
shx2=1.0
shy2=0.7
shz2=0.7
req2=1.0
rhos2=1.0
rhof=1.0
ndiv=2
tend=100.0
dt=0.05
tprint=1
logevery=100
nbody=2
impulse_scheme=1
energy_projection=0
impulse_pair_metric_correction=0
