cex1=-5.5
cey1=0.0
cez1=0.0
oriw1=0.4247993392467284
orii1=0.7696914091218692
orij1=-0.4711364772423157
orik1=0.07177099630933934
lvx1=-0.3325100811467188
lvy1=0.5361826379425937
lvz1=-0.2038744395189596
avx1=-5.91394919950682
avy1=-0.464777108214282
avz1=2.070653208456224
shx1=1.0
shy1=0.7
shz1=0.7
req1=1.0
rhos1=0.03
cex2=5.5
cey2=0.0
cez2=0.0
oriw2=-0.09096669686374911
orii2=0.9411925590873415
orij2=0.25123376913018675
orik2=0.20679269820029916
lvx2=-0.3913377291547082
lvy2=0.631044012924377
lvz2=-0.23994388356253857
avx2=2.0058231248862244
avy2=-2.712604244222581
avz2=5.300648017955421
shx2=1.0
shy2=0.7
shz2=0.7
req2=1.0
rhos2=0.03
rhof=1.0
ndiv=2
tend=100.0
dt=0.05
tprint=1
logevery=100
nbody=2
impulse_scheme=1
energy_projection=0
impulse_pair_metric_correction=0
