cex1=-1.5
cey1=0.0
cez1=0.0
oriw1=1.0
orii1=1.0
orij1=1.0
orik1=0.0
lvx1=0.17472733441088306
lvy1=-0.9578104896621491
lvz1=-0.4963405429189041
avx1=2.7061623194663187
avy1=-2.303280696835049
avz1=-5.181698672891464
shx1=1.0
shy1=0.8
shz1=0.6
req1=1.0
rhos1=0.03
cex2=1.5
cey2=0.0
cez2=0.0
oriw2=1.0
orii2=-1.0
orij2=0.0
orik2=1.0
lvx2=0.15699902412759806
lvy2=-0.8606284339147338
lvz2=-0.4459804823095642
avx2=-4.425929168193452
avy2=-4.191106259316698
avz2=-1.524531706986852
shx2=1.0
shy2=0.8
shz2=0.6
req2=1.0
rhos2=0.03
rhof=1.0
ndiv=2
tend=100.0
dt=0.05
tprint=1
logevery=100
nbody=2
impulse_scheme=1
energy_projection=1
