cex1=-4.0
cey1=0.0
cez1=0.0
oriw1=0.20551039588220207
orii1=0.9410575501307508
orij1=0.2641324993617641
orik1=-0.04909365852284487
lvx1=5.183440821213533
lvy1=1.7188000173307798
lvz1=1.3258205196350061
avx1=-3.675147776813077
avy1=-3.9716592301711997
avz1=3.193372728376574
shx1=1.001
shy1=1.0
shz1=0.9990009990009991
req1=1.0
rhos1=1.0
cex2=4.0
cey2=0.0
cez2=0.0
oriw2=0.8645446892962323
orii2=0.49157096372397324
orij2=-0.08349460201602092
orik2=-0.06284201832652891
lvx2=4.429295059436292
lvy2=1.4687294960068404
lvz2=1.1329251128488331
avx2=-6.067000163668376
avy2=-1.5108037181976073
avz2=0.6224136433961065
shx2=2.0
shy2=1.0
shz2=0.5
req2=1.0
rhos2=1.0
rhof=1.0
ndiv=2
tend=100.0
dt=0.05
tprint=1
logevery=100
nbody=2
impulse_scheme=1
energy_projection=0
impulse_pair_metric_correction=0
