cex1=-4.0
cey1=0.0
cez1=0.0
oriw1=0.04529973188878169
orii1=0.7168518421392195
orij1=0.24411179674359007
orik1=-0.6515219116829671
lvx1=-2.0519348679471507
lvy1=-3.515777064144458
lvz1=-3.8740761060530513
avx1=3.1229439892138995
avy1=5.4470770093513
avz1=0.23450053046145106
shx1=1.0001
shy1=1.0001
shz1=0.9998000299960006
req1=1.0
rhos1=1.0
cex2=4.0
cey2=0.0
cez2=0.0
oriw2=0.3605963732086392
orii2=0.1526086517890858
orij2=0.6993101728197043
orik2=-0.5980352307504706
lvx2=-3.0517772647223365
lvy2=-5.22890306110079
lvz2=-5.761789795055643
avx2=5.665316516924981
avy2=-1.9398969531601202
avz2=-1.9024736998272862
shx2=2.0
shy2=2.0
shz2=0.25
req2=1.0
rhos2=1.0
rhof=1.0
ndiv=2
tend=100.0
dt=0.05
tprint=1
logevery=100
nbody=2
impulse_scheme=1
energy_projection=0
impulse_pair_metric_correction=0
