cex1=-5.5
cey1=0.0
cez1=0.0
oriw1=0.5564485223950574
orii1=0.5269449920056237
orij1=0.5055546744756155
orik1=-0.39636913154331904
lvx1=-3.444229251671126
lvy1=-3.5665624382988366
lvz1=1.2312656318833177
avx1=5.2792355807450955
avy1=-2.0588933979387876
avz1=2.714598913887004
shx1=1.0
shy1=0.7
shz1=0.7
req1=1.0
rhos1=0.3
cex2=5.5
cey2=0.0
cez2=0.0
oriw2=-0.2921881277995102
orii2=0.4740580287246697
orij2=-0.5166787144609108
orik2=0.6503369814163408
lvx2=-3.808159826056083
lvy2=-3.9434192099902483
lvz2=1.3613659172851498
avx2=2.899865261426238
avy2=5.4560826675572915
avz2=1.1403337207640936
shx2=1.0
shy2=0.7
shz2=0.7
req2=1.0
rhos2=0.3
rhof=1.0
ndiv=2
tend=100.0
dt=0.05
tprint=1
logevery=100
nbody=2
impulse_scheme=1
energy_projection=0
impulse_pair_metric_correction=0
