cex1=-4.0
cey1=0.0
cez1=0.0
oriw1=-0.8274057460802215
orii1=-0.043650313866295046
orij1=0.5105143095083334
orik1=-0.22993373227961897
lvx1=3.0069615400230503
lvy1=5.944879254604298
lvz1=-0.9987228321672755
avx1=3.1635582150293486
avy1=5.240104669441549
avz1=-1.418315930170224
shx1=1.6900000000000002
shy1=0.7692307692307692
shz1=0.7692307692307692
req1=1.0
rhos1=1.0
cex2=4.0
cey2=0.0
cez2=0.0
oriw2=-0.6202451074826648
orii2=0.1979597107133107
orij2=-0.6614641160790397
orik2=-0.37225419100111523
lvx2=3.206703596839571
lvy2=6.339777025671707
lvz2=-1.0650645362534485
avx2=-1.7693789179544293
avy2=3.759122932959396
avz2=-4.7134605783813015
shx2=1.6900000000000002
shy2=0.7692307692307692
shz2=0.7692307692307692
req2=1.0
rhos2=1.0
rhof=1.0
ndiv=2
tend=100.0
dt=0.05
tprint=1
logevery=100
nbody=2
impulse_scheme=1
energy_projection=0
impulse_pair_metric_correction=0
