cex1=-4.0
cey1=0.0
cez1=0.0
oriw1=-0.928612909358328
orii1=-0.14937898532949626
orij1=-0.033630676101253226
orik1=0.3379836696350349
lvx1=-2.739741979572831
lvy1=-0.8078405434396797
lvz1=4.812050749052388
avx1=-1.2667977571327274
avy1=6.047908898790667
avz1=1.1386127519089113
shx1=1.01
shy1=1.01
shz1=0.9802960494069208
req1=1.0
rhos1=1.0
cex2=4.0
cey2=0.0
cez2=0.0
oriw2=-0.25776886075102845
orii2=-0.14711173323948384
orij2=-0.8701428250072105
orik2=-0.3934015969195639
lvx2=-4.119447130685752
lvy2=-1.2146605167699307
lvz2=7.235348729440867
avx2=4.660939163431782
avy2=3.6791616448953026
avz2=2.0537364265836477
shx2=2.0
shy2=2.0
shz2=0.25
req2=1.0
rhos2=1.0
rhof=1.0
ndiv=2
tend=100.0
dt=0.05
tprint=1
logevery=100
nbody=2
impulse_scheme=1
energy_projection=0
impulse_pair_metric_correction=0
