cex1=-4.0
cey1=0.0
cez1=0.0
oriw1=0.858180231036542
orii1=-0.31954743767946275
orij1=-0.3114832065129735
orik1=0.2537603952372269
lvx1=-0.177537654828171
lvy1=-2.6242750124516694
lvz1=-4.969001514338889
avx1=1.4636360369702455
avy1=3.7120082417029034
avz1=-4.85357414377994
shx1=1.0020009999999997
shy1=0.9990009990009991
shz1=0.9990009990009991
req1=1.0
rhos1=1.0
cex2=4.0
cey2=0.0
cez2=0.0
oriw2=0.803297216379777
orii2=0.19721486163146654
orij2=-0.45098232894676865
orik2=0.3353130171734044
lvx2=-0.1772971703864747
lvy2=-2.620720288740591
lvz2=-4.962270730629257
avx2=6.146596614061642
avy2=1.232797600819203
avz2=-0.4218740852171441
shx2=1.0020009999999997
shy2=0.9990009990009991
shz2=0.9990009990009991
req2=1.0
rhos2=1.0
rhof=1.0
ndiv=2
tend=100.0
dt=0.05
tprint=1
logevery=100
nbody=2
impulse_scheme=1
energy_projection=0
impulse_pair_metric_correction=0
