cex1=-4.0
cey1=0.0
cez1=0.0
oriw1=-0.2600469320212723
orii1=0.7285892674543518
orij1=-0.631722354613272
orik1=0.04959979010558436
lvx1=-0.5030973936872449
lvy1=2.773644176940336
lvz1=4.693712307297151
avx1=4.9278001698630645
avy1=0.5971727126363638
avz1=3.8520887634551624
shx1=1.2100000000000002
shy1=0.9090909090909091
shz1=0.9090909090909091
req1=1.0
rhos1=1.0
cex2=4.0
cey2=0.0
cez2=0.0
oriw2=-0.41691253768712583
orii2=0.3577964688062043
orij2=0.727944918314991
orik2=-0.4101972924441028
lvx2=-0.5056831854942975
lvy2=2.787899997937234
lvz2=4.717836786933028
avx2=-4.80332914709807
avy2=-3.809560991234387
avz2=-1.3761147347008624
shx2=1.2100000000000002
shy2=0.9090909090909091
shz2=0.9090909090909091
req2=1.0
rhos2=1.0
rhof=1.0
ndiv=2
tend=100.0
dt=0.05
tprint=1
logevery=100
nbody=2
impulse_scheme=1
energy_projection=0
impulse_pair_metric_correction=0
