cex1=-2.5
cey1=0.0
cez1=0.0
oriw1=0.8999382216552055
orii1=-0.09034697754730679
orij1=0.2143401040254362
orik1=0.36879118842306624
lvx1=-0.2753383133202499
lvy1=-0.03630942616401584
lvz1=-1.8000174305537848
avx1=-5.872495818305189
avy1=-0.5644540380979952
avz1=2.1618515460642462
shx1=1.0
shy1=0.7
shz1=0.7
req1=1.0
rhos1=0.03
cex2=2.5
cey2=0.0
cez2=0.0
oriw2=-0.1826383797118637
orii2=0.46622315623964294
orij2=0.6564898712762378
orik2=0.564181034557064
lvx2=-0.27478986497234187
lvy2=-0.036237101159358825
lvz2=-1.7964319630099177
avx2=-5.899829529092722
avy2=-1.6324955106738606
avz2=-1.416117064240341
shx2=1.0
shy2=0.7
shz2=0.7
req2=1.0
rhos2=0.03
rhof=1.0
ndiv=2
tend=100.0
dt=0.05
tprint=1
logevery=100
nbody=2
impulse_scheme=1
energy_projection=0
impulse_pair_metric_correction=0
