cex1=-4.0
cey1=0.0
cez1=0.0
oriw1=0.6049080306665134
orii1=0.046195452840817074
orij1=-0.5862697905413858
orik1=0.5368798629773254
lvx1=3.3321333550047494
lvy1=-1.953061664241656
lvz1=-4.08229978365386
avx1=5.420765765867752
avy1=3.165214531301198
avz1=0.27410415318520476
shx1=1.0
shy1=1.0
shz1=1.0
req1=1.0
rhos1=1.0
cex2=4.0
cey2=0.0
cez2=0.0
oriw2=0.21296880861247952
orii2=-0.07991029101096904
orij2=0.18557574425176224
orik2=0.955939472505518
lvx2=3.3321333550047494
lvy2=-1.953061664241656
lvz2=-4.08229978365386
avx2=-0.9336131441486726
avy2=-3.89369402658565
avz2=-4.842099847045855
shx2=1.0
shy2=1.0
shz2=1.0
req2=1.0
rhos2=1.0
rhof=1.0
ndiv=2
tend=100.0
dt=0.05
tprint=1
logevery=100
nbody=2
impulse_scheme=1
energy_projection=0
impulse_pair_metric_correction=0
