cex1=-2.5
cey1=0.0
cez1=0.0
oriw1=-0.17832430658016737
orii1=-0.741869603840366
orij1=-0.592459292369803
orik1=0.2584993606667399
lvx1=-0.24773819187086676
lvy1=-1.8756591511933134
lvz1=0.17167712428604512
avx1=5.555549175512961
avy1=-1.6284002465627265
avz1=-2.4418443029417642
shx1=1.0
shy1=0.8
shz1=0.6
req1=1.0
rhos1=1.0
cex2=2.5
cey2=0.0
cez2=0.0
oriw2=0.7563689653796741
orii2=0.6176222257337282
orij2=-0.12362193736336778
orik2=0.17654005520766294
lvx2=-0.27491830305121456
lvy2=-2.0814434264432298
lvz2=0.190512344200984
avx2=-4.002168711758896
avy2=0.09214661747464904
avz2=4.842785583511162
shx2=1.0
shy2=0.8
shz2=0.6
req2=1.0
rhos2=1.0
rhof=1.0
ndiv=2
tend=100.0
dt=0.05
tprint=1
logevery=100
nbody=2
impulse_scheme=1
energy_projection=0
impulse_pair_metric_correction=0
