cex1=-1.5
cey1=0.0
cez1=0.0
oriw1=1.0
orii1=2.0
orij1=0.0
orik1=0.0
lvx1=0.554475114864884
lvy1=3.1088216105263586
lvz1=1.5656482118075168
avx1=1.336436645218932
avy1=1.4082156874441856
avz1=5.975724497942446
shx1=1.0
shy1=0.7
shz1=0.7
req1=1.0
rhos1=1.0
cex2=1.5
cey2=0.0
cez2=0.0
oriw2=1.0
orii2=0.0
orij2=1.0
orik2=0.0
lvx2=0.49165603817980086
lvy2=2.7566086835323516
lvz2=1.3882686100135453
avx2=5.104742803552698
avy2=-2.7894336933842676
avz2=2.374674332228944
shx2=1.0
shy2=0.7
shz2=0.7
req2=1.0
rhos2=1.0
rhof=1.0
ndiv=2
tend=100.0
dt=0.05
tprint=1
logevery=100
nbody=2
impulse_scheme=1
energy_projection=0
impulse_pair_metric_correction=0
