cex1=-4.0
cey1=0.0
cez1=0.0
oriw1=0.26640608661262605
orii1=0.47924096859959453
orij1=0.4731361534672599
orik1=0.6895636818406795
lvx1=0.577757956003447
lvy1=4.637810673487719
lvz1=3.0785963635658393
avx1=0.588791738694427
avy1=-6.1296132542933925
avz1=-1.248832753251369
shx1=1.01
shy1=1.01
shz1=0.9802960494069208
req1=1.0
rhos1=1.0
cex2=4.0
cey2=0.0
cez2=0.0
oriw2=-0.4016095445598737
orii2=0.13038977039890312
orij2=-0.8312975478838996
orik2=-0.36145908257498194
lvx2=0.5801683631537989
lvy2=4.6571596273068625
lvz2=3.0914402726988577
avx2=-4.084845835536803
avy2=-3.3823041219795154
avz2=-3.3693428039746047
shx2=1.0
shy2=1.0
shz2=1.0
req2=1.0
rhos2=1.0
rhof=1.0
ndiv=2
tend=100.0
dt=0.05
tprint=1
logevery=100
nbody=2
impulse_scheme=1
energy_projection=0
impulse_pair_metric_correction=0
