cex1=-5.5
cey1=0.0
cez1=0.0
oriw1=-0.2061241948858936
orii1=-0.9673698382248073
orij1=0.10441193635301149
orik1=-0.10395460510514698
lvx1=-3.6316607089855073
lvy1=3.186118735697654
lvz1=-8.441410844795906
avx1=0.23115498791424766
avy1=-6.265354287170577
avz1=0.41269920299543317
shx1=1.0
shy1=0.7
shz1=0.7
req1=1.0
rhos1=0.1
cex2=5.5
cey2=0.0
cez2=0.0
oriw2=0.39204644316613396
orii2=0.08679815976531892
orij2=-0.9112213539414824
orik2=-0.0918766019353625
lvx2=-3.125049429366074
lvy2=2.741659900179911
lvz2=-7.263846558767091
avx2=-5.474879105786057
avy2=2.7074353488252947
avz2=1.4744186017939271
shx2=1.0
shy2=0.7
shz2=0.7
req2=1.0
rhos2=0.1
rhof=1.0
ndiv=2
tend=100.0
dt=0.05
tprint=1
logevery=100
nbody=2
impulse_scheme=1
energy_projection=0
impulse_pair_metric_correction=0
