cex1=-4.0
cey1=0.0
cez1=0.0
oriw1=-0.42809528210812864
orii1=-0.16099186945373697
orij1=-0.12265903236062396
orik1=-0.8807785244809889
lvx1=-2.928146465021943
lvy1=1.2584550481330896
lvz1=-4.45786376527838
avx1=-3.833443290146982
avy1=3.422498767679769
avz1=-3.6151946463247273
shx1=1.0
shy1=0.7
shz1=0.7
req1=1.0
rhos1=1.0
cex2=4.0
cey2=0.0
cez2=0.0
oriw2=0.35758674834648346
orii2=0.782330457690537
orij2=0.005719437232436311
orik2=0.509958881101651
lvx2=-2.5457757289937804
lvy2=1.0941202415374776
lvz2=-3.875735559123229
avx2=6.266106127071184
avy2=0.3961052434640894
avz2=-0.23965025503566822
shx2=1.0
shy2=0.7
shz2=0.7
req2=1.0
rhos2=1.0
rhof=1.0
ndiv=2
tend=100.0
dt=0.05
tprint=1
logevery=100
nbody=2
impulse_scheme=1
energy_projection=0
impulse_pair_metric_correction=0
