cex1=-2.5
cey1=0.0
cez1=0.0
oriw1=-0.12000959843699087
orii1=-0.7493642595744907
orij1=-0.1827248300765817
orik1=-0.6250300306616089
lvx1=0.04413021147190566
lvy1=-0.05365046505543527
lvz1=1.2338431338146902
avx1=3.601947544823341
avy1=0.6240014550456559
avz1=-5.110285087233338
shx1=1.0
shy1=0.7
shz1=0.7
req1=1.0
rhos1=1.0
cex2=2.5
cey2=0.0
cez2=0.0
oriw2=-0.13882373387494135
orii2=-0.7553551600526262
orij2=0.11376124704071275
orik2=-0.6302578295956608
lvx2=0.04484352654954224
lvy2=-0.05451766429083026
lvz2=1.2537868159642465
avx2=3.1045217956621958
avy2=-4.806497893136418
avz2=2.595754231026309
shx2=1.0
shy2=0.7
shz2=0.7
req2=1.0
rhos2=1.0
rhof=1.0
ndiv=2
tend=100.0
dt=0.05
tprint=1
logevery=100
nbody=2
impulse_scheme=1
energy_projection=0
impulse_pair_metric_correction=0
