cex1=-4.0
cey1=0.0
cez1=0.0
oriw1=-0.3046878591448652
orii1=-0.19467755354939387
orij1=0.40082158650788224
orik1=-0.8417885805967231
lvx1=4.99121707422396
lvy1=0.35811913574015486
lvz1=2.558493393337868
avx1=-3.4837332599662947
avy1=-0.018967410675040982
avz1=5.228925359487773
shx1=1.0003
shy1=1.0
shz1=0.9997000899730081
req1=1.0
rhos1=1.0
cex2=4.0
cey2=0.0
cez2=0.0
oriw2=0.6286637699686306
orii2=0.0015435586235809816
orij2=-0.32110949686019646
orik2=0.7082853752420671
lvx2=4.990307724350772
lvy2=0.3580538900123436
lvz2=2.5580272614088844
avx2=6.0030500521397805
avy2=0.39854117523823573
avz2=-1.8118975157281232
shx2=1.0003
shy2=1.0
shz2=0.9997000899730081
req2=1.0
rhos2=1.0
rhof=1.0
ndiv=2
tend=100.0
dt=0.05
tprint=1
logevery=100
nbody=2
impulse_scheme=1
energy_projection=0
impulse_pair_metric_correction=0
