cex1=-2.5
cey1=0.0
cez1=0.0
oriw1=0.08991886006290437
orii1=0.40418412646055135
orij1=0.3510826321407328
orik1=-0.8398159178840585
lvx1=-6.150613265479931
lvy1=7.597121128232407
lvz1=1.5576123878959003
avx1=-0.6533321456006012
avy1=3.96847208420436
avz1=4.827297797813292
shx1=1.0
shy1=0.8
shz1=0.6
req1=1.0
rhos1=4.0
cex2=2.5
cey2=0.0
cez2=0.0
oriw2=0.8704272519496731
orii2=-0.17712934045602313
orij2=-0.4266377885119218
orik2=0.1701816477373847
lvx2=-5.487230122623885
lvy2=6.777722822214603
lvz2=1.3896138881311346
avx2=4.123903514411933
avy2=4.650660505224488
avz2=-0.918256104430269
shx2=1.0
shy2=0.8
shz2=0.6
req2=1.0
rhos2=4.0
rhof=1.0
ndiv=2
tend=100.0
dt=0.05
tprint=1
logevery=100
nbody=2
impulse_scheme=1
energy_projection=0
impulse_pair_metric_correction=0
