cex1=-2.5
cey1=0.0
cez1=0.0
oriw1=0.6184626280724546
orii1=0.3144207825989682
orij1=-0.7056007965808945
orik1=-0.1441217020853288
lvx1=-0.2206016754771109
lvy1=7.728934204802308
lvz1=-5.840694078059902
avx1=-0.9514285449976106
avy1=-0.6870288325048892
avz1=6.172616358678719
shx1=1.0
shy1=0.7
shz1=0.7
req1=1.0
rhos1=0.3
cex2=2.5
cey2=0.0
cez2=0.0
oriw2=0.4793522789510071
orii2=-0.7464040901833408
orij2=0.36035833724516847
orik2=0.2885207022034166
lvx2=-0.2164606091814386
lvy2=7.583849046823548
lvz2=-5.731054378643854
avx2=2.2718098714607113
avy2=3.6690150094128016
avz2=4.5667960730685895
shx2=1.0
shy2=0.7
shz2=0.7
req2=1.0
rhos2=0.3
rhof=1.0
ndiv=2
tend=100.0
dt=0.05
tprint=1
logevery=100
nbody=2
impulse_scheme=1
energy_projection=0
impulse_pair_metric_correction=0
