cex1=-2.5
cey1=0.0
cez1=0.0
oriw1=1.0
orii1=2.0
orij1=0.0
orik1=0.0
lvx1=0.5618840505297155
lvy1=-0.6605644381580834
lvz1=0.9159729901037528
avx1=-2.9483703014612135
avy1=-3.4849944854434987
avz1=4.317446421931296
shx1=1.0
shy1=0.7
shz1=0.7
req1=1.0
rhos1=0.3
cex2=2.5
cey2=0.0
cez2=0.0
oriw2=1.0
orii2=0.0
orij2=1.0
orik2=0.0
lvx2=0.5835444489235319
lvy2=-0.6860289247933646
lvz2=0.9512833710709969
avx2=-0.5586446345057131
avy2=-0.8704856615479024
avz2=6.197466295974099
shx2=1.0
shy2=0.7
shz2=0.7
req2=1.0
rhos2=0.3
rhof=1.0
ndiv=2
tend=100.0
dt=0.05
tprint=1
logevery=100
nbody=2
impulse_scheme=1
energy_projection=0
impulse_pair_metric_correction=0
