cex1=-4.0
cey1=0.0
cez1=0.0
oriw1=0.6582676109858188
orii1=-0.35211771596932107
orij1=-0.42580002334642175
orik1=-0.5112643216045474
lvx1=-3.488304689013236
lvy1=0.8327196446463239
lvz1=-4.353237662872406
avx1=-2.3097117930367177
avy1=-0.5995226355207379
avz1=5.812419603483804
shx1=1.01
shy1=1.0
shz1=0.9900990099009901
req1=1.0
rhos1=1.0
cex2=4.0
cey2=0.0
cez2=0.0
oriw2=0.7098785944036496
orii2=-0.6359885064270091
orij2=-0.28012450863208976
orik2=-0.11454807097402922
lvx2=-3.4785777865450798
lvy2=0.8303976620533745
lvz2=-4.341098953114388
avx2=-2.404139891349114
avy2=-4.68387878524589
avz2=-3.4292577203098635
shx2=1.01
shy2=1.0
shz2=0.9900990099009901
req2=1.0
rhos2=1.0
rhof=1.0
ndiv=2
tend=100.0
dt=0.05
tprint=1
logevery=100
nbody=2
impulse_scheme=1
energy_projection=0
impulse_pair_metric_correction=0
