cex1=-4.0
cey1=0.0
cez1=0.0
oriw1=0.1800918204160587
orii1=-0.25403822743232946
orij1=0.7265742449852011
orik1=0.6124715354581427
lvx1=-5.572599504046119
lvy1=-0.6768469193454799
lvz1=-0.09636092224575298
avx1=-3.819672960213965
avy1=4.312425582676706
avz1=2.5082866014957697
shx1=1.01
shy1=1.0
shz1=0.9900990099009901
req1=1.0
rhos1=1.0
cex2=4.0
cey2=0.0
cez2=0.0
oriw2=0.9780431814292997
orii2=0.10716397005488223
orij2=0.16672637513359032
orik2=0.06441843382560293
lvx2=-5.590386351160983
lvy2=-0.679007306551814
lvz2=-0.0966684909110748
avx2=0.7692771901906804
avy2=4.6155419362819154
avz2=4.193256830130102
shx2=1.01
shy2=1.0
shz2=0.9900990099009901
req2=1.0
rhos2=1.0
rhof=1.0
ndiv=2
tend=100.0
dt=0.05
tprint=1
logevery=100
nbody=2
impulse_scheme=1
energy_projection=0
impulse_pair_metric_correction=0
