cex1=-2.5
cey1=0.0
cez1=0.0
oriw1=0.13638912405193387
orii1=-0.9895191875520586
orij1=-0.0031667550860851857
orik1=0.04732606014538869
lvx1=0.6524072262782775
lvy1=1.0184219884665207
lvz1=0.3955787323871696
avx1=-2.607741909262789
avy1=-5.643530854359558
avz1=-0.9103072200765929
shx1=1.0
shy1=0.7
shz1=0.7
req1=1.0
rhos1=0.1
cex2=2.5
cey2=0.0
cez2=0.0
oriw2=0.4766021687996201
orii2=-0.8761817680209187
orij2=-0.06603533743804584
orik2=-0.028199579654294798
lvx2=0.6708085895203272
lvy2=1.0471469200562107
lvz2=0.4067361623669243
avx2=-0.7689192852738707
avy2=-5.0809904142441145
avz2=-3.615344678927692
shx2=1.0
shy2=0.7
shz2=0.7
req2=1.0
rhos2=0.1
rhof=1.0
ndiv=2
tend=100.0
dt=0.05
tprint=1
logevery=100
nbody=2
impulse_scheme=1
energy_projection=0
impulse_pair_metric_correction=0
