cex1=-4.0
cey1=0.0
cez1=0.0
oriw1=-0.7449631156742377
orii1=-0.48241329027673074
orij1=0.4177866703137196
orik1=-0.1943236263491564
lvx1=2.6536302802433682
lvy1=3.0686288829696853
lvz1=-3.9554256711555955
avx1=-1.1801145357594338
avy1=-1.8505648323997195
avz1=-5.887372681250281
shx1=1.01
shy1=1.01
shz1=0.9802960494069208
req1=1.0
rhos1=1.0
cex2=4.0
cey2=0.0
cez2=0.0
oriw2=-0.4484962630416512
orii2=-0.44305441437569193
orij2=-0.13797236798889592
orik2=0.7638831806051389
lvx2=2.6217140727450174
lvy2=3.031721331494462
lvz2=-3.907852281823707
avx2=5.570468739187188
avy2=-2.4993527832113998
avz2=1.4837558071155663
shx2=1.01
shy2=1.01
shz2=0.9802960494069208
req2=1.0
rhos2=1.0
rhof=1.0
ndiv=2
tend=100.0
dt=0.05
tprint=1
logevery=100
nbody=2
impulse_scheme=1
energy_projection=0
impulse_pair_metric_correction=0
