cex1=-4.0
cey1=0.0
cez1=0.0
oriw1=0.048074031175384
orii1=0.6746673617482817
orij1=0.17357545213072118
orik1=0.715810310721896
lvx1=-5.180698984533849
lvy1=-0.7522404014525619
lvz1=-2.0309758401905986
avx1=5.917711812165815
avy1=1.7145317133568154
avz1=-1.2326741322849104
shx1=1.0020009999999997
shy1=0.9990009990009991
shz1=0.9990009990009991
req1=1.0
rhos1=1.0
cex2=4.0
cey2=0.0
cez2=0.0
oriw2=-0.6579113774320117
orii2=-0.02510531826127114
orij2=-0.6552316334146941
orik2=0.37039688040428353
lvx2=-7.056074779007585
lvy2=-1.0245460198104053
lvz2=-2.766174496052501
avx2=-5.607819190358661
avy2=-1.6323169884334343
avz2=-2.3165324910033447
shx2=4.0
shy2=0.5
shz2=0.5
req2=1.0
rhos2=1.0
rhof=1.0
ndiv=2
tend=100.0
dt=0.05
tprint=1
logevery=100
nbody=2
impulse_scheme=1
energy_projection=0
impulse_pair_metric_correction=0
