cex1=-1.5
cey1=0.0
cez1=0.0
oriw1=-0.12427890786237603
orii1=0.1776391716284271
orij1=-0.9728521737217257
orik1=-0.08097978666688717
lvx1=-4.75174339426088
lvy1=0.723395192995055
lvz1=-3.2277270519066312
avx1=-1.7314529302047157
avy1=4.077734481327135
avz1=-4.45562227468158
shx1=1.0
shy1=0.7
shz1=0.7
req1=1.0
rhos1=0.3
cex2=1.5
cey2=0.0
cez2=0.0
oriw2=-0.5458605125761582
orii2=-0.7936912157718076
orij2=-0.18849618971817875
orik2=-0.19120601789298414
lvx2=-4.743587541074684
lvy2=0.7221535634498246
lvz2=-3.2221870078057107
avx2=1.8393587324581333
avy2=5.996301487549751
avz2=0.37355793137891863
shx2=1.0
shy2=0.7
shz2=0.7
req2=1.0
rhos2=0.3
rhof=1.0
ndiv=2
tend=100.0
dt=0.05
tprint=1
logevery=100
nbody=2
impulse_scheme=1
energy_projection=0
impulse_pair_metric_correction=0
