cex1=-4.0
cey1=0.0
cez1=0.0
oriw1=-0.3080805452979056
orii1=-0.3652791252149811
orij1=-0.27449819670441383
orik1=-0.8344508842928673
lvx1=0.437386854013547
lvy1=0.48217671065185197
lvz1=-0.2392229657712818
avx1=-5.265433538659943
avy1=3.143398544439743
avz1=-1.3684563731177428
shx1=1.0
shy1=0.8
shz1=0.6
req1=1.0
rhos1=10.0
cex2=4.0
cey2=0.0
cez2=0.0
oriw2=-0.01048143404334912
orii2=-0.5810281093527889
orij2=0.7625318725923614
orik2=-0.28432660614705957
lvx2=0.5291224347137965
lvy2=0.583306317419626
lvz2=-0.2893965306155163
avx2=0.012878874972045524
avy2=-0.1861017789106303
avz2=-6.280415421516572
shx2=1.0
shy2=0.8
shz2=0.6
req2=1.0
rhos2=10.0
rhof=1.0
ndiv=2
tend=100.0
dt=0.05
tprint=1
logevery=100
nbody=2
impulse_scheme=1
energy_projection=0
impulse_pair_metric_correction=0
