cex1=-2.5
cey1=0.0
cez1=0.0
oriw1=-0.44814215531139223
orii1=0.2866703874793073
orij1=-0.715519812817101
orik1=-0.45279144762407403
lvx1=-0.20565593771191268
lvy1=-1.061193275752153
lvz1=-1.5160602304457642
avx1=-5.553209005055635
avy1=-1.4024831096284318
avz1=2.5832786295197434
shx1=1.0
shy1=0.7
shz1=0.7
req1=1.0
rhos1=1.0
cex2=2.5
cey2=0.0
cez2=0.0
oriw2=0.7622469247337659
orii2=-0.2132873407016508
orij2=0.6042619256182431
orik2=-0.09140930630120396
lvx2=-0.20918605294259363
lvy2=-1.0794088186006
lvz2=-1.5420836332692862
avx2=5.283208833150925
avy2=-0.3275822453664104
avz2=-3.3850866904991035
shx2=1.0
shy2=0.7
shz2=0.7
req2=1.0
rhos2=1.0
rhof=1.0
ndiv=2
tend=100.0
dt=0.05
tprint=1
logevery=100
nbody=2
impulse_scheme=1
energy_projection=0
impulse_pair_metric_correction=0
