cex1=-1.5
cey1=0.0
cez1=0.0
oriw1=-0.6165471566494098
orii1=0.32035324837278745
orij1=-0.2079959440689338
orik1=0.6884628436854122
lvx1=0.033464403922112
lvy1=1.0793647212708233
lvz1=0.1861414696666312
avx1=5.903545331675528
avy1=1.4753366873086864
avz1=1.565232180952893
shx1=1.0
shy1=0.7
shz1=0.7
req1=1.0
rhos1=0.1
cex2=1.5
cey2=0.0
cez2=0.0
oriw2=-0.2270277815726287
orii2=-0.4821998597295155
orij2=0.8336334349048907
orik2=0.1449033397811099
lvx2=0.037943841445226126
lvy2=1.2238450127721876
lvz2=0.21105776836338966
avx2=3.444159048545108
avy2=1.6434843806036723
avz2=-4.991507301747044
shx2=1.0
shy2=0.7
shz2=0.7
req2=1.0
rhos2=0.1
rhof=1.0
ndiv=2
tend=100.0
dt=0.05
tprint=1
logevery=100
nbody=2
impulse_scheme=1
energy_projection=0
impulse_pair_metric_correction=0
