cex1=-4.0
cey1=0.0
cez1=0.0
oriw1=0.19469182500165272
orii1=-0.9613937166993712
orij1=0.18592030805090032
orik1=-0.05701625928411426
lvx1=2.051494517308743
lvy1=-2.3252085670280342
lvz1=-4.721349785615569
avx1=-0.5153254259828256
avy1=5.954009259737799
avz1=-1.9397502531639463
shx1=1.0201
shy1=0.9900990099009901
shz1=0.9900990099009901
req1=1.0
rhos1=1.0
cex2=4.0
cey2=0.0
cez2=0.0
oriw2=-0.6268162342625718
orii2=-0.5729624022773244
orij2=-0.3522870060413698
orik2=-0.3933311065958222
lvx2=4.2827770210299105
lvy2=-4.854192753599669
lvz2=-9.856467175259693
avx2=4.319656125172981
avy2=-0.4288236849554564
avz2=-4.542587237669101
shx2=4.0
shy2=0.5
shz2=0.5
req2=1.0
rhos2=1.0
rhof=1.0
ndiv=2
tend=100.0
dt=0.05
tprint=1
logevery=100
nbody=2
impulse_scheme=1
energy_projection=0
impulse_pair_metric_correction=0
