cex1=-4.0
cey1=0.0
cez1=0.0
oriw1=0.5160824037478817
orii1=0.5390022464332016
orij1=0.6471960817543215
orik1=0.1557971843250836
lvx1=5.304565252456622
lvy1=1.7066337686466988
lvz1=0.6617691100429045
avx1=5.130588316879198
avy1=3.289823971808763
avz1=1.5272653212760794
shx1=1.0060089999999997
shy1=0.9970089730807579
shz1=0.9970089730807579
req1=1.0
rhos1=1.0
cex2=4.0
cey2=0.0
cez2=0.0
oriw2=-0.5195789435252397
orii2=0.8295635653939664
orij2=0.2038699026472106
orik2=0.017293791101522522
lvx2=5.312458744564042
lvy2=1.7091733358952739
lvz2=0.6627538597817523
avx2=-3.7192860720485705
avy2=-4.570693855329624
avz2=-2.1803867545632736
shx2=1.0
shy2=1.0
shz2=1.0
req2=1.0
rhos2=1.0
rhof=1.0
ndiv=2
tend=100.0
dt=0.05
tprint=1
logevery=100
nbody=2
impulse_scheme=1
energy_projection=0
impulse_pair_metric_correction=0
