cex1=-5.5
cey1=0.0
cez1=0.0
oriw1=-0.25344399386966254
orii1=0.1347067377759464
orij1=-0.8349457841758695
orik1=0.46955912753997153
lvx1=-1.4289354947301967
lvy1=1.0616037036747807
lvz1=-1.0317886733534762
avx1=3.4861967433458427
avy1=3.4576762651078545
avz1=-3.9203730328569586
shx1=1.0
shy1=0.7
shz1=0.7
req1=1.0
rhos1=0.03
cex2=5.5
cey2=0.0
cez2=0.0
oriw2=-0.8120753740817808
orii2=0.13436269566510062
orij2=0.5460997186608695
orik2=-0.15574129221905994
lvx2=-1.2636192470637466
lvy2=0.9387847650679981
lvz2=-0.9124190919464811
avx2=5.886245450240566
avy2=-0.3288881921283065
avz2=2.17310024181082
shx2=1.0
shy2=0.7
shz2=0.7
req2=1.0
rhos2=0.03
rhof=1.0
ndiv=2
tend=100.0
dt=0.05
tprint=1
logevery=100
nbody=2
impulse_scheme=1
energy_projection=0
impulse_pair_metric_correction=0
