cex1=-4.0
cey1=0.0
cez1=0.0
oriw1=-0.4429539495799301
orii1=0.004748020117435821
orij1=-0.8733016184076086
orik1=0.2027647359457674
lvx1=1.7678117881131148
lvy1=5.13481446454529
lvz1=-1.4464293345310655
avx1=0.5093369257496049
avy1=-6.2303914765241455
avz1=-0.633415779469258
shx1=1.003
shy1=1.0
shz1=0.9970089730807579
req1=1.0
rhos1=1.0
cex2=4.0
cey2=0.0
cez2=0.0
oriw2=0.24868033812922216
orii2=-0.10910008619925143
orij2=0.3114628900429517
orik2=-0.9106295233218302
lvx2=1.7698267393672467
lvy2=5.140667124265425
lvz2=-1.4480779741776748
avx2=-1.8372518437507592
avy2=-1.5541862430223978
avz2=-5.804087214109708
shx2=1.003
shy2=1.0
shz2=0.9970089730807579
req2=1.0
rhos2=1.0
rhof=1.0
ndiv=2
tend=100.0
dt=0.05
tprint=1
logevery=100
nbody=2
impulse_scheme=1
energy_projection=0
impulse_pair_metric_correction=0
