cex1=-1.5
cey1=0.0
cez1=0.0
oriw1=0.263388137665118
orii1=0.8721768867772075
orij1=0.12351972327112984
orik1=0.39329002666218554
lvx1=0.3514848207638175
lvy1=-8.09447014472952
lvz1=0.8168794678270224
avx1=-6.133174025475796
avy1=-0.2571126161479518
avz1=-1.3403309592052293
shx1=1.0
shy1=0.8
shz1=0.6
req1=1.0
rhos1=10.0
cex2=1.5
cey2=0.0
cez2=0.0
oriw2=-0.8231820338925849
orii2=0.5010858954011006
orij2=-0.23847655236938295
orik2=0.12005498105683562
lvx2=0.42394105985959313
lvy2=-9.763090891667092
lvz2=0.9852736929451433
avx2=-1.6645807238734074
avy2=3.699197586179259
avz2=4.798283634433468
shx2=1.0
shy2=0.8
shz2=0.6
req2=1.0
rhos2=10.0
rhof=1.0
ndiv=2
tend=100.0
dt=0.05
tprint=1
logevery=100
nbody=2
impulse_scheme=1
energy_projection=0
impulse_pair_metric_correction=0
