cex1=-4.0
cey1=0.0
cez1=0.0
oriw1=-0.8229587632649491
orii1=-0.06687557848606152
orij1=-0.4372887951260122
orik1=-0.35643378154268807
lvx1=-1.8754889098138439
lvy1=1.8937689294925422
lvz1=4.949305731234547
avx1=1.4236842891251318
avy1=3.8180596338273456
avz1=4.782673026853696
shx1=1.001
shy1=1.0
shz1=0.9990009990009991
req1=1.0
rhos1=1.0
cex2=4.0
cey2=0.0
cez2=0.0
oriw2=-0.2923644270396771
orii2=0.03319031801146768
orij2=0.9537463357689991
orik2=-0.06155787195206311
lvx2=-1.8749928830606017
lvy2=1.8932680680645853
lvz2=4.947996745593619
avx2=0.09351529336159185
avy2=-6.255309978470739
avz2=-0.5837547151923855
shx2=1.0
shy2=1.0
shz2=1.0
req2=1.0
rhos2=1.0
rhof=1.0
ndiv=2
tend=100.0
dt=0.05
tprint=1
logevery=100
nbody=2
impulse_scheme=1
energy_projection=0
impulse_pair_metric_correction=0
