cex1=-2.5
cey1=0.0
cez1=0.0
oriw1=1.0
orii1=2.0
orij1=0.0
orik1=0.0
lvx1=-0.7904751189798174
lvy1=-3.256678872747016
lvz1=1.1761191042869417
avx1=0.20972271119343894
avy1=-0.4652874730694852
avz1=-6.262422978063021
shx1=1.0
shy1=0.7
shz1=0.7
req1=1.0
rhos1=0.03
cex2=2.5
cey2=0.0
cez2=0.0
oriw2=1.0
orii2=0.0
orij2=1.0
orik2=0.0
lvx2=-0.7226098017933523
lvy2=-2.9770805155480224
lvz2=1.075144773602749
avx2=4.357887118585514
avy2=4.510426243784284
avz2=0.37854004465298147
shx2=1.0
shy2=0.7
shz2=0.7
req2=1.0
rhos2=0.03
rhof=1.0
ndiv=2
tend=100.0
dt=0.05
tprint=1
logevery=100
nbody=2
impulse_scheme=1
energy_projection=0
impulse_pair_metric_correction=0
