cex1=-4.0
cey1=0.0
cez1=0.0
oriw1=0.21332587998220467
orii1=-0.062023392299807655
orij1=0.9634676653789254
orik1=0.14958350680046634
lvx1=0.6810138919291767
lvy1=0.33618800563803075
lvz1=0.29100743192429607
avx1=1.5435611537669593
avy1=2.9223575059636513
avz1=5.3437499170785445
shx1=1.0
shy1=0.8
shz1=0.6
req1=1.0
rhos1=0.03
cex2=4.0
cey2=0.0
cez2=0.0
oriw2=-0.26526952000363085
orii2=-0.9592932859658654
orij2=-0.03659956688615942
orik2=0.08971591253284524
lvx2=0.6853562121108223
lvy2=0.3383316270516466
lvz2=0.29286297034961967
avx2=2.2041825876696506
avy2=0.3191590851073173
avz2=5.875213545307508
shx2=1.0
shy2=0.8
shz2=0.6
req2=1.0
rhos2=0.03
rhof=1.0
ndiv=2
tend=100.0
dt=0.05
tprint=1
logevery=100
nbody=2
impulse_scheme=1
energy_projection=0
impulse_pair_metric_correction=0
