cex1=-4.0
cey1=0.0
cez1=0.0
oriw1=0.12126715910248986
orii1=-0.16710655796789683
orij1=-0.9642394228835188
orik1=0.16616861847109363
lvx1=-1.7259671450084562
lvy1=5.385754448426555
lvz1=-0.7455488698292293
avx1=1.6986641246691838
avy1=-5.998918523687574
avz1=0.778417845425841
shx1=1.3
shy1=1.3
shz1=0.5917159763313609
req1=1.0
rhos1=1.0
cex2=4.0
cey2=0.0
cez2=0.0
oriw2=0.7802574658224158
orii2=0.527194565477791
orij2=0.12369080629274588
orik2=0.312993229316091
lvx2=-1.8385431120963014
lvy2=5.737039533593291
lvz2=-0.7941771912170413
avx2=-4.72437767534531
avy2=-2.8937741377862225
avz2=2.9639069527459676
shx2=1.3
shy2=1.3
shz2=0.5917159763313609
req2=1.0
rhos2=1.0
rhof=1.0
ndiv=2
tend=100.0
dt=0.05
tprint=1
logevery=100
nbody=2
impulse_scheme=1
energy_projection=0
impulse_pair_metric_correction=0
