cex1=-5.5
cey1=0.0
cez1=0.0
oriw1=-0.6531288297431731
orii1=-0.4688692412661087
orij1=0.03432572188319018
orik1=0.5936380304276796
lvx1=1.9783659358737835
lvy1=-1.0812198373960293
lvz1=-2.584110324556312
avx1=-2.800867833817438
avy1=4.538860587198305
avz1=-3.321490862823817
shx1=1.0
shy1=0.7
shz1=0.7
req1=1.0
rhos1=1.0
cex2=5.5
cey2=0.0
cez2=0.0
oriw2=-0.12601904704759825
orii2=-0.7031584753847213
orij2=-0.012672654314727298
orik2=-0.6996618912792584
lvx2=2.04658487831933
lvy2=-1.1185029671349798
lvz2=-2.673216829226283
avx2=-0.5511130453062529
avy2=-6.202182065977779
avz2=-0.8412072492045595
shx2=1.0
shy2=0.7
shz2=0.7
req2=1.0
rhos2=1.0
rhof=1.0
ndiv=2
tend=100.0
dt=0.05
tprint=1
logevery=100
nbody=2
impulse_scheme=1
energy_projection=0
impulse_pair_metric_correction=0
