cex1=-4.0
cey1=0.0
cez1=0.0
oriw1=-0.9006103449533025
orii1=-0.06096183684188543
orij1=0.4077906765725976
orik1=-0.1374460807459411
lvx1=4.686930529755204
lvy1=-1.218205918002197
lvz1=-2.8315736437368684
avx1=3.8820254058662345
avy1=4.923389767887349
avz1=-0.41052350240722907
shx1=1.01
shy1=1.0
shz1=0.9900990099009901
req1=1.0
rhos1=1.0
cex2=4.0
cey2=0.0
cez2=0.0
oriw2=-0.911562083524088
orii2=-0.06536802721226645
orij2=0.3266296016642663
orik2=0.2410284054136415
lvx2=4.678783137278352
lvy2=-1.216088284367865
lvz2=-2.82665145817082
avx2=5.766130413553748
avy2=-1.177878970509491
avz2=-2.2006269081967123
shx2=1.01
shy2=1.0
shz2=0.9900990099009901
req2=1.0
rhos2=1.0
rhof=1.0
ndiv=2
tend=100.0
dt=0.05
tprint=1
logevery=100
nbody=2
impulse_scheme=1
energy_projection=0
impulse_pair_metric_correction=0
