cex1=-4.0
cey1=0.0
cez1=0.0
oriw1=0.7018831380027905
orii1=0.49803305399268355
orij1=-0.5072414443795623
orik1=0.04504725099062136
lvx1=3.043732888877826
lvy1=4.612003259410731
lvz1=1.1145513773632214
avx1=-3.195633535419348
avy1=4.732893601632629
avz1=-2.620317169215512
shx1=1.1
shy1=1.0
shz1=0.9090909090909091
req1=1.0
rhos1=1.0
cex2=4.0
cey2=0.0
cez2=0.0
oriw2=0.1332477165382666
orii2=-0.6126096935700805
orij2=0.17553739891110895
orik2=-0.7590395450599607
lvx2=3.10809567408213
lvy2=4.709528694783756
lvz2=1.1381196842808623
avx2=-2.2555494788827612
avy2=-3.7632548515831115
avz2=-4.497646837481275
shx2=1.1
shy2=1.0
shz2=0.9090909090909091
req2=1.0
rhos2=1.0
rhof=1.0
ndiv=2
tend=100.0
dt=0.05
tprint=1
logevery=100
nbody=2
impulse_scheme=1
energy_projection=0
impulse_pair_metric_correction=0
