cex1=-5.5
cey1=0.0
cez1=0.0
oriw1=-0.4143084143845913
orii1=-0.863384258072481
orij1=0.24093557774188118
orik1=-0.15769022817201864
lvx1=-0.04174578544063809
lvy1=-0.7465084760973529
lvz1=-0.032052022151699895
avx1=3.5429754380856844
avy1=4.313916760969446
avz1=2.883724124965124
shx1=1.0
shy1=0.8
shz1=0.6
req1=1.0
rhos1=1.0
cex2=5.5
cey2=0.0
cez2=0.0
oriw2=0.29725593039083986
orii2=-0.20823600117644123
orij2=-0.9180850398248875
orik2=0.15936291698904112
lvx2=-0.04192773751196894
lvy2=-0.7497621881082359
lvz2=-0.032191723243900856
avx2=-3.3938730175775795
avy2=4.400813981121273
avz2=-2.931361432591317
shx2=1.0
shy2=0.8
shz2=0.6
req2=1.0
rhos2=1.0
rhof=1.0
ndiv=2
tend=100.0
dt=0.05
tprint=1
logevery=100
nbody=2
impulse_scheme=1
energy_projection=0
impulse_pair_metric_correction=0
