cex1=-4.0
cey1=0.0
cez1=0.0
oriw1=-0.46955273936696273
orii1=-0.3139655047930514
orij1=0.15292525807813098
orik1=0.8109005809559903
lvx1=0.06351259628121786
lvy1=2.5320761629096786
lvz1=5.016811705063295
avx1=-3.4110132925142946
avy1=-1.276084758233167
avz1=-5.120059922740478
shx1=1.0006000899999998
shy1=0.9997000899730081
shz1=0.9997000899730081
req1=1.0
rhos1=1.0
cex2=4.0
cey2=0.0
cez2=0.0
oriw2=0.2446186999703322
orii2=-0.8658496324511551
orij2=0.40394107607938645
orik2=-0.16522019448254938
lvx2=0.18103414314423807
lvy2=7.21734372971714
lvz2=14.299749365004274
avx2=-0.02538169729241067
avy2=-4.549904210435087
avz2=-4.333144937532675
shx2=4.0
shy2=0.5
shz2=0.5
req2=1.0
rhos2=1.0
rhof=1.0
ndiv=2
tend=100.0
dt=0.05
tprint=1
logevery=100
nbody=2
impulse_scheme=1
energy_projection=0
impulse_pair_metric_correction=0
