cex1=-4.0
cey1=0.0
cez1=0.0
oriw1=0.3154607585212346
orii1=0.6466466326913521
orij1=0.5180514390531763
orik1=0.462553076691828
lvx1=-3.735115117770108
lvy1=0.3153528757121921
lvz1=4.18609728732939
avx1=5.038197554973268
avy1=3.098482000450623
avz1=2.1199981826176955
shx1=1.0006000899999998
shy1=0.9997000899730081
shz1=0.9997000899730081
req1=1.0
rhos1=1.0
cex2=4.0
cey2=0.0
cez2=0.0
oriw2=0.13341353156375388
orii2=0.7532090123397068
orij2=0.4832377279786082
orik2=-0.42586184565420165
lvx2=-6.229046592998256
lvy2=0.5259135780585964
lvz2=6.981148966879926
avx2=-5.1761919412723545
avy2=2.2692993227253537
avz2=2.74512935493809
shx2=4.0
shy2=0.5
shz2=0.5
req2=1.0
rhos2=1.0
rhof=1.0
ndiv=2
tend=100.0
dt=0.05
tprint=1
logevery=100
nbody=2
impulse_scheme=1
energy_projection=0
impulse_pair_metric_correction=0
