cex1=-4.0
cey1=0.0
cez1=0.0
oriw1=-0.5797503835373625
orii1=0.11290267080738817
orij1=-0.5775549047552971
orik1=-0.5635359897166633
lvx1=-3.186501093834865
lvy1=5.455025945143981
lvz1=-2.659223709358792
avx1=-3.4524096899157684
avy1=-0.0885956273083805
avz1=-5.2489461563398585
shx1=1.3
shy1=1.3
shz1=0.5917159763313609
req1=1.0
rhos1=1.0
cex2=4.0
cey2=0.0
cez2=0.0
oriw2=-0.9576340351536065
orii2=0.27127779331036744
orij2=0.019354803483937713
orik2=-0.0947143344704325
lvx2=-2.9349478985775983
lvy2=5.024387710194931
lvz2=-2.4492955777515815
avx2=-4.501851481823715
avy2=-2.2259228517790075
avz2=3.775846699468486
shx2=1.3
shy2=1.3
shz2=0.5917159763313609
req2=1.0
rhos2=1.0
rhof=1.0
ndiv=2
tend=100.0
dt=0.05
tprint=1
logevery=100
nbody=2
impulse_scheme=1
energy_projection=0
impulse_pair_metric_correction=0
