cex1=-4.0
cey1=0.0
cez1=0.0
oriw1=0.04291614691685086
orii1=0.8742004229854546
orij1=0.3243489071290575
orik1=-0.3587890901770141
lvx1=-2.941191312846885
lvy1=-1.878808093025402
lvz1=0.21834247911762558
avx1=1.1034441342770085
avy1=-5.258272273451946
avz1=-3.2575145963039973
shx1=1.0
shy1=0.8
shz1=0.6
req1=1.0
rhos1=0.3
cex2=4.0
cey2=0.0
cez2=0.0
oriw2=-0.2840861714276232
orii2=-0.6474548324449324
orij2=-0.3439707223982518
orik2=-0.6178846407543437
lvx2=-3.1110175079626425
lvy2=-1.9872916277065775
lvz2=0.2309497081335432
avx2=0.19947168143703706
avy2=-2.5463024913936483
avz2=5.740642148312731
shx2=1.0
shy2=0.8
shz2=0.6
req2=1.0
rhos2=0.3
rhof=1.0
ndiv=2
tend=100.0
dt=0.05
tprint=1
logevery=100
nbody=2
impulse_scheme=1
energy_projection=0
impulse_pair_metric_correction=0
