cex1=-1.5
cey1=0.0
cez1=0.0
oriw1=0.6698080025061792
orii1=-0.6569273407403923
orij1=-0.20096333983330206
orik1=0.28181100902818434
lvx1=0.1295735391438747
lvy1=-0.5983804431961195
lvz1=0.36250104178456044
avx1=-5.280286145202647
avy1=-1.1127421635323829
avz1=-3.2185090813349713
shx1=1.0
shy1=0.8
shz1=0.6
req1=1.0
rhos1=4.0
cex2=1.5
cey2=0.0
cez2=0.0
oriw2=0.856150126407427
orii2=-0.4940496634235797
orij2=0.043416426926635825
orik2=0.14504104590259417
lvx2=0.12603312717805798
lvy2=-0.5820305518896088
lvz2=0.35259621835815064
avx2=5.542080499138087
avy2=-1.929749056026418
avz2=2.2449565532980627
shx2=1.0
shy2=0.8
shz2=0.6
req2=1.0
rhos2=4.0
rhof=1.0
ndiv=2
tend=100.0
dt=0.05
tprint=1
logevery=100
nbody=2
impulse_scheme=1
energy_projection=0
impulse_pair_metric_correction=0
