cex1=-4.0
cey1=0.0
cez1=0.0
oriw1=0.7584926523012092
orii1=-0.5805054490542394
orij1=0.16167576396740116
orik1=-0.24811946189077985
lvx1=2.824908735574477
lvy1=-3.192172491940129
lvz1=8.138256067943633
avx1=-3.5326694515511474
avy1=3.400296719685388
avz1=-3.9289497793343626
shx1=1.0
shy1=0.7
shz1=0.7
req1=1.0
rhos1=0.03
cex2=4.0
cey2=0.0
cez2=0.0
oriw2=0.49127640890740126
orii2=0.3497318044730099
orij2=-0.7248310265635131
orik2=-0.33309929138619304
lvx2=2.969502771100268
lvy2=-3.355565063491712
lvz2=8.554815821604816
avx2=1.2963402426701367
avy2=-1.5140001660172973
avz2=5.95866789449546
shx2=1.0
shy2=0.7
shz2=0.7
req2=1.0
rhos2=0.03
rhof=1.0
ndiv=2
tend=100.0
dt=0.05
tprint=1
logevery=100
nbody=2
impulse_scheme=1
energy_projection=0
impulse_pair_metric_correction=0
