cex1=-4.0
cey1=0.0
cez1=0.0
oriw1=0.27273863815226357
orii1=-0.853134112769008
orij1=-0.44436275287033994
orik1=-0.01782034652242743
lvx1=-2.6145471941407794
lvy1=-1.7212631329887966
lvz1=-4.8742016435848114
avx1=-3.2015813054024833
avy1=3.3686236525552675
avz1=-4.228554059805783
shx1=1.2100000000000002
shy1=0.9090909090909091
shz1=0.9090909090909091
req1=1.0
rhos1=1.0
cex2=4.0
cey2=0.0
cez2=0.0
oriw2=-0.08764359972491505
orii2=0.7987004969334495
orij2=-0.43476351373232547
orik2=0.406665467863503
lvx2=-2.536491269485405
lvy2=-1.6698757318656738
lvz2=-4.728684929601077
avx2=2.053611417876501
avy2=1.4534622453121284
avz2=5.757477333883037
shx2=1.0
shy2=1.0
shz2=1.0
req2=1.0
rhos2=1.0
rhof=1.0
ndiv=2
tend=100.0
dt=0.05
tprint=1
logevery=100
nbody=2
impulse_scheme=1
energy_projection=0
impulse_pair_metric_correction=0
