cex1=-4.0
cey1=0.0
cez1=0.0
oriw1=-0.8829523111718413
orii1=0.06360249559816736
orij1=-0.4166368868148825
orik1=0.20679372160486853
lvx1=5.747576286798193
lvy1=-7.947853903793541
lvz1=-1.1062411984008456
avx1=-2.683833751813065
avy1=1.2063182720172871
avz1=5.551598888931338
shx1=1.0
shy1=0.8
shz1=0.6
req1=1.0
rhos1=1.0
cex2=4.0
cey2=0.0
cez2=0.0
oriw2=-0.47192029391199325
orii2=0.04766077351009985
orij2=0.5376307486677901
orik2=-0.69711754026803
lvx2=5.258379258121499
lvy2=-7.271383280337373
lvz2=-1.012085004510828
avx2=-4.718600842391159
avy2=1.3391775787820752
avz2=3.9268087688389244
shx2=1.0
shy2=0.8
shz2=0.6
req2=1.0
rhos2=1.0
rhof=1.0
ndiv=2
tend=100.0
dt=0.05
tprint=1
logevery=100
nbody=2
impulse_scheme=1
energy_projection=0
impulse_pair_metric_correction=0
