cex1=-4.0
cey1=0.0
cez1=0.0
oriw1=-0.4516913333251289
orii1=-0.8630735996613398
orij1=0.21719952780214116
orik1=0.062476124152442976
lvx1=-0.68167416796436
lvy1=1.7494204504589215
lvz1=-5.297175348334102
avx1=1.6776590604335557
avy1=-5.994023386896627
avz1=-0.8576487151735968
shx1=1.00020001
shy1=0.9999000099990001
shz1=0.9999000099990001
req1=1.0
rhos1=1.0
cex2=4.0
cey2=0.0
cez2=0.0
oriw2=0.4606243214907527
orii2=0.20784936589362768
orij2=0.6339770741609613
orik2=-0.5854032328123133
lvx2=-0.6816473606669554
lvy2=1.7493516533172588
lvz2=-5.2969670333331225
avx2=-5.060690683907961
avy2=-3.7116660639112724
avz2=0.30226219772577806
shx2=1.0
shy2=1.0
shz2=1.0
req2=1.0
rhos2=1.0
rhof=1.0
ndiv=2
tend=100.0
dt=0.05
tprint=1
logevery=100
nbody=2
impulse_scheme=1
energy_projection=0
impulse_pair_metric_correction=0
