cex1=-4.0
cey1=0.0
cez1=0.0
oriw1=0.714575101773574
orii1=-0.36903792718698974
orij1=-0.5795029679916578
orik1=0.13179431820710655
lvx1=-0.8015329063201154
lvy1=-4.800631689235778
lvz1=3.313132420295147
avx1=2.4294985126971596
avy1=4.309857463046786
avz1=-3.8731231879943664
shx1=1.2100000000000002
shy1=0.9090909090909091
shz1=0.9090909090909091
req1=1.0
rhos1=1.0
cex2=4.0
cey2=0.0
cez2=0.0
oriw2=0.7946478559064826
orii2=0.22721925245447433
orij2=-0.533460403827056
orik2=0.1797948663503333
lvx2=-1.2473238229619918
lvy2=-7.470613151418885
lvz2=5.155807034092504
avx2=5.235129971826085
avy2=-3.2147893102398317
avz2=1.3179383419619282
shx2=4.0
shy2=0.5
shz2=0.5
req2=1.0
rhos2=1.0
rhof=1.0
ndiv=2
tend=100.0
dt=0.05
tprint=1
logevery=100
nbody=2
impulse_scheme=1
energy_projection=0
impulse_pair_metric_correction=0
