cex1=-1.5
cey1=0.0
cez1=0.0
oriw1=0.10997517526195037
orii1=0.4970045574106
orij1=-0.5172355468990076
orik1=0.6880111334588137
lvx1=-0.1134650352934806
lvy1=0.8020935419527159
lvz1=-0.15664441589810443
avx1=-1.1701064506924042
avy1=2.1272681656835397
avz1=-5.795170286512282
shx1=1.0
shy1=0.8
shz1=0.6
req1=1.0
rhos1=1.0
cex2=1.5
cey2=0.0
cez2=0.0
oriw2=-0.22107194847305978
orii2=0.8728782842998558
orij2=-0.4079543243639863
orik2=-0.15094357763345959
lvx2=-0.11278092796808466
lvy2=0.7972575317555359
lvz2=-0.15569996995384427
avx2=1.4331615605959094
avy2=-2.3765232330242774
avz2=5.637073963368191
shx2=1.0
shy2=0.8
shz2=0.6
req2=1.0
rhos2=1.0
rhof=1.0
ndiv=2
tend=100.0
dt=0.05
tprint=1
logevery=100
nbody=2
impulse_scheme=1
energy_projection=0
impulse_pair_metric_correction=0
