cex1=-1.5
cey1=0.0
cez1=0.0
oriw1=0.5346947850914686
orii1=0.5484552383302903
orij1=-0.05598571112543351
orik1=0.6404404254056985
lvx1=-2.463876403442396
lvy1=-1.104561324003951
lvz1=1.7313531940873552
avx1=-4.615372684365563
avy1=-2.675538359809658
avz1=3.319374500407674
shx1=1.0
shy1=0.7
shz1=0.7
req1=1.0
rhos1=1.0
cex2=1.5
cey2=0.0
cez2=0.0
oriw2=-0.5814221588606968
orii2=-0.25205600660506455
orij2=0.554173043731368
orik2=0.5397298215974224
lvx2=-2.415300707110122
lvy2=-1.0827847302672573
lvz2=1.697219303733765
avx2=-4.997302356701673
avy2=-3.771470064989118
avz2=-0.5304717796003057
shx2=1.0
shy2=0.7
shz2=0.7
req2=1.0
rhos2=1.0
rhof=1.0
ndiv=2
tend=100.0
dt=0.05
tprint=1
logevery=100
nbody=2
impulse_scheme=1
energy_projection=0
impulse_pair_metric_correction=0
