cex1=-4.0
cey1=0.0
cez1=0.0
oriw1=-0.20448209176223528
orii1=0.5475323146815059
orij1=-0.7873032452476227
orik1=0.1963390907349191
lvx1=3.5040761697001823
lvy1=-0.03060240217092568
lvz1=-4.224423278456537
avx1=2.4032324354693175
avy1=-5.70985513310949
avz1=1.0490213650678717
shx1=1.1
shy1=1.1
shz1=0.8264462809917354
req1=1.0
rhos1=1.0
cex2=4.0
cey2=0.0
cez2=0.0
oriw2=0.6516734069461015
orii2=0.022688475902159947
orij2=-0.7264865707751048
orik2=-0.21685079253700365
lvx2=3.587840716025319
lvy2=-0.0313339491494054
lvz2=-4.325407641315159
avx2=-5.0140550938525035
avy2=0.21453009900026446
avz2=-3.780429334981958
shx2=1.0
shy2=1.0
shz2=1.0
req2=1.0
rhos2=1.0
rhof=1.0
ndiv=2
tend=100.0
dt=0.05
tprint=1
logevery=100
nbody=2
impulse_scheme=1
energy_projection=0
impulse_pair_metric_correction=0
