cex1=-2.5
cey1=0.0
cez1=0.0
oriw1=0.9715028525827917
orii1=0.09002697998938225
orij1=-0.07109445135097532
orik1=0.20741969357945125
lvx1=-1.712994191104764
lvy1=-1.2595003493920818
lvz1=0.057927287444081085
avx1=2.5118080346661236
avy1=-4.325021232533437
avz1=3.803081558352264
shx1=1.0
shy1=0.8
shz1=0.6
req1=1.0
rhos1=0.03
cex2=2.5
cey2=0.0
cez2=0.0
oriw2=0.9030272245968146
orii2=-0.3732301725096966
orij2=0.12332523493255193
orik2=0.17329730636737267
lvx2=-1.7400262809836011
lvy2=-1.2793760307131234
lvz2=0.058841415261184624
avx2=-0.5840766359098184
avy2=5.103459101369563
avz2=-3.618283749015529
shx2=1.0
shy2=0.8
shz2=0.6
req2=1.0
rhos2=0.03
rhof=1.0
ndiv=2
tend=100.0
dt=0.05
tprint=1
logevery=100
nbody=2
impulse_scheme=1
energy_projection=0
impulse_pair_metric_correction=0
