cex1=-4.0
cey1=0.0
cez1=0.0
oriw1=0.742575820421286
orii1=0.1806912779828116
orij1=-0.2866317357593421
orik1=-0.5777318245018003
lvx1=3.1592166942270143
lvy1=2.016937534240761
lvz1=4.180648098382512
avx1=5.409125523081042
avy1=2.134605551526539
avz1=-2.3797558318665293
shx1=1.003
shy1=1.0
shz1=0.9970089730807579
req1=1.0
rhos1=1.0
cex2=4.0
cey2=0.0
cez2=0.0
oriw2=0.3623558118391753
orii2=-0.17888978615049272
orij2=-0.9084916344448808
orik2=0.1064878405315477
lvx2=3.164434830373736
lvy2=2.020268946952125
lvz2=4.1875533515102115
avx2=0.030775107409439676
avy2=4.429703682225509
avz2=4.455916940967272
shx2=1.003
shy2=1.0
shz2=0.9970089730807579
req2=1.0
rhos2=1.0
rhof=1.0
ndiv=2
tend=100.0
dt=0.05
tprint=1
logevery=100
nbody=2
impulse_scheme=1
energy_projection=0
impulse_pair_metric_correction=0
