cex1=-5.5
cey1=0.0
cez1=0.0
oriw1=0.559834476500484
orii1=-0.6632713839780414
orij1=-0.4755817897540891
orik1=0.14310273013321495
lvx1=0.19400408316796539
lvy1=-0.004873618023910943
lvz1=-0.6355883838653906
avx1=6.133967128509878
avy1=0.4345011983098495
avz1=-1.2899897594109138
shx1=1.0
shy1=0.8
shz1=0.6
req1=1.0
rhos1=4.0
cex2=5.5
cey2=0.0
cez2=0.0
oriw2=-0.6142621313353758
orii2=-0.5559534013712623
orij2=-0.1423580080494041
orik2=-0.5416013728336105
lvx2=0.23256898511848204
lvy2=-0.005842415165534359
lvz2=-0.7619331664307893
avx2=0.10193753600146509
avy2=-4.771948013531758
avz2=4.0861398041748025
shx2=1.0
shy2=0.8
shz2=0.6
req2=1.0
rhos2=4.0
rhof=1.0
ndiv=2
tend=100.0
dt=0.05
tprint=1
logevery=100
nbody=2
impulse_scheme=1
energy_projection=0
impulse_pair_metric_correction=0
