cex1=-5.5
cey1=0.0
cez1=0.0
oriw1=1.0
orii1=2.0
orij1=0.0
orik1=0.0
lvx1=0.8925314507500887
lvy1=-0.47591780185727756
lvz1=0.3338090241668203
avx1=6.268412788707945
avy1=0.40073964192063105
avz1=0.1575641269878539
shx1=1.0
shy1=0.7
shz1=0.7
req1=1.0
rhos1=0.1
cex2=5.5
cey2=0.0
cez2=0.0
oriw2=1.0
orii2=0.0
orij2=1.0
orik2=0.0
lvx2=1.0222078962094423
lvy2=-0.5450641930839563
lvz2=0.38230834335588637
avx2=-3.9484433025027754
avy2=-1.9296092266185167
avz2=-4.49052572911314
shx2=1.0
shy2=0.7
shz2=0.7
req2=1.0
rhos2=0.1
rhof=1.0
ndiv=2
tend=100.0
dt=0.05
tprint=1
logevery=100
nbody=2
impulse_scheme=1
energy_projection=0
impulse_pair_metric_correction=0
