cex1=-4.0
cey1=0.0
cez1=0.0
oriw1=0.3455297080836931
orii1=-0.45923192597328844
orij1=0.06511410806976858
orik1=-0.8157667631919926
lvx1=-0.20010735212727124
lvy1=-0.3725480541707269
lvz1=-0.5015423186839727
avx1=-6.055070298096333
avy1=0.9200960365895366
avz1=1.4028416064977691
shx1=1.0
shy1=0.7
shz1=0.7
req1=1.0
rhos1=4.0
cex2=4.0
cey2=0.0
cez2=0.0
oriw2=-0.7435687676085145
orii2=0.007095179504102325
orij2=0.4917912145650419
orik2=0.45298625535616455
lvx2=-0.24220649656416496
lvy2=-0.45092575581680094
lvz2=-0.6070581944927836
avx2=-0.2791079892040954
avy2=4.870494008051911
avz2=3.9596470110668096
shx2=1.0
shy2=0.7
shz2=0.7
req2=1.0
rhos2=4.0
rhof=1.0
ndiv=2
tend=100.0
dt=0.05
tprint=1
logevery=100
nbody=2
impulse_scheme=1
energy_projection=0
impulse_pair_metric_correction=0
