cex1=-4.0
cey1=0.0
cez1=0.0
oriw1=-0.9056034642587983
orii1=0.007237949401593247
orij1=0.3324478012370621
orik1=-0.26326495601117583
lvx1=4.382743145377067
lvy1=0.6973948560039797
lvz1=-3.4478887772019946
avx1=-5.1447613343629035
avy1=-3.5735385343465507
avz1=-0.48956180441511005
shx1=1.0
shy1=1.0
shz1=1.0
req1=1.0
rhos1=1.0
cex2=4.0
cey2=0.0
cez2=0.0
oriw2=-0.5305631134083034
orii2=0.31561433326441385
orij2=-0.6649768567224784
orik2=-0.420352418039958
lvx2=4.382743145377067
lvy2=0.6973948560039797
lvz2=-3.4478887772019946
avx2=-5.51137598031748
avy2=2.9025839853882216
avz2=-0.823503865021166
shx2=1.0
shy2=1.0
shz2=1.0
req2=1.0
rhos2=1.0
rhof=1.0
ndiv=2
tend=100.0
dt=0.05
tprint=1
logevery=100
nbody=2
impulse_scheme=1
energy_projection=0
impulse_pair_metric_correction=0
