cex1=-4.0
cey1=0.0
cez1=0.0
oriw1=-0.1073341651905261
orii1=-0.6001652498963311
orij1=0.25807488986986504
orik1=0.7494520671920148
lvx1=-5.112965141161711
lvy1=2.3024546963211043
lvz1=2.212659497468413
avx1=5.175563383615321
avy1=2.235789538949653
avz1=2.7736629939596242
shx1=1.3
shy1=1.3
shz1=0.5917159763313609
req1=1.0
rhos1=1.0
cex2=4.0
cey2=0.0
cez2=0.0
oriw2=-0.39704290036414
orii2=0.3625892555369173
orij2=-0.8083575626222829
orik2=-0.23967481718148362
lvx2=-4.7665898999287055
lvy2=2.146476065751938
lvz2=2.0627639972953014
avx2=6.276892147534791
avy2=-0.24178995630642292
avz2=-0.14345797155563228
shx2=1.0
shy2=1.0
shz2=1.0
req2=1.0
rhos2=1.0
rhof=1.0
ndiv=2
tend=100.0
dt=0.05
tprint=1
logevery=100
nbody=2
impulse_scheme=1
energy_projection=0
impulse_pair_metric_correction=0
