cex1=-2.5
cey1=0.0
cez1=0.0
oriw1=-0.010288403858112274
orii1=-0.8423352752642586
orij1=0.4475862939877016
orik1=-0.3000532323203552
lvx1=-0.18701536097178603
lvy1=0.5379691355838302
lvz1=0.4868785276014901
avx1=-3.56458250265351
avy1=-3.598594074687707
avz1=3.71783402961407
shx1=1.0
shy1=0.7
shz1=0.7
req1=1.0
rhos1=0.3
cex2=2.5
cey2=0.0
cez2=0.0
oriw2=-0.45456869324850124
orii2=0.06290436263473265
orij2=0.7826152862466059
orik2=0.42062294042647164
lvx2=-0.18699893916599875
lvy2=0.5379218965516019
lvz2=0.486835774831981
avx2=3.567109748790335
avy2=2.3003000545426078
avz2=4.6327923872664165
shx2=1.0
shy2=0.7
shz2=0.7
req2=1.0
rhos2=0.3
rhof=1.0
ndiv=2
tend=100.0
dt=0.05
tprint=1
logevery=100
nbody=2
impulse_scheme=1
energy_projection=0
impulse_pair_metric_correction=0
