cex1=-1.5
cey1=0.0
cez1=0.0
oriw1=-0.1774149916974994
orii1=-0.9304463890841438
orij1=0.057740103916918493
orik1=0.31537203135490255
lvx1=-0.38822740506501435
lvy1=-0.03551103454620906
lvz1=-0.6546028752174611
avx1=1.5560781924981257
avy1=-5.920620947554859
avz1=1.415374812042309
shx1=1.0
shy1=0.8
shz1=0.6
req1=1.0
rhos1=10.0
cex2=1.5
cey2=0.0
cez2=0.0
oriw2=-0.580676074076541
orii2=-0.5208944082547765
orij2=0.4031903157823358
orik2=-0.47845781601234394
lvx2=-0.3927614264001043
lvy2=-0.035925760003925444
lvz2=-0.6622478362983261
avx2=-0.2623575029563074
avy2=5.996003844949963
avz2=1.8594418615125414
shx2=1.0
shy2=0.8
shz2=0.6
req2=1.0
rhos2=10.0
rhof=1.0
ndiv=2
tend=100.0
dt=0.05
tprint=1
logevery=100
nbody=2
impulse_scheme=1
energy_projection=0
impulse_pair_metric_correction=0
