cex1=-4.0
cey1=0.0
cez1=0.0
oriw1=0.6868889651934036
orii1=0.2888214115386207
orij1=0.3799776085662328
orik1=0.5480718554356357
lvx1=5.00630773418963
lvy1=0.15971413883759558
lvz1=2.4652510256006916
avx1=5.362884288710982
avy1=0.8691254603483844
avz1=3.1563445066133946
shx1=1.03
shy1=1.0
shz1=0.970873786407767
req1=1.0
rhos1=1.0
cex2=4.0
cey2=0.0
cez2=0.0
oriw2=-0.56204864685298
orii2=0.3246788094188888
orij2=0.5479387509694337
orik2=-0.5276818307191599
lvx2=5.103802757851284
lvy2=0.1628244817433524
lvz2=2.513260400939614
avx2=-1.7520362422032234
avy2=-0.5667777995594345
avz2=-6.007291364358017
shx2=1.03
shy2=1.0
shz2=0.970873786407767
req2=1.0
rhos2=1.0
rhof=1.0
ndiv=2
tend=100.0
dt=0.05
tprint=1
logevery=100
nbody=2
impulse_scheme=1
energy_projection=0
impulse_pair_metric_correction=0
