cex1=-4.0
cey1=0.0
cez1=0.0
oriw1=-0.025749183153412646
orii1=-0.5947626944313719
orij1=0.7938806644051329
orik1=-0.12388626866336488
lvx1=3.5113444573717554
lvy1=-3.4463539400882217
lvz1=-2.6881304507652666
avx1=-5.015612995377142
avy1=-2.908443686696854
avz1=-2.4213630884843718
shx1=1.01
shy1=1.0
shz1=0.9900990099009901
req1=1.0
rhos1=1.0
cex2=4.0
cey2=0.0
cez2=0.0
oriw2=0.26280801128941916
orii2=0.09150647832754438
orij2=0.7655993442460202
orik2=0.5800139288984835
lvx2=4.693883879110839
lvy2=-4.607006062059364
lvz2=-3.5934304768374825
avx2=-3.220972522917751
avy2=-4.907492876658213
avz2=2.2405952951202908
shx2=2.0
shy2=1.0
shz2=0.5
req2=1.0
rhos2=1.0
rhof=1.0
ndiv=2
tend=100.0
dt=0.05
tprint=1
logevery=100
nbody=2
impulse_scheme=1
energy_projection=0
impulse_pair_metric_correction=0
