cex1=-4.0
cey1=0.0
cez1=0.0
oriw1=-0.5558174711535703
orii1=0.0360255730009824
orij1=0.8247409541657494
orik1=-0.09783381507520873
lvx1=7.755488223489979
lvy1=-7.008632333894193
lvz1=-0.4348199687485343
avx1=-2.4574397929364284
avy1=-2.161995238569887
avz1=5.3633183624367415
shx1=2.0
shy1=2.0
shz1=0.25
req1=1.0
rhos1=1.0
cex2=4.0
cey2=0.0
cez2=0.0
oriw2=0.35516691911812454
orii2=-0.9274770727112857
orij2=0.013972483247983135
orik2=-0.11596339453003675
lvx2=4.165921262678589
lvy2=-3.764741770045215
lvz2=-0.23356695298179628
avx2=-3.999241790026101
avy2=2.5987419604137028
avz2=4.090357311097821
shx2=1.0
shy2=1.0
shz2=1.0
req2=1.0
rhos2=1.0
rhof=1.0
ndiv=2
tend=100.0
dt=0.05
tprint=1
logevery=100
nbody=2
impulse_scheme=1
energy_projection=0
impulse_pair_metric_correction=0
