cex1=-4.0
cey1=0.0
cez1=0.0
oriw1=0.48008106870886136
orii1=0.0228303157314571
orij1=0.12199230918428193
orik1=0.8684001500753246
lvx1=-0.6535600808524914
lvy1=-0.5839987923004505
lvz1=1.0023524517592572
avx1=-1.1472442936752016
avy1=-3.837829073744325
avz1=-4.840797055827676
shx1=1.0
shy1=0.8
shz1=0.6
req1=1.0
rhos1=4.0
cex2=4.0
cey2=0.0
cez2=0.0
oriw2=0.19007110035932132
orii2=0.2970158521792123
orij2=-0.6336578237930012
orik2=-0.6885726706080999
lvx2=-0.6332979677515157
lvy2=-0.5658932654681046
lvz2=0.9712768409017296
avx2=-3.1370338688478925
avy2=2.876835069251506
avz2=4.621823892618945
shx2=1.0
shy2=0.8
shz2=0.6
req2=1.0
rhos2=4.0
rhof=1.0
ndiv=2
tend=100.0
dt=0.05
tprint=1
logevery=100
nbody=2
impulse_scheme=1
energy_projection=0
impulse_pair_metric_correction=0
