cex1=-4.0
cey1=0.0
cez1=0.0
oriw1=-0.1828373810198647
orii1=-0.05103662278518477
orij1=0.09510730935466463
orik1=0.9772002634791886
lvx1=-3.401097185078011
lvy1=-4.701470713714214
lvz1=-1.5676989753111332
avx1=-0.4052495713845765
avy1=-5.815170743828798
avz1=2.344777091616104
shx1=1.2100000000000002
shy1=0.9090909090909091
shz1=0.9090909090909091
req1=1.0
rhos1=1.0
cex2=4.0
cey2=0.0
cez2=0.0
oriw2=0.307170829943121
orii2=0.5740827308451543
orij2=0.7457306964344256
orik2=0.14128279361921964
lvx2=-8.799357742025073
lvy2=-12.163699086615903
lvz2=-4.055968813855692
avx2=1.5313941810306855
avy2=-6.06321627319352
avz2=0.6088167960430123
shx2=4.0
shy2=0.5
shz2=0.5
req2=1.0
rhos2=1.0
rhof=1.0
ndiv=2
tend=100.0
dt=0.05
tprint=1
logevery=100
nbody=2
impulse_scheme=1
energy_projection=0
impulse_pair_metric_correction=0
