cex1=-5.5
cey1=0.0
cez1=0.0
oriw1=-0.7332857898097385
orii1=-0.2291641089485872
orij1=-0.3443787179404095
orik1=0.5396101002229555
lvx1=-0.8895401825723778
lvy1=-0.2975428622593036
lvz1=0.6094332628755951
avx1=5.609983308157401
avy1=1.467300926600224
avz1=2.4194075467665455
shx1=1.0
shy1=0.7
shz1=0.7
req1=1.0
rhos1=4.0
cex2=5.5
cey2=0.0
cez2=0.0
oriw2=0.48053649641043716
orii2=0.5191213160309747
orij2=0.5980254269967672
orik2=-0.37678020585639177
lvx2=-0.8931037445571529
lvy2=-0.298734840377394
lvz2=0.6118746963829164
avx2=-5.549649749806908
avy2=-0.8210061861027842
avz2=2.829444132900758
shx2=1.0
shy2=0.7
shz2=0.7
req2=1.0
rhos2=4.0
rhof=1.0
ndiv=2
tend=100.0
dt=0.05
tprint=1
logevery=100
nbody=2
impulse_scheme=1
energy_projection=0
impulse_pair_metric_correction=0
