cex1=-4.0
cey1=0.0
cez1=0.0
oriw1=0.49010247636676807
orii1=-0.39859737719645555
orij1=-0.7740325697546154
orik1=0.04234707203968582
lvx1=2.0880436096816983
lvy1=5.227810446989613
lvz1=-0.47012969474076116
avx1=-0.2750121723714468
avy1=3.862734486040165
avz1=-4.9479357513776385
shx1=1.0201
shy1=0.9900990099009901
shz1=0.9900990099009901
req1=1.0
rhos1=1.0
cex2=4.0
cey2=0.0
cez2=0.0
oriw2=0.14618811281659055
orii2=-0.19898239951301303
orij2=0.4032630743909822
orik2=0.881143537221888
lvx2=2.0772777013645696
lvy2=5.200855967825167
lvz2=-0.46770571606173805
avx2=-3.4753605857018743
avy2=-5.144428617512552
avz2=-0.967026681651161
shx2=1.0
shy2=1.0
shz2=1.0
req2=1.0
rhos2=1.0
rhof=1.0
ndiv=2
tend=100.0
dt=0.05
tprint=1
logevery=100
nbody=2
impulse_scheme=1
energy_projection=0
impulse_pair_metric_correction=0
