cex1=-2.5
cey1=0.0
cez1=0.0
oriw1=0.11497648534341101
orii1=0.6661489517488833
orij1=-0.734937589314425
orik1=0.053784028434488027
lvx1=0.10102517572625852
lvy1=-1.3017561685932664
lvz1=0.11882726749009351
avx1=0.35316083119468145
avy1=5.505492252738061
avz1=-3.007199708484376
shx1=1.0
shy1=0.7
shz1=0.7
req1=1.0
rhos1=4.0
cex2=2.5
cey2=0.0
cez2=0.0
oriw2=0.9325173590004435
orii2=0.0699036850166065
orij2=0.13250932253166603
orik2=-0.328581998025053
lvx2=0.0901845225570981
lvy2=-1.1620693327814409
lvz2=0.10607633501570106
avx2=-4.850208169791062
avy2=-3.9934954185881013
avz2=0.07676363569632359
shx2=1.0
shy2=0.7
shz2=0.7
req2=1.0
rhos2=4.0
rhof=1.0
ndiv=2
tend=100.0
dt=0.05
tprint=1
logevery=100
nbody=2
impulse_scheme=1
energy_projection=0
impulse_pair_metric_correction=0
