cex1=-1.5
cey1=0.0
cez1=0.0
oriw1=0.631136998295359
orii1=0.3862399331548523
orij1=-0.6233796314457994
orik1=-0.2527501503812778
lvx1=0.09359921453083393
lvy1=3.305104774213099
lvz1=0.990354419943632
avx1=3.289355764517879
avy1=3.2973687629878503
avz1=4.217335118254465
shx1=1.0
shy1=0.8
shz1=0.6
req1=1.0
rhos1=0.3
cex2=1.5
cey2=0.0
cez2=0.0
oriw2=-0.14805600072417746
orii2=-0.6642857516790177
orij2=-0.1329175525283216
orik2=-0.7205114745760027
lvx2=0.09146893819403526
lvy2=3.229882065064967
lvz2=0.9678143954741436
avx2=-2.029800783307462
avy2=5.915220387343833
avz2=-0.6070371929245524
shx2=1.0
shy2=0.8
shz2=0.6
req2=1.0
rhos2=0.3
rhof=1.0
ndiv=2
tend=100.0
dt=0.05
tprint=1
logevery=100
nbody=2
impulse_scheme=1
energy_projection=0
impulse_pair_metric_correction=0
