cex1=-4.0
cey1=0.0
cez1=0.0
oriw1=-0.5139623081232315
orii1=-0.5177609540973706
orij1=-0.6765819744627266
orik1=-0.10001585910713938
lvx1=13.184541973389212
lvy1=-3.493737640298888
lvz1=5.4707407038870155
avx1=-2.5399150351947943
avy1=5.577578493128948
avz1=1.3848708861602486
shx1=4.0
shy1=0.5
shz1=0.5
req1=1.0
rhos1=1.0
cex2=4.0
cey2=0.0
cez2=0.0
oriw2=0.08655485120632248
orii2=0.35331045870374533
orij2=0.3189957354131498
orik2=-0.8751695254585959
lvx2=13.046776873668312
lvy2=-3.457231623223294
lvz2=5.413577008694619
avx2=-2.6765311924251094
avy2=5.271880522060795
avz2=-2.1264698778606896
shx2=4.0
shy2=0.5
shz2=0.5
req2=1.0
rhos2=1.0
rhof=1.0
ndiv=2
tend=100.0
dt=0.05
tprint=1
logevery=100
nbody=2
impulse_scheme=1
energy_projection=0
impulse_pair_metric_correction=0
