cex1=-2.5
cey1=0.0
cez1=0.0
oriw1=0.14209425128867484
orii1=-0.10505777204235962
orij1=-0.922765461623716
orik1=-0.34245582360149307
lvx1=0.2042821023913152
lvy1=-1.2951183591559952
lvz1=-0.23759530767174195
avx1=2.57708633383951
avy1=-1.497639619356457
avz1=-5.531195097158381
shx1=1.0
shy1=0.8
shz1=0.6
req1=1.0
rhos1=10.0
cex2=2.5
cey2=0.0
cez2=0.0
oriw2=-0.2062588427624645
orii2=-0.7973844242827846
orij2=0.3097287442360908
orik2=0.4750825977526807
lvx2=0.20987609565200158
lvy2=-1.3305834502633493
lvz2=-0.24410153868428777
avx2=-1.4966959801999518
avy2=-0.6580171107770713
avz2=-6.066739835293363
shx2=1.0
shy2=0.8
shz2=0.6
req2=1.0
rhos2=10.0
rhof=1.0
ndiv=2
tend=100.0
dt=0.05
tprint=1
logevery=100
nbody=2
impulse_scheme=1
energy_projection=0
impulse_pair_metric_correction=0
