cex1=-4.0
cey1=0.0
cez1=0.0
oriw1=-0.03821862708941373
orii1=-0.5316725543672268
orij1=-0.0787600936523345
orik1=-0.8424134846522248
lvx1=5.511628327648497
lvy1=0.23691464942826446
lvz1=-1.0275941501356514
avx1=-2.9582584772472087
avy1=5.53584662781728
avz1=0.28552845643912567
shx1=1.003
shy1=1.003
shz1=0.9940268924035474
req1=1.0
rhos1=1.0
cex2=4.0
cey2=0.0
cez2=0.0
oriw2=0.726169185817526
orii2=-0.5822140461557651
orij2=-0.30125238402275917
orik2=0.2072489303920481
lvx2=5.5334367456319535
lvy2=0.23785207361472804
lvz2=-1.0316601359770938
avx2=0.2246222832693613
avy2=-2.123931303230905
avz2=5.909050537385186
shx2=1.003
shy2=1.003
shz2=0.9940268924035474
req2=1.0
rhos2=1.0
rhof=1.0
ndiv=2
tend=100.0
dt=0.05
tprint=1
logevery=100
nbody=2
impulse_scheme=1
energy_projection=0
impulse_pair_metric_correction=0
