cex1=-4.0
cey1=0.0
cez1=0.0
oriw1=1.0
orii1=2.0
orij1=0.0
orik1=0.0
lvx1=0.010471062393033581
lvy1=0.22972808551425627
lvz1=0.6387733615855743
avx1=5.575098037877934
avy1=-0.5940449355019848
avz1=-2.836161153215995
shx1=1.0
shy1=0.7
shz1=0.7
req1=1.0
rhos1=0.1
cex2=4.0
cey2=0.0
cez2=0.0
oriw2=1.0
orii2=0.0
orij2=1.0
orik2=0.0
lvx2=0.011459999809444048
lvy2=0.2514247091077265
lvz2=0.699102185363622
avx2=3.7966896341980663
avy2=-0.08369573416341292
avz2=-5.0056528495305415
shx2=1.0
shy2=0.7
shz2=0.7
req2=1.0
rhos2=0.1
rhof=1.0
ndiv=2
tend=100.0
dt=0.05
tprint=1
logevery=100
nbody=2
impulse_scheme=1
energy_projection=0
impulse_pair_metric_correction=0
