cex1=-2.5
cey1=0.0
cez1=0.0
oriw1=0.06992464091182461
orii1=0.6570626325404563
orij1=0.14349110270926904
orik1=-0.7367425228365985
lvx1=-0.5164404510507803
lvy1=-0.2907320395444336
lvz1=1.1697711305496616
avx1=0.27830291514860445
avy1=0.7425642686177425
avz1=6.232941793306706
shx1=1.0
shy1=0.7
shz1=0.7
req1=1.0
rhos1=0.3
cex2=2.5
cey2=0.0
cez2=0.0
oriw2=0.15818658717933923
orii2=0.5955885774468145
orij2=-0.38484457410727524
orik2=0.687128738906781
lvx2=-0.5156282477483748
lvy2=-0.29027480672668543
lvz2=1.1679314373704035
avx2=-0.663106060112752
avy2=4.708254614710955
avz2=-4.107437941156526
shx2=1.0
shy2=0.7
shz2=0.7
req2=1.0
rhos2=0.3
rhof=1.0
ndiv=2
tend=100.0
dt=0.05
tprint=1
logevery=100
nbody=2
impulse_scheme=1
energy_projection=0
impulse_pair_metric_correction=0
